-10.000000	0.016862	0.033848
-9.990000	0.016882	0.033872
-9.980000	0.016901	0.033897
-9.970000	0.016920	0.033921
-9.960000	0.016940	0.033945
-9.950000	0.016959	0.033969
-9.940000	0.016979	0.033993
-9.930000	0.016998	0.034017
-9.920000	0.017018	0.034041
-9.910000	0.017037	0.034065
-9.900000	0.017057	0.034089
-9.890000	0.017076	0.034113
-9.880000	0.017096	0.034137
-9.870000	0.017116	0.034161
-9.860000	0.017135	0.034185
-9.850000	0.017155	0.034209
-9.840000	0.017174	0.034233
-9.830000	0.017194	0.034256
-9.820000	0.017213	0.034280
-9.810000	0.017233	0.034304
-9.800000	0.017253	0.034328
-9.790000	0.017272	0.034351
-9.780000	0.017292	0.034375
-9.770000	0.017312	0.034398
-9.760000	0.017331	0.034422
-9.750000	0.017351	0.034446
-9.740000	0.017371	0.034469
-9.730000	0.017390	0.034493
-9.720000	0.017410	0.034516
-9.710000	0.017430	0.034539
-9.700000	0.017449	0.034563
-9.690000	0.017469	0.034586
-9.680000	0.017489	0.034609
-9.670000	0.017509	0.034633
-9.660000	0.017528	0.034656
-9.650000	0.017548	0.034679
-9.640000	0.017568	0.034702
-9.630000	0.017588	0.034726
-9.620000	0.017607	0.034749
-9.610000	0.017627	0.034772
-9.600000	0.017647	0.034795
-9.590000	0.017667	0.034818
-9.580000	0.017687	0.034841
-9.570000	0.017706	0.034864
-9.560000	0.017726	0.034887
-9.550000	0.017746	0.034910
-9.540000	0.017766	0.034933
-9.530000	0.017786	0.034955
-9.520000	0.017806	0.034978
-9.510000	0.017826	0.035001
-9.500000	0.017846	0.035024
-9.490000	0.017865	0.035046
-9.480000	0.017885	0.035069
-9.470000	0.017905	0.035092
-9.460000	0.017925	0.035114
-9.450000	0.017945	0.035137
-9.440000	0.017965	0.035160
-9.430000	0.017985	0.035182
-9.420000	0.018005	0.035205
-9.410000	0.018025	0.035227
-9.400000	0.018045	0.035249
-9.390000	0.018065	0.035272
-9.380000	0.018085	0.035294
-9.370000	0.018105	0.035316
-9.360000	0.018125	0.035339
-9.350000	0.018145	0.035361
-9.340000	0.018165	0.035383
-9.330000	0.018185	0.035405
-9.320000	0.018205	0.035428
-9.310000	0.018225	0.035450
-9.300000	0.018245	0.035472
-9.290000	0.018265	0.035494
-9.280000	0.018285	0.035516
-9.270000	0.018305	0.035538
-9.260000	0.018325	0.035560
-9.250000	0.018346	0.035582
-9.240000	0.018366	0.035604
-9.230000	0.018386	0.035625
-9.220000	0.018406	0.035647
-9.210000	0.018426	0.035669
-9.200000	0.018446	0.035691
-9.190000	0.018466	0.035712
-9.180000	0.018486	0.035734
-9.170000	0.018507	0.035756
-9.160000	0.018527	0.035777
-9.150000	0.018547	0.035799
-9.140000	0.018567	0.035820
-9.130000	0.018587	0.035842
-9.120000	0.018608	0.035863
-9.110000	0.018628	0.035885
-9.100000	0.018648	0.035906
-9.090000	0.018668	0.035927
-9.080000	0.018689	0.035949
-9.070000	0.018709	0.035970
-9.060000	0.018729	0.035991
-9.050000	0.018749	0.036013
-9.040000	0.018770	0.036034
-9.030000	0.018790	0.036055
-9.020000	0.018810	0.036076
-9.010000	0.018831	0.036097
-9.000000	0.018851	0.036118
-8.990000	0.018871	0.036139
-8.980000	0.018891	0.036160
-8.970000	0.018912	0.036181
-8.960000	0.018932	0.036202
-8.950000	0.018952	0.036223
-8.940000	0.018973	0.036243
-8.930000	0.018993	0.036264
-8.920000	0.019014	0.036285
-8.910000	0.019034	0.036306
-8.900000	0.019054	0.036326
-8.890000	0.019075	0.036347
-8.880000	0.019095	0.036368
-8.870000	0.019116	0.036388
-8.860000	0.019136	0.036409
-8.850000	0.019156	0.036429
-8.840000	0.019177	0.036450
-8.830000	0.019197	0.036470
-8.820000	0.019218	0.036490
-8.810000	0.019238	0.036511
-8.800000	0.019259	0.036531
-8.790000	0.019279	0.036551
-8.780000	0.019300	0.036572
-8.770000	0.019320	0.036592
-8.760000	0.019341	0.036612
-8.750000	0.019361	0.036632
-8.740000	0.019382	0.036652
-8.730000	0.019402	0.036672
-8.720000	0.019423	0.036692
-8.710000	0.019443	0.036712
-8.700000	0.019464	0.036732
-8.690000	0.019484	0.036752
-8.680000	0.019505	0.036772
-8.670000	0.019526	0.036792
-8.660000	0.019546	0.036811
-8.650000	0.019567	0.036831
-8.640000	0.019587	0.036851
-8.630000	0.019608	0.036870
-8.620000	0.019629	0.036890
-8.610000	0.019649	0.036910
-8.600000	0.019670	0.036929
-8.590000	0.019690	0.036949
-8.580000	0.019711	0.036968
-8.570000	0.019732	0.036988
-8.560000	0.019752	0.037007
-8.550000	0.019773	0.037026
-8.540000	0.019794	0.037046
-8.530000	0.019814	0.037065
-8.520000	0.019835	0.037084
-8.510000	0.019856	0.037103
-8.500000	0.019876	0.037122
-8.490000	0.019897	0.037142
-8.480000	0.019918	0.037161
-8.470000	0.019939	0.037180
-8.460000	0.019959	0.037199
-8.450000	0.019980	0.037218
-8.440000	0.020001	0.037237
-8.430000	0.020022	0.037256
-8.420000	0.020042	0.037274
-8.410000	0.020063	0.037293
-8.400000	0.020084	0.037312
-8.390000	0.020105	0.037331
-8.380000	0.020125	0.037349
-8.370000	0.020146	0.037368
-8.360000	0.020167	0.037387
-8.350000	0.020188	0.037405
-8.340000	0.020209	0.037424
-8.330000	0.020230	0.037442
-8.320000	0.020250	0.037461
-8.310000	0.020271	0.037479
-8.300000	0.020292	0.037497
-8.290000	0.020313	0.037516
-8.280000	0.020334	0.037534
-8.270000	0.020355	0.037552
-8.260000	0.020375	0.037571
-8.250000	0.020396	0.037589
-8.240000	0.020417	0.037607
-8.230000	0.020438	0.037625
-8.220000	0.020459	0.037643
-8.210000	0.020480	0.037661
-8.200000	0.020501	0.037679
-8.190000	0.020522	0.037697
-8.180000	0.020543	0.037715
-8.170000	0.020564	0.037733
-8.160000	0.020585	0.037750
-8.150000	0.020606	0.037768
-8.140000	0.020627	0.037786
-8.130000	0.020648	0.037804
-8.120000	0.020669	0.037821
-8.110000	0.020689	0.037839
-8.100000	0.020710	0.037856
-8.090000	0.020731	0.037874
-8.080000	0.020752	0.037891
-8.070000	0.020773	0.037909
-8.060000	0.020794	0.037926
-8.050000	0.020816	0.037944
-8.040000	0.020837	0.037961
-8.030000	0.020858	0.037978
-8.020000	0.020879	0.037995
-8.010000	0.020900	0.038013
-8.000000	0.020921	0.038030
-7.990000	0.020942	0.038047
-7.980000	0.020963	0.038064
-7.970000	0.020984	0.038081
-7.960000	0.021005	0.038098
-7.950000	0.021026	0.038115
-7.940000	0.021047	0.038132
-7.930000	0.021068	0.038149
-7.920000	0.021089	0.038165
-7.910000	0.021111	0.038182
-7.900000	0.021132	0.038199
-7.890000	0.021153	0.038216
-7.880000	0.021174	0.038232
-7.870000	0.021195	0.038249
-7.860000	0.021216	0.038265
-7.850000	0.021237	0.038282
-7.840000	0.021259	0.038298
-7.830000	0.021280	0.038315
-7.820000	0.021301	0.038331
-7.810000	0.021322	0.038348
-7.800000	0.021343	0.038364
-7.790000	0.021364	0.038380
-7.780000	0.021386	0.038396
-7.770000	0.021407	0.038412
-7.760000	0.021428	0.038429
-7.750000	0.021449	0.038445
-7.740000	0.021470	0.038461
-7.730000	0.021492	0.038477
-7.720000	0.021513	0.038493
-7.710000	0.021534	0.038509
-7.700000	0.021555	0.038525
-7.690000	0.021577	0.038540
-7.680000	0.021598	0.038556
-7.670000	0.021619	0.038572
-7.660000	0.021640	0.038588
-7.650000	0.021662	0.038603
-7.640000	0.021683	0.038619
-7.630000	0.021704	0.038634
-7.620000	0.021726	0.038650
-7.610000	0.021747	0.038666
-7.600000	0.021768	0.038681
-7.590000	0.021790	0.038696
-7.580000	0.021811	0.038712
-7.570000	0.021832	0.038727
-7.560000	0.021854	0.038742
-7.550000	0.021875	0.038758
-7.540000	0.021896	0.038773
-7.530000	0.021918	0.038788
-7.520000	0.021939	0.038803
-7.510000	0.021960	0.038818
-7.500000	0.021982	0.038833
-7.490000	0.022003	0.038848
-7.480000	0.022024	0.038863
-7.470000	0.022046	0.038878
-7.460000	0.022067	0.038893
-7.450000	0.022089	0.038907
-7.440000	0.022110	0.038922
-7.430000	0.022131	0.038937
-7.420000	0.022153	0.038952
-7.410000	0.022174	0.038966
-7.400000	0.022196	0.038981
-7.390000	0.022217	0.038995
-7.380000	0.022239	0.039010
-7.370000	0.022260	0.039024
-7.360000	0.022281	0.039039
-7.350000	0.022303	0.039053
-7.340000	0.022324	0.039067
-7.330000	0.022346	0.039082
-7.320000	0.022367	0.039096
-7.310000	0.022389	0.039110
-7.300000	0.022410	0.039124
-7.290000	0.022432	0.039138
-7.280000	0.022453	0.039152
-7.270000	0.022475	0.039166
-7.260000	0.022496	0.039180
-7.250000	0.022518	0.039194
-7.240000	0.022539	0.039208
-7.230000	0.022561	0.039222
-7.220000	0.022582	0.039236
-7.210000	0.022604	0.039249
-7.200000	0.022625	0.039263
-7.190000	0.022647	0.039277
-7.180000	0.022668	0.039290
-7.170000	0.022690	0.039304
-7.160000	0.022712	0.039317
-7.150000	0.022733	0.039331
-7.140000	0.022755	0.039344
-7.130000	0.022776	0.039358
-7.120000	0.022798	0.039371
-7.110000	0.022819	0.039384
-7.100000	0.022841	0.039397
-7.090000	0.022863	0.039411
-7.080000	0.022884	0.039424
-7.070000	0.022906	0.039437
-7.060000	0.022927	0.039450
-7.050000	0.022949	0.039463
-7.040000	0.022971	0.039476
-7.030000	0.022992	0.039489
-7.020000	0.023014	0.039502
-7.010000	0.023035	0.039515
-7.000000	0.023057	0.039527
-6.990000	0.023079	0.039540
-6.980000	0.023100	0.039553
-6.970000	0.023122	0.039565
-6.960000	0.023144	0.039578
-6.950000	0.023165	0.039591
-6.940000	0.023187	0.039603
-6.930000	0.023209	0.039616
-6.920000	0.023230	0.039628
-6.910000	0.023252	0.039640
-6.900000	0.023274	0.039653
-6.890000	0.023295	0.039665
-6.880000	0.023317	0.039677
-6.870000	0.023339	0.039689
-6.860000	0.023360	0.039702
-6.850000	0.023382	0.039714
-6.840000	0.023404	0.039726
-6.830000	0.023426	0.039738
-6.820000	0.023447	0.039750
-6.810000	0.023469	0.039762
-6.800000	0.023491	0.039773
-6.790000	0.023512	0.039785
-6.780000	0.023534	0.039797
-6.770000	0.023556	0.039809
-6.760000	0.023578	0.039820
-6.750000	0.023599	0.039832
-6.740000	0.023621	0.039844
-6.730000	0.023643	0.039855
-6.720000	0.023665	0.039867
-6.710000	0.023686	0.039878
-6.700000	0.023708	0.039890
-6.690000	0.023730	0.039901
-6.680000	0.023752	0.039912
-6.670000	0.023774	0.039924
-6.660000	0.023795	0.039935
-6.650000	0.023817	0.039946
-6.640000	0.023839	0.039957
-6.630000	0.023861	0.039968
-6.620000	0.023883	0.039979
-6.610000	0.023904	0.039990
-6.600000	0.023926	0.040001
-6.590000	0.023948	0.040012
-6.580000	0.023970	0.040023
-6.570000	0.023992	0.040034
-6.560000	0.024013	0.040045
-6.550000	0.024035	0.040055
-6.540000	0.024057	0.040066
-6.530000	0.024079	0.040077
-6.520000	0.024101	0.040087
-6.510000	0.024123	0.040098
-6.500000	0.024144	0.040108
-6.490000	0.024166	0.040119
-6.480000	0.024188	0.040129
-6.470000	0.024210	0.040139
-6.460000	0.024232	0.040150
-6.450000	0.024254	0.040160
-6.440000	0.024276	0.040170
-6.430000	0.024297	0.040180
-6.420000	0.024319	0.040190
-6.410000	0.024341	0.040200
-6.400000	0.024363	0.040210
-6.390000	0.024385	0.040220
-6.380000	0.024407	0.040230
-6.370000	0.024429	0.040240
-6.360000	0.024451	0.040250
-6.350000	0.024473	0.040260
-6.340000	0.024495	0.040270
-6.330000	0.024516	0.040279
-6.320000	0.024538	0.040289
-6.310000	0.024560	0.040298
-6.300000	0.024582	0.040308
-6.290000	0.024604	0.040317
-6.280000	0.024626	0.040327
-6.270000	0.024648	0.040336
-6.260000	0.024670	0.040346
-6.250000	0.024692	0.040355
-6.240000	0.024714	0.040364
-6.230000	0.024736	0.040373
-6.220000	0.024758	0.040383
-6.210000	0.024780	0.040392
-6.200000	0.024801	0.040401
-6.190000	0.024823	0.040410
-6.180000	0.024845	0.040419
-6.170000	0.024867	0.040428
-6.160000	0.024889	0.040437
-6.150000	0.024911	0.040446
-6.140000	0.024933	0.040454
-6.130000	0.024955	0.040463
-6.120000	0.024977	0.040472
-6.110000	0.024999	0.040480
-6.100000	0.025021	0.040489
-6.090000	0.025043	0.040498
-6.080000	0.025065	0.040506
-6.070000	0.025087	0.040515
-6.060000	0.025109	0.040523
-6.050000	0.025131	0.040531
-6.040000	0.025153	0.040540
-6.030000	0.025175	0.040548
-6.020000	0.025197	0.040556
-6.010000	0.025219	0.040564
-6.000000	0.025241	0.040572
-5.990000	0.025263	0.040581
-5.980000	0.025285	0.040589
-5.970000	0.025307	0.040597
-5.960000	0.025329	0.040605
-5.950000	0.025351	0.040612
-5.940000	0.025373	0.040620
-5.930000	0.025395	0.040628
-5.920000	0.025417	0.040636
-5.910000	0.025439	0.040644
-5.900000	0.025461	0.040651
-5.890000	0.025483	0.040659
-5.880000	0.025505	0.040666
-5.870000	0.025527	0.040674
-5.860000	0.025549	0.040681
-5.850000	0.025571	0.040689
-5.840000	0.025593	0.040696
-5.830000	0.025615	0.040703
-5.820000	0.025637	0.040711
-5.810000	0.025659	0.040718
-5.800000	0.025681	0.040725
-5.790000	0.025704	0.040732
-5.780000	0.025726	0.040739
-5.770000	0.025748	0.040746
-5.760000	0.025770	0.040753
-5.750000	0.025792	0.040760
-5.740000	0.025814	0.040767
-5.730000	0.025836	0.040774
-5.720000	0.025858	0.040781
-5.710000	0.025880	0.040788
-5.700000	0.025902	0.040794
-5.690000	0.025924	0.040801
-5.680000	0.025946	0.040808
-5.670000	0.025968	0.040814
-5.660000	0.025990	0.040821
-5.650000	0.026012	0.040827
-5.640000	0.026034	0.040834
-5.630000	0.026056	0.040840
-5.620000	0.026079	0.040846
-5.610000	0.026101	0.040853
-5.600000	0.026123	0.040859
-5.590000	0.026145	0.040865
-5.580000	0.026167	0.040871
-5.570000	0.026189	0.040877
-5.560000	0.026211	0.040883
-5.550000	0.026233	0.040889
-5.540000	0.026255	0.040895
-5.530000	0.026277	0.040901
-5.520000	0.026299	0.040907
-5.510000	0.026321	0.040913
-5.500000	0.026343	0.040919
-5.490000	0.026366	0.040924
-5.480000	0.026388	0.040930
-5.470000	0.026410	0.040936
-5.460000	0.026432	0.040941
-5.450000	0.026454	0.040947
-5.440000	0.026476	0.040952
-5.430000	0.026498	0.040958
-5.420000	0.026520	0.040963
-5.410000	0.026542	0.040968
-5.400000	0.026564	0.040973
-5.390000	0.026586	0.040979
-5.380000	0.026609	0.040984
-5.370000	0.026631	0.040989
-5.360000	0.026653	0.040994
-5.350000	0.026675	0.040999
-5.340000	0.026697	0.041004
-5.330000	0.026719	0.041009
-5.320000	0.026741	0.041014
-5.310000	0.026763	0.041019
-5.300000	0.026785	0.041024
-5.290000	0.026807	0.041028
-5.280000	0.026830	0.041033
-5.270000	0.026852	0.041038
-5.260000	0.026874	0.041042
-5.250000	0.026896	0.041047
-5.240000	0.026918	0.041052
-5.230000	0.026940	0.041056
-5.220000	0.026962	0.041060
-5.210000	0.026984	0.041065
-5.200000	0.027006	0.041069
-5.190000	0.027028	0.041073
-5.180000	0.027050	0.041078
-5.170000	0.027073	0.041082
-5.160000	0.027095	0.041086
-5.150000	0.027117	0.041090
-5.140000	0.027139	0.041094
-5.130000	0.027161	0.041098
-5.120000	0.027183	0.041102
-5.110000	0.027205	0.041106
-5.100000	0.027227	0.041110
-5.090000	0.027249	0.041114
-5.080000	0.027271	0.041117
-5.070000	0.027294	0.041121
-5.060000	0.027316	0.041125
-5.050000	0.027338	0.041128
-5.040000	0.027360	0.041132
-5.030000	0.027382	0.041135
-5.020000	0.027404	0.041139
-5.010000	0.027426	0.041142
-5.000000	0.027448	0.041146
-4.990000	0.027470	0.041149
-4.980000	0.027492	0.041152
-4.970000	0.027515	0.041156
-4.960000	0.027537	0.041159
-4.950000	0.027559	0.041162
-4.940000	0.027581	0.041165
-4.930000	0.027603	0.041168
-4.920000	0.027625	0.041171
-4.910000	0.027647	0.041174
-4.900000	0.027669	0.041177
-4.890000	0.027691	0.041180
-4.880000	0.027713	0.041183
-4.870000	0.027735	0.041185
-4.860000	0.027757	0.041188
-4.850000	0.027780	0.041191
-4.840000	0.027802	0.041193
-4.830000	0.027824	0.041196
-4.820000	0.027846	0.041198
-4.810000	0.027868	0.041201
-4.800000	0.027890	0.041203
-4.790000	0.027912	0.041206
-4.780000	0.027934	0.041208
-4.770000	0.027956	0.041210
-4.760000	0.027978	0.041213
-4.750000	0.028000	0.041215
-4.740000	0.028022	0.041217
-4.730000	0.028044	0.041219
-4.720000	0.028066	0.041221
-4.710000	0.028089	0.041223
-4.700000	0.028111	0.041225
-4.690000	0.028133	0.041227
-4.680000	0.028155	0.041229
-4.670000	0.028177	0.041231
-4.660000	0.028199	0.041233
-4.650000	0.028221	0.041234
-4.640000	0.028243	0.041236
-4.630000	0.028265	0.041238
-4.620000	0.028287	0.041239
-4.610000	0.028309	0.041241
-4.600000	0.028331	0.041242
-4.590000	0.028353	0.041244
-4.580000	0.028375	0.041245
-4.570000	0.028397	0.041246
-4.560000	0.028419	0.041248
-4.550000	0.028441	0.041249
-4.540000	0.028463	0.041250
-4.530000	0.028485	0.041251
-4.520000	0.028507	0.041253
-4.510000	0.028529	0.041254
-4.500000	0.028551	0.041255
-4.490000	0.028573	0.041256
-4.480000	0.028595	0.041257
-4.470000	0.028617	0.041257
-4.460000	0.028639	0.041258
-4.450000	0.028661	0.041259
-4.440000	0.028683	0.041260
-4.430000	0.028705	0.041261
-4.420000	0.028727	0.041261
-4.410000	0.028749	0.041262
-4.400000	0.028771	0.041262
-4.390000	0.028793	0.041263
-4.380000	0.028815	0.041263
-4.370000	0.028837	0.041264
-4.360000	0.028859	0.041264
-4.350000	0.028881	0.041264
-4.340000	0.028903	0.041265
-4.330000	0.028925	0.041265
-4.320000	0.028947	0.041265
-4.310000	0.028969	0.041265
-4.300000	0.028991	0.041265
-4.290000	0.029013	0.041265
-4.280000	0.029035	0.041265
-4.270000	0.029057	0.041265
-4.260000	0.029079	0.041265
-4.250000	0.029101	0.041265
-4.240000	0.029123	0.041265
-4.230000	0.029145	0.041265
-4.220000	0.029167	0.041265
-4.210000	0.029189	0.041264
-4.200000	0.029210	0.041264
-4.190000	0.029232	0.041263
-4.180000	0.029254	0.041263
-4.170000	0.029276	0.041263
-4.160000	0.029298	0.041262
-4.150000	0.029320	0.041261
-4.140000	0.029342	0.041261
-4.130000	0.029364	0.041260
-4.120000	0.029386	0.041259
-4.110000	0.029408	0.041259
-4.100000	0.029430	0.041258
-4.090000	0.029451	0.041257
-4.080000	0.029473	0.041256
-4.070000	0.029495	0.041255
-4.060000	0.029517	0.041254
-4.050000	0.029539	0.041253
-4.040000	0.029561	0.041252
-4.030000	0.029583	0.041251
-4.020000	0.029604	0.041250
-4.010000	0.029626	0.041248
-4.000000	0.029648	0.041247
-3.990000	0.029670	0.041246
-3.980000	0.029692	0.041244
-3.970000	0.029714	0.041243
-3.960000	0.029735	0.041241
-3.950000	0.029757	0.041240
-3.940000	0.029779	0.041238
-3.930000	0.029801	0.041237
-3.920000	0.029823	0.041235
-3.910000	0.029845	0.041233
-3.900000	0.029866	0.041232
-3.890000	0.029888	0.041230
-3.880000	0.029910	0.041228
-3.870000	0.029932	0.041226
-3.860000	0.029953	0.041224
-3.850000	0.029975	0.041222
-3.840000	0.029997	0.041220
-3.830000	0.030019	0.041218
-3.820000	0.030041	0.041216
-3.810000	0.030062	0.041214
-3.800000	0.030084	0.041212
-3.790000	0.030106	0.041210
-3.780000	0.030128	0.041207
-3.770000	0.030149	0.041205
-3.760000	0.030171	0.041203
-3.750000	0.030193	0.041200
-3.740000	0.030214	0.041198
-3.730000	0.030236	0.041195
-3.720000	0.030258	0.041193
-3.710000	0.030280	0.041190
-3.700000	0.030301	0.041188
-3.690000	0.030323	0.041185
-3.680000	0.030345	0.041182
-3.670000	0.030366	0.041179
-3.660000	0.030388	0.041177
-3.650000	0.030410	0.041174
-3.640000	0.030431	0.041171
-3.630000	0.030453	0.041168
-3.620000	0.030475	0.041165
-3.610000	0.030496	0.041162
-3.600000	0.030518	0.041159
-3.590000	0.030539	0.041156
-3.580000	0.030561	0.041153
-3.570000	0.030583	0.041149
-3.560000	0.030604	0.041146
-3.550000	0.030626	0.041143
-3.540000	0.030647	0.041139
-3.530000	0.030669	0.041136
-3.520000	0.030691	0.041133
-3.510000	0.030712	0.041129
-3.500000	0.030734	0.041126
-3.490000	0.030755	0.041122
-3.480000	0.030777	0.041118
-3.470000	0.030798	0.041115
-3.460000	0.030820	0.041111
-3.450000	0.030842	0.041107
-3.440000	0.030863	0.041104
-3.430000	0.030885	0.041100
-3.420000	0.030906	0.041096
-3.410000	0.030928	0.041092
-3.400000	0.030949	0.041088
-3.390000	0.030971	0.041084
-3.380000	0.030992	0.041080
-3.370000	0.031014	0.041076
-3.360000	0.031035	0.041072
-3.350000	0.031057	0.041068
-3.340000	0.031078	0.041063
-3.330000	0.031099	0.041059
-3.320000	0.031121	0.041055
-3.310000	0.031142	0.041050
-3.300000	0.031164	0.041046
-3.290000	0.031185	0.041042
-3.280000	0.031207	0.041037
-3.270000	0.031228	0.041033
-3.260000	0.031249	0.041028
-3.250000	0.031271	0.041024
-3.240000	0.031292	0.041019
-3.230000	0.031314	0.041014
-3.220000	0.031335	0.041009
-3.210000	0.031356	0.041005
-3.200000	0.031378	0.041000
-3.190000	0.031399	0.040995
-3.180000	0.031420	0.040990
-3.170000	0.031442	0.040985
-3.160000	0.031463	0.040980
-3.150000	0.031484	0.040975
-3.140000	0.031506	0.040970
-3.130000	0.031527	0.040965
-3.120000	0.031548	0.040960
-3.110000	0.031569	0.040955
-3.100000	0.031591	0.040949
-3.090000	0.031612	0.040944
-3.080000	0.031633	0.040939
-3.070000	0.031654	0.040933
-3.060000	0.031676	0.040928
-3.050000	0.031697	0.040922
-3.040000	0.031718	0.040917
-3.030000	0.031739	0.040911
-3.020000	0.031761	0.040906
-3.010000	0.031782	0.040900
-3.000000	0.031803	0.040894
-2.990000	0.031824	0.040889
-2.980000	0.031845	0.040883
-2.970000	0.031866	0.040877
-2.960000	0.031888	0.040871
-2.950000	0.031909	0.040865
-2.940000	0.031930	0.040860
-2.930000	0.031951	0.040854
-2.920000	0.031972	0.040848
-2.910000	0.031993	0.040842
-2.900000	0.032014	0.040835
-2.890000	0.032035	0.040829
-2.880000	0.032056	0.040823
-2.870000	0.032077	0.040817
-2.860000	0.032098	0.040811
-2.850000	0.032119	0.040804
-2.840000	0.032141	0.040798
-2.830000	0.032162	0.040792
-2.820000	0.032183	0.040785
-2.810000	0.032204	0.040779
-2.800000	0.032225	0.040772
-2.790000	0.032246	0.040766
-2.780000	0.032267	0.040759
-2.770000	0.032287	0.040752
-2.760000	0.032308	0.040746
-2.750000	0.032329	0.040739
-2.740000	0.032350	0.040732
-2.730000	0.032371	0.040726
-2.720000	0.032392	0.040719
-2.710000	0.032413	0.040712
-2.700000	0.032434	0.040705
-2.690000	0.032455	0.040698
-2.680000	0.032476	0.040691
-2.670000	0.032497	0.040684
-2.660000	0.032517	0.040677
-2.650000	0.032538	0.040670
-2.640000	0.032559	0.040663
-2.630000	0.032580	0.040655
-2.620000	0.032601	0.040648
-2.610000	0.032621	0.040641
-2.600000	0.032642	0.040634
-2.590000	0.032663	0.040626
-2.580000	0.032684	0.040619
-2.570000	0.032705	0.040611
-2.560000	0.032725	0.040604
-2.550000	0.032746	0.040596
-2.540000	0.032767	0.040589
-2.530000	0.032787	0.040581
-2.520000	0.032808	0.040573
-2.510000	0.032829	0.040566
-2.500000	0.032849	0.040558
-2.490000	0.032870	0.040550
-2.480000	0.032891	0.040543
-2.470000	0.032911	0.040535
-2.460000	0.032932	0.040527
-2.450000	0.032953	0.040519
-2.440000	0.032973	0.040511
-2.430000	0.032994	0.040503
-2.420000	0.033014	0.040495
-2.410000	0.033035	0.040487
-2.400000	0.033056	0.040479
-2.390000	0.033076	0.040471
-2.380000	0.033097	0.040462
-2.370000	0.033117	0.040454
-2.360000	0.033138	0.040446
-2.350000	0.033158	0.040437
-2.340000	0.033179	0.040429
-2.330000	0.033199	0.040421
-2.320000	0.033220	0.040412
-2.310000	0.033240	0.040404
-2.300000	0.033260	0.040395
-2.290000	0.033281	0.040387
-2.280000	0.033301	0.040378
-2.270000	0.033322	0.040370
-2.260000	0.033342	0.040361
-2.250000	0.033362	0.040352
-2.240000	0.033383	0.040343
-2.230000	0.033403	0.040335
-2.220000	0.033423	0.040326
-2.210000	0.033444	0.040317
-2.200000	0.033464	0.040308
-2.190000	0.033484	0.040299
-2.180000	0.033505	0.040290
-2.170000	0.033525	0.040281
-2.160000	0.033545	0.040272
-2.150000	0.033565	0.040263
-2.140000	0.033586	0.040254
-2.130000	0.033606	0.040245
-2.120000	0.033626	0.040235
-2.110000	0.033646	0.040226
-2.100000	0.033666	0.040217
-2.090000	0.033686	0.040208
-2.080000	0.033707	0.040198
-2.070000	0.033727	0.040189
-2.060000	0.033747	0.040179
-2.050000	0.033767	0.040170
-2.040000	0.033787	0.040160
-2.030000	0.033807	0.040151
-2.020000	0.033827	0.040141
-2.010000	0.033847	0.040132
-2.000000	0.033867	0.040122
-1.990000	0.033887	0.040112
-1.980000	0.033907	0.040103
-1.970000	0.033927	0.040093
-1.960000	0.033947	0.040083
-1.950000	0.033967	0.040073
-1.940000	0.033987	0.040063
-1.930000	0.034007	0.040053
-1.920000	0.034027	0.040043
-1.910000	0.034047	0.040034
-1.900000	0.034067	0.040023
-1.890000	0.034087	0.040013
-1.880000	0.034107	0.040003
-1.870000	0.034126	0.039993
-1.860000	0.034146	0.039983
-1.850000	0.034166	0.039973
-1.840000	0.034186	0.039963
-1.830000	0.034206	0.039952
-1.820000	0.034225	0.039942
-1.810000	0.034245	0.039932
-1.800000	0.034265	0.039921
-1.790000	0.034285	0.039911
-1.780000	0.034304	0.039900
-1.770000	0.034324	0.039890
-1.760000	0.034344	0.039879
-1.750000	0.034363	0.039869
-1.740000	0.034383	0.039858
-1.730000	0.034403	0.039847
-1.720000	0.034422	0.039837
-1.710000	0.034442	0.039826
-1.700000	0.034461	0.039815
-1.690000	0.034481	0.039804
-1.680000	0.034500	0.039794
-1.670000	0.034520	0.039783
-1.660000	0.034540	0.039772
-1.650000	0.034559	0.039761
-1.640000	0.034579	0.039750
-1.630000	0.034598	0.039739
-1.620000	0.034617	0.039728
-1.610000	0.034637	0.039717
-1.600000	0.034656	0.039706
-1.590000	0.034676	0.039695
-1.580000	0.034695	0.039683
-1.570000	0.034714	0.039672
-1.560000	0.034734	0.039661
-1.550000	0.034753	0.039650
-1.540000	0.034772	0.039638
-1.530000	0.034792	0.039627
-1.520000	0.034811	0.039616
-1.510000	0.034830	0.039604
-1.500000	0.034850	0.039593
-1.490000	0.034869	0.039581
-1.480000	0.034888	0.039570
-1.470000	0.034907	0.039558
-1.460000	0.034926	0.039546
-1.450000	0.034946	0.039535
-1.440000	0.034965	0.039523
-1.430000	0.034984	0.039511
-1.420000	0.035003	0.039500
-1.410000	0.035022	0.039488
-1.400000	0.035041	0.039476
-1.390000	0.035060	0.039464
-1.380000	0.035079	0.039452
-1.370000	0.035098	0.039441
-1.360000	0.035117	0.039429
-1.350000	0.035136	0.039417
-1.340000	0.035155	0.039405
-1.330000	0.035174	0.039393
-1.320000	0.035193	0.039380
-1.310000	0.035212	0.039368
-1.300000	0.035231	0.039356
-1.290000	0.035250	0.039344
-1.280000	0.035269	0.039332
-1.270000	0.035288	0.039320
-1.260000	0.035306	0.039307
-1.250000	0.035325	0.039295
-1.240000	0.035344	0.039283
-1.230000	0.035363	0.039270
-1.220000	0.035382	0.039258
-1.210000	0.035400	0.039245
-1.200000	0.035419	0.039233
-1.190000	0.035438	0.039220
-1.180000	0.035456	0.039208
-1.170000	0.035475	0.039195
-1.160000	0.035494	0.039183
-1.150000	0.035512	0.039170
-1.140000	0.035531	0.039157
-1.130000	0.035550	0.039145
-1.120000	0.035568	0.039132
-1.110000	0.035587	0.039119
-1.100000	0.035605	0.039106
-1.090000	0.035624	0.039093
-1.080000	0.035642	0.039081
-1.070000	0.035661	0.039068
-1.060000	0.035679	0.039055
-1.050000	0.035698	0.039042
-1.040000	0.035716	0.039029
-1.030000	0.035734	0.039016
-1.020000	0.035753	0.039003
-1.010000	0.035771	0.038990
-1.000000	0.035789	0.038976
-0.990000	0.035808	0.038963
-0.980000	0.035826	0.038950
-0.970000	0.035844	0.038937
-0.960000	0.035863	0.038924
-0.950000	0.035881	0.038910
-0.940000	0.035899	0.038897
-0.930000	0.035917	0.038884
-0.920000	0.035935	0.038870
-0.910000	0.035954	0.038857
-0.900000	0.035972	0.038843
-0.890000	0.035990	0.038830
-0.880000	0.036008	0.038816
-0.870000	0.036026	0.038803
-0.860000	0.036044	0.038789
-0.850000	0.036062	0.038776
-0.840000	0.036080	0.038762
-0.830000	0.036098	0.038748
-0.820000	0.036116	0.038735
-0.810000	0.036134	0.038721
-0.800000	0.036152	0.038707
-0.790000	0.036170	0.038693
-0.780000	0.036188	0.038680
-0.770000	0.036206	0.038666
-0.760000	0.036223	0.038652
-0.750000	0.036241	0.038638
-0.740000	0.036259	0.038624
-0.730000	0.036277	0.038610
-0.720000	0.036295	0.038596
-0.710000	0.036312	0.038582
-0.700000	0.036330	0.038568
-0.690000	0.036348	0.038554
-0.680000	0.036365	0.038540
-0.670000	0.036383	0.038526
-0.660000	0.036401	0.038511
-0.650000	0.036418	0.038497
-0.640000	0.036436	0.038483
-0.630000	0.036453	0.038469
-0.620000	0.036471	0.038454
-0.610000	0.036488	0.038440
-0.600000	0.036506	0.038426
-0.590000	0.036523	0.038411
-0.580000	0.036541	0.038397
-0.570000	0.036558	0.038383
-0.560000	0.036576	0.038368
-0.550000	0.036593	0.038354
-0.540000	0.036610	0.038339
-0.530000	0.036628	0.038324
-0.520000	0.036645	0.038310
-0.510000	0.036662	0.038295
-0.500000	0.036680	0.038281
-0.490000	0.036697	0.038266
-0.480000	0.036714	0.038251
-0.470000	0.036731	0.038236
-0.460000	0.036748	0.038222
-0.450000	0.036766	0.038207
-0.440000	0.036783	0.038192
-0.430000	0.036800	0.038177
-0.420000	0.036817	0.038162
-0.410000	0.036834	0.038147
-0.400000	0.036851	0.038133
-0.390000	0.036868	0.038118
-0.380000	0.036885	0.038103
-0.370000	0.036902	0.038088
-0.360000	0.036919	0.038072
-0.350000	0.036936	0.038057
-0.340000	0.036953	0.038042
-0.330000	0.036970	0.038027
-0.320000	0.036986	0.038012
-0.310000	0.037003	0.037997
-0.300000	0.037020	0.037982
-0.290000	0.037037	0.037966
-0.280000	0.037054	0.037951
-0.270000	0.037070	0.037936
-0.260000	0.037087	0.037920
-0.250000	0.037104	0.037905
-0.240000	0.037120	0.037890
-0.230000	0.037137	0.037874
-0.220000	0.037154	0.037859
-0.210000	0.037170	0.037843
-0.200000	0.037187	0.037828
-0.190000	0.037203	0.037812
-0.180000	0.037220	0.037797
-0.170000	0.037236	0.037781
-0.160000	0.037253	0.037766
-0.150000	0.037269	0.037750
-0.140000	0.037285	0.037734
-0.130000	0.037302	0.037719
-0.120000	0.037318	0.037703
-0.110000	0.037335	0.037687
-0.100000	0.037351	0.037672
-0.090000	0.037367	0.037656
-0.080000	0.037383	0.037640
-0.070000	0.037400	0.037624
-0.060000	0.037416	0.037608
-0.050000	0.037432	0.037592
-0.040000	0.037448	0.037576
-0.030000	0.037464	0.037560
-0.020000	0.037480	0.037544
-0.010000	0.037496	0.037528
-0.000000	0.037512	0.037512
0.010000	0.037528	0.037496
0.020000	0.037544	0.037480
0.030000	0.037560	0.037464
0.040000	0.037576	0.037448
0.050000	0.037592	0.037432
0.060000	0.037608	0.037416
0.070000	0.037624	0.037400
0.080000	0.037640	0.037383
0.090000	0.037656	0.037367
0.100000	0.037672	0.037351
0.110000	0.037687	0.037335
0.120000	0.037703	0.037318
0.130000	0.037719	0.037302
0.140000	0.037734	0.037285
0.150000	0.037750	0.037269
0.160000	0.037766	0.037253
0.170000	0.037781	0.037236
0.180000	0.037797	0.037220
0.190000	0.037812	0.037203
0.200000	0.037828	0.037187
0.210000	0.037843	0.037170
0.220000	0.037859	0.037154
0.230000	0.037874	0.037137
0.240000	0.037890	0.037120
0.250000	0.037905	0.037104
0.260000	0.037920	0.037087
0.270000	0.037936	0.037070
0.280000	0.037951	0.037054
0.290000	0.037966	0.037037
0.300000	0.037982	0.037020
0.310000	0.037997	0.037003
0.320000	0.038012	0.036986
0.330000	0.038027	0.036970
0.340000	0.038042	0.036953
0.350000	0.038057	0.036936
0.360000	0.038072	0.036919
0.370000	0.038088	0.036902
0.380000	0.038103	0.036885
0.390000	0.038118	0.036868
0.400000	0.038133	0.036851
0.410000	0.038147	0.036834
0.420000	0.038162	0.036817
0.430000	0.038177	0.036800
0.440000	0.038192	0.036783
0.450000	0.038207	0.036766
0.460000	0.038222	0.036748
0.470000	0.038236	0.036731
0.480000	0.038251	0.036714
0.490000	0.038266	0.036697
0.500000	0.038281	0.036680
0.510000	0.038295	0.036662
0.520000	0.038310	0.036645
0.530000	0.038324	0.036628
0.540000	0.038339	0.036610
0.550000	0.038354	0.036593
0.560000	0.038368	0.036576
0.570000	0.038383	0.036558
0.580000	0.038397	0.036541
0.590000	0.038411	0.036523
0.600000	0.038426	0.036506
0.610000	0.038440	0.036488
0.620000	0.038454	0.036471
0.630000	0.038469	0.036453
0.640000	0.038483	0.036436
0.650000	0.038497	0.036418
0.660000	0.038511	0.036401
0.670000	0.038526	0.036383
0.680000	0.038540	0.036365
0.690000	0.038554	0.036348
0.700000	0.038568	0.036330
0.710000	0.038582	0.036312
0.720000	0.038596	0.036295
0.730000	0.038610	0.036277
0.740000	0.038624	0.036259
0.750000	0.038638	0.036241
0.760000	0.038652	0.036223
0.770000	0.038666	0.036206
0.780000	0.038680	0.036188
0.790000	0.038693	0.036170
0.800000	0.038707	0.036152
0.810000	0.038721	0.036134
0.820000	0.038735	0.036116
0.830000	0.038748	0.036098
0.840000	0.038762	0.036080
0.850000	0.038776	0.036062
0.860000	0.038789	0.036044
0.870000	0.038803	0.036026
0.880000	0.038816	0.036008
0.890000	0.038830	0.035990
0.900000	0.038843	0.035972
0.910000	0.038857	0.035954
0.920000	0.038870	0.035935
0.930000	0.038884	0.035917
0.940000	0.038897	0.035899
0.950000	0.038910	0.035881
0.960000	0.038924	0.035863
0.970000	0.038937	0.035844
0.980000	0.038950	0.035826
0.990000	0.038963	0.035808
1.000000	0.038976	0.035789
1.010000	0.038990	0.035771
1.020000	0.039003	0.035753
1.030000	0.039016	0.035734
1.040000	0.039029	0.035716
1.050000	0.039042	0.035698
1.060000	0.039055	0.035679
1.070000	0.039068	0.035661
1.080000	0.039081	0.035642
1.090000	0.039093	0.035624
1.100000	0.039106	0.035605
1.110000	0.039119	0.035587
1.120000	0.039132	0.035568
1.130000	0.039145	0.035550
1.140000	0.039157	0.035531
1.150000	0.039170	0.035512
1.160000	0.039183	0.035494
1.170000	0.039195	0.035475
1.180000	0.039208	0.035456
1.190000	0.039220	0.035438
1.200000	0.039233	0.035419
1.210000	0.039245	0.035400
1.220000	0.039258	0.035382
1.230000	0.039270	0.035363
1.240000	0.039283	0.035344
1.250000	0.039295	0.035325
1.260000	0.039307	0.035306
1.270000	0.039320	0.035288
1.280000	0.039332	0.035269
1.290000	0.039344	0.035250
1.300000	0.039356	0.035231
1.310000	0.039368	0.035212
1.320000	0.039380	0.035193
1.330000	0.039393	0.035174
1.340000	0.039405	0.035155
1.350000	0.039417	0.035136
1.360000	0.039429	0.035117
1.370000	0.039441	0.035098
1.380000	0.039452	0.035079
1.390000	0.039464	0.035060
1.400000	0.039476	0.035041
1.410000	0.039488	0.035022
1.420000	0.039500	0.035003
1.430000	0.039511	0.034984
1.440000	0.039523	0.034965
1.450000	0.039535	0.034946
1.460000	0.039546	0.034926
1.470000	0.039558	0.034907
1.480000	0.039570	0.034888
1.490000	0.039581	0.034869
1.500000	0.039593	0.034850
1.510000	0.039604	0.034830
1.520000	0.039616	0.034811
1.530000	0.039627	0.034792
1.540000	0.039638	0.034772
1.550000	0.039650	0.034753
1.560000	0.039661	0.034734
1.570000	0.039672	0.034714
1.580000	0.039683	0.034695
1.590000	0.039695	0.034676
1.600000	0.039706	0.034656
1.610000	0.039717	0.034637
1.620000	0.039728	0.034617
1.630000	0.039739	0.034598
1.640000	0.039750	0.034579
1.650000	0.039761	0.034559
1.660000	0.039772	0.034540
1.670000	0.039783	0.034520
1.680000	0.039794	0.034500
1.690000	0.039804	0.034481
1.700000	0.039815	0.034461
1.710000	0.039826	0.034442
1.720000	0.039837	0.034422
1.730000	0.039847	0.034403
1.740000	0.039858	0.034383
1.750000	0.039869	0.034363
1.760000	0.039879	0.034344
1.770000	0.039890	0.034324
1.780000	0.039900	0.034304
1.790000	0.039911	0.034285
1.800000	0.039921	0.034265
1.810000	0.039932	0.034245
1.820000	0.039942	0.034225
1.830000	0.039952	0.034206
1.840000	0.039963	0.034186
1.850000	0.039973	0.034166
1.860000	0.039983	0.034146
1.870000	0.039993	0.034126
1.880000	0.040003	0.034107
1.890000	0.040013	0.034087
1.900000	0.040023	0.034067
1.910000	0.040034	0.034047
1.920000	0.040043	0.034027
1.930000	0.040053	0.034007
1.940000	0.040063	0.033987
1.950000	0.040073	0.033967
1.960000	0.040083	0.033947
1.970000	0.040093	0.033927
1.980000	0.040103	0.033907
1.990000	0.040112	0.033887
2.000000	0.040122	0.033867
2.010000	0.040132	0.033847
2.020000	0.040141	0.033827
2.030000	0.040151	0.033807
2.040000	0.040160	0.033787
2.050000	0.040170	0.033767
2.060000	0.040179	0.033747
2.070000	0.040189	0.033727
2.080000	0.040198	0.033707
2.090000	0.040208	0.033686
2.100000	0.040217	0.033666
2.110000	0.040226	0.033646
2.120000	0.040235	0.033626
2.130000	0.040245	0.033606
2.140000	0.040254	0.033586
2.150000	0.040263	0.033565
2.160000	0.040272	0.033545
2.170000	0.040281	0.033525
2.180000	0.040290	0.033505
2.190000	0.040299	0.033484
2.200000	0.040308	0.033464
2.210000	0.040317	0.033444
2.220000	0.040326	0.033423
2.230000	0.040335	0.033403
2.240000	0.040343	0.033383
2.250000	0.040352	0.033362
2.260000	0.040361	0.033342
2.270000	0.040370	0.033322
2.280000	0.040378	0.033301
2.290000	0.040387	0.033281
2.300000	0.040395	0.033260
2.310000	0.040404	0.033240
2.320000	0.040412	0.033220
2.330000	0.040421	0.033199
2.340000	0.040429	0.033179
2.350000	0.040437	0.033158
2.360000	0.040446	0.033138
2.370000	0.040454	0.033117
2.380000	0.040462	0.033097
2.390000	0.040471	0.033076
2.400000	0.040479	0.033056
2.410000	0.040487	0.033035
2.420000	0.040495	0.033014
2.430000	0.040503	0.032994
2.440000	0.040511	0.032973
2.450000	0.040519	0.032953
2.460000	0.040527	0.032932
2.470000	0.040535	0.032911
2.480000	0.040543	0.032891
2.490000	0.040550	0.032870
2.500000	0.040558	0.032849
2.510000	0.040566	0.032829
2.520000	0.040573	0.032808
2.530000	0.040581	0.032787
2.540000	0.040589	0.032767
2.550000	0.040596	0.032746
2.560000	0.040604	0.032725
2.570000	0.040611	0.032705
2.580000	0.040619	0.032684
2.590000	0.040626	0.032663
2.600000	0.040634	0.032642
2.610000	0.040641	0.032621
2.620000	0.040648	0.032601
2.630000	0.040655	0.032580
2.640000	0.040663	0.032559
2.650000	0.040670	0.032538
2.660000	0.040677	0.032517
2.670000	0.040684	0.032497
2.680000	0.040691	0.032476
2.690000	0.040698	0.032455
2.700000	0.040705	0.032434
2.710000	0.040712	0.032413
2.720000	0.040719	0.032392
2.730000	0.040726	0.032371
2.740000	0.040732	0.032350
2.750000	0.040739	0.032329
2.760000	0.040746	0.032308
2.770000	0.040752	0.032287
2.780000	0.040759	0.032267
2.790000	0.040766	0.032246
2.800000	0.040772	0.032225
2.810000	0.040779	0.032204
2.820000	0.040785	0.032183
2.830000	0.040792	0.032162
2.840000	0.040798	0.032141
2.850000	0.040804	0.032119
2.860000	0.040811	0.032098
2.870000	0.040817	0.032077
2.880000	0.040823	0.032056
2.890000	0.040829	0.032035
2.900000	0.040835	0.032014
2.910000	0.040842	0.031993
2.920000	0.040848	0.031972
2.930000	0.040854	0.031951
2.940000	0.040860	0.031930
2.950000	0.040865	0.031909
2.960000	0.040871	0.031888
2.970000	0.040877	0.031866
2.980000	0.040883	0.031845
2.990000	0.040889	0.031824
3.000000	0.040894	0.031803
3.010000	0.040900	0.031782
3.020000	0.040906	0.031761
3.030000	0.040911	0.031739
3.040000	0.040917	0.031718
3.050000	0.040922	0.031697
3.060000	0.040928	0.031676
3.070000	0.040933	0.031654
3.080000	0.040939	0.031633
3.090000	0.040944	0.031612
3.100000	0.040949	0.031591
3.110000	0.040955	0.031569
3.120000	0.040960	0.031548
3.130000	0.040965	0.031527
3.140000	0.040970	0.031506
3.150000	0.040975	0.031484
3.160000	0.040980	0.031463
3.170000	0.040985	0.031442
3.180000	0.040990	0.031420
3.190000	0.040995	0.031399
3.200000	0.041000	0.031378
3.210000	0.041005	0.031356
3.220000	0.041009	0.031335
3.230000	0.041014	0.031314
3.240000	0.041019	0.031292
3.250000	0.041024	0.031271
3.260000	0.041028	0.031249
3.270000	0.041033	0.031228
3.280000	0.041037	0.031207
3.290000	0.041042	0.031185
3.300000	0.041046	0.031164
3.310000	0.041050	0.031142
3.320000	0.041055	0.031121
3.330000	0.041059	0.031099
3.340000	0.041063	0.031078
3.350000	0.041068	0.031057
3.360000	0.041072	0.031035
3.370000	0.041076	0.031014
3.380000	0.041080	0.030992
3.390000	0.041084	0.030971
3.400000	0.041088	0.030949
3.410000	0.041092	0.030928
3.420000	0.041096	0.030906
3.430000	0.041100	0.030885
3.440000	0.041104	0.030863
3.450000	0.041107	0.030842
3.460000	0.041111	0.030820
3.470000	0.041115	0.030798
3.480000	0.041118	0.030777
3.490000	0.041122	0.030755
3.500000	0.041126	0.030734
3.510000	0.041129	0.030712
3.520000	0.041133	0.030691
3.530000	0.041136	0.030669
3.540000	0.041139	0.030647
3.550000	0.041143	0.030626
3.560000	0.041146	0.030604
3.570000	0.041149	0.030583
3.580000	0.041153	0.030561
3.590000	0.041156	0.030539
3.600000	0.041159	0.030518
3.610000	0.041162	0.030496
3.620000	0.041165	0.030475
3.630000	0.041168	0.030453
3.640000	0.041171	0.030431
3.650000	0.041174	0.030410
3.660000	0.041177	0.030388
3.670000	0.041179	0.030366
3.680000	0.041182	0.030345
3.690000	0.041185	0.030323
3.700000	0.041188	0.030301
3.710000	0.041190	0.030280
3.720000	0.041193	0.030258
3.730000	0.041195	0.030236
3.740000	0.041198	0.030214
3.750000	0.041200	0.030193
3.760000	0.041203	0.030171
3.770000	0.041205	0.030149
3.780000	0.041207	0.030128
3.790000	0.041210	0.030106
3.800000	0.041212	0.030084
3.810000	0.041214	0.030062
3.820000	0.041216	0.030041
3.830000	0.041218	0.030019
3.840000	0.041220	0.029997
3.850000	0.041222	0.029975
3.860000	0.041224	0.029953
3.870000	0.041226	0.029932
3.880000	0.041228	0.029910
3.890000	0.041230	0.029888
3.900000	0.041232	0.029866
3.910000	0.041233	0.029845
3.920000	0.041235	0.029823
3.930000	0.041237	0.029801
3.940000	0.041238	0.029779
3.950000	0.041240	0.029757
3.960000	0.041241	0.029735
3.970000	0.041243	0.029714
3.980000	0.041244	0.029692
3.990000	0.041246	0.029670
4.000000	0.041247	0.029648
4.010000	0.041248	0.029626
4.020000	0.041250	0.029604
4.030000	0.041251	0.029583
4.040000	0.041252	0.029561
4.050000	0.041253	0.029539
4.060000	0.041254	0.029517
4.070000	0.041255	0.029495
4.080000	0.041256	0.029473
4.090000	0.041257	0.029451
4.100000	0.041258	0.029430
4.110000	0.041259	0.029408
4.120000	0.041259	0.029386
4.130000	0.041260	0.029364
4.140000	0.041261	0.029342
4.150000	0.041261	0.029320
4.160000	0.041262	0.029298
4.170000	0.041263	0.029276
4.180000	0.041263	0.029254
4.190000	0.041263	0.029232
4.200000	0.041264	0.029210
4.210000	0.041264	0.029189
4.220000	0.041265	0.029167
4.230000	0.041265	0.029145
4.240000	0.041265	0.029123
4.250000	0.041265	0.029101
4.260000	0.041265	0.029079
4.270000	0.041265	0.029057
4.280000	0.041265	0.029035
4.290000	0.041265	0.029013
4.300000	0.041265	0.028991
4.310000	0.041265	0.028969
4.320000	0.041265	0.028947
4.330000	0.041265	0.028925
4.340000	0.041265	0.028903
4.350000	0.041264	0.028881
4.360000	0.041264	0.028859
4.370000	0.041264	0.028837
4.380000	0.041263	0.028815
4.390000	0.041263	0.028793
4.400000	0.041262	0.028771
4.410000	0.041262	0.028749
4.420000	0.041261	0.028727
4.430000	0.041261	0.028705
4.440000	0.041260	0.028683
4.450000	0.041259	0.028661
4.460000	0.041258	0.028639
4.470000	0.041257	0.028617
4.480000	0.041257	0.028595
4.490000	0.041256	0.028573
4.500000	0.041255	0.028551
4.510000	0.041254	0.028529
4.520000	0.041253	0.028507
4.530000	0.041251	0.028485
4.540000	0.041250	0.028463
4.550000	0.041249	0.028441
4.560000	0.041248	0.028419
4.570000	0.041246	0.028397
4.580000	0.041245	0.028375
4.590000	0.041244	0.028353
4.600000	0.041242	0.028331
4.610000	0.041241	0.028309
4.620000	0.041239	0.028287
4.630000	0.041238	0.028265
4.640000	0.041236	0.028243
4.650000	0.041234	0.028221
4.660000	0.041233	0.028199
4.670000	0.041231	0.028177
4.680000	0.041229	0.028155
4.690000	0.041227	0.028133
4.700000	0.041225	0.028111
4.710000	0.041223	0.028089
4.720000	0.041221	0.028066
4.730000	0.041219	0.028044
4.740000	0.041217	0.028022
4.750000	0.041215	0.028000
4.760000	0.041213	0.027978
4.770000	0.041210	0.027956
4.780000	0.041208	0.027934
4.790000	0.041206	0.027912
4.800000	0.041203	0.027890
4.810000	0.041201	0.027868
4.820000	0.041198	0.027846
4.830000	0.041196	0.027824
4.840000	0.041193	0.027802
4.850000	0.041191	0.027780
4.860000	0.041188	0.027757
4.870000	0.041185	0.027735
4.880000	0.041183	0.027713
4.890000	0.041180	0.027691
4.900000	0.041177	0.027669
4.910000	0.041174	0.027647
4.920000	0.041171	0.027625
4.930000	0.041168	0.027603
4.940000	0.041165	0.027581
4.950000	0.041162	0.027559
4.960000	0.041159	0.027537
4.970000	0.041156	0.027515
4.980000	0.041152	0.027492
4.990000	0.041149	0.027470
5.000000	0.041146	0.027448
5.010000	0.041142	0.027426
5.020000	0.041139	0.027404
5.030000	0.041135	0.027382
5.040000	0.041132	0.027360
5.050000	0.041128	0.027338
5.060000	0.041125	0.027316
5.070000	0.041121	0.027294
5.080000	0.041117	0.027271
5.090000	0.041114	0.027249
5.100000	0.041110	0.027227
5.110000	0.041106	0.027205
5.120000	0.041102	0.027183
5.130000	0.041098	0.027161
5.140000	0.041094	0.027139
5.150000	0.041090	0.027117
5.160000	0.041086	0.027095
5.170000	0.041082	0.027073
5.180000	0.041078	0.027050
5.190000	0.041073	0.027028
5.200000	0.041069	0.027006
5.210000	0.041065	0.026984
5.220000	0.041060	0.026962
5.230000	0.041056	0.026940
5.240000	0.041052	0.026918
5.250000	0.041047	0.026896
5.260000	0.041042	0.026874
5.270000	0.041038	0.026852
5.280000	0.041033	0.026830
5.290000	0.041028	0.026807
5.300000	0.041024	0.026785
5.310000	0.041019	0.026763
5.320000	0.041014	0.026741
5.330000	0.041009	0.026719
5.340000	0.041004	0.026697
5.350000	0.040999	0.026675
5.360000	0.040994	0.026653
5.370000	0.040989	0.026631
5.380000	0.040984	0.026609
5.390000	0.040979	0.026586
5.400000	0.040973	0.026564
5.410000	0.040968	0.026542
5.420000	0.040963	0.026520
5.430000	0.040958	0.026498
5.440000	0.040952	0.026476
5.450000	0.040947	0.026454
5.460000	0.040941	0.026432
5.470000	0.040936	0.026410
5.480000	0.040930	0.026388
5.490000	0.040924	0.026366
5.500000	0.040919	0.026343
5.510000	0.040913	0.026321
5.520000	0.040907	0.026299
5.530000	0.040901	0.026277
5.540000	0.040895	0.026255
5.550000	0.040889	0.026233
5.560000	0.040883	0.026211
5.570000	0.040877	0.026189
5.580000	0.040871	0.026167
5.590000	0.040865	0.026145
5.600000	0.040859	0.026123
5.610000	0.040853	0.026101
5.620000	0.040846	0.026079
5.630000	0.040840	0.026056
5.640000	0.040834	0.026034
5.650000	0.040827	0.026012
5.660000	0.040821	0.025990
5.670000	0.040814	0.025968
5.680000	0.040808	0.025946
5.690000	0.040801	0.025924
5.700000	0.040794	0.025902
5.710000	0.040788	0.025880
5.720000	0.040781	0.025858
5.730000	0.040774	0.025836
5.740000	0.040767	0.025814
5.750000	0.040760	0.025792
5.760000	0.040753	0.025770
5.770000	0.040746	0.025748
5.780000	0.040739	0.025726
5.790000	0.040732	0.025704
5.800000	0.040725	0.025681
5.810000	0.040718	0.025659
5.820000	0.040711	0.025637
5.830000	0.040703	0.025615
5.840000	0.040696	0.025593
5.850000	0.040689	0.025571
5.860000	0.040681	0.025549
5.870000	0.040674	0.025527
5.880000	0.040666	0.025505
5.890000	0.040659	0.025483
5.900000	0.040651	0.025461
5.910000	0.040644	0.025439
5.920000	0.040636	0.025417
5.930000	0.040628	0.025395
5.940000	0.040620	0.025373
5.950000	0.040612	0.025351
5.960000	0.040605	0.025329
5.970000	0.040597	0.025307
5.980000	0.040589	0.025285
5.990000	0.040581	0.025263
6.000000	0.040572	0.025241
6.010000	0.040564	0.025219
6.020000	0.040556	0.025197
6.030000	0.040548	0.025175
6.040000	0.040540	0.025153
6.050000	0.040531	0.025131
6.060000	0.040523	0.025109
6.070000	0.040515	0.025087
6.080000	0.040506	0.025065
6.090000	0.040498	0.025043
6.100000	0.040489	0.025021
6.110000	0.040480	0.024999
6.120000	0.040472	0.024977
6.130000	0.040463	0.024955
6.140000	0.040454	0.024933
6.150000	0.040446	0.024911
6.160000	0.040437	0.024889
6.170000	0.040428	0.024867
6.180000	0.040419	0.024845
6.190000	0.040410	0.024823
6.200000	0.040401	0.024801
6.210000	0.040392	0.024780
6.220000	0.040383	0.024758
6.230000	0.040373	0.024736
6.240000	0.040364	0.024714
6.250000	0.040355	0.024692
6.260000	0.040346	0.024670
6.270000	0.040336	0.024648
6.280000	0.040327	0.024626
6.290000	0.040317	0.024604
6.300000	0.040308	0.024582
6.310000	0.040298	0.024560
6.320000	0.040289	0.024538
6.330000	0.040279	0.024516
6.340000	0.040270	0.024495
6.350000	0.040260	0.024473
6.360000	0.040250	0.024451
6.370000	0.040240	0.024429
6.380000	0.040230	0.024407
6.390000	0.040220	0.024385
6.400000	0.040210	0.024363
6.410000	0.040200	0.024341
6.420000	0.040190	0.024319
6.430000	0.040180	0.024297
6.440000	0.040170	0.024276
6.450000	0.040160	0.024254
6.460000	0.040150	0.024232
6.470000	0.040139	0.024210
6.480000	0.040129	0.024188
6.490000	0.040119	0.024166
6.500000	0.040108	0.024144
6.510000	0.040098	0.024123
6.520000	0.040087	0.024101
6.530000	0.040077	0.024079
6.540000	0.040066	0.024057
6.550000	0.040055	0.024035
6.560000	0.040045	0.024013
6.570000	0.040034	0.023992
6.580000	0.040023	0.023970
6.590000	0.040012	0.023948
6.600000	0.040001	0.023926
6.610000	0.039990	0.023904
6.620000	0.039979	0.023883
6.630000	0.039968	0.023861
6.640000	0.039957	0.023839
6.650000	0.039946	0.023817
6.660000	0.039935	0.023795
6.670000	0.039924	0.023774
6.680000	0.039912	0.023752
6.690000	0.039901	0.023730
6.700000	0.039890	0.023708
6.710000	0.039878	0.023686
6.720000	0.039867	0.023665
6.730000	0.039855	0.023643
6.740000	0.039844	0.023621
6.750000	0.039832	0.023599
6.760000	0.039820	0.023578
6.770000	0.039809	0.023556
6.780000	0.039797	0.023534
6.790000	0.039785	0.023512
6.800000	0.039773	0.023491
6.810000	0.039762	0.023469
6.820000	0.039750	0.023447
6.830000	0.039738	0.023426
6.840000	0.039726	0.023404
6.850000	0.039714	0.023382
6.860000	0.039702	0.023360
6.870000	0.039689	0.023339
6.880000	0.039677	0.023317
6.890000	0.039665	0.023295
6.900000	0.039653	0.023274
6.910000	0.039640	0.023252
6.920000	0.039628	0.023230
6.930000	0.039616	0.023209
6.940000	0.039603	0.023187
6.950000	0.039591	0.023165
6.960000	0.039578	0.023144
6.970000	0.039565	0.023122
6.980000	0.039553	0.023100
6.990000	0.039540	0.023079
7.000000	0.039527	0.023057
7.010000	0.039515	0.023035
7.020000	0.039502	0.023014
7.030000	0.039489	0.022992
7.040000	0.039476	0.022971
7.050000	0.039463	0.022949
7.060000	0.039450	0.022927
7.070000	0.039437	0.022906
7.080000	0.039424	0.022884
7.090000	0.039411	0.022863
7.100000	0.039397	0.022841
7.110000	0.039384	0.022819
7.120000	0.039371	0.022798
7.130000	0.039358	0.022776
7.140000	0.039344	0.022755
7.150000	0.039331	0.022733
7.160000	0.039317	0.022712
7.170000	0.039304	0.022690
7.180000	0.039290	0.022668
7.190000	0.039277	0.022647
7.200000	0.039263	0.022625
7.210000	0.039249	0.022604
7.220000	0.039236	0.022582
7.230000	0.039222	0.022561
7.240000	0.039208	0.022539
7.250000	0.039194	0.022518
7.260000	0.039180	0.022496
7.270000	0.039166	0.022475
7.280000	0.039152	0.022453
7.290000	0.039138	0.022432
7.300000	0.039124	0.022410
7.310000	0.039110	0.022389
7.320000	0.039096	0.022367
7.330000	0.039082	0.022346
7.340000	0.039067	0.022324
7.350000	0.039053	0.022303
7.360000	0.039039	0.022281
7.370000	0.039024	0.022260
7.380000	0.039010	0.022239
7.390000	0.038995	0.022217
7.400000	0.038981	0.022196
7.410000	0.038966	0.022174
7.420000	0.038952	0.022153
7.430000	0.038937	0.022131
7.440000	0.038922	0.022110
7.450000	0.038907	0.022089
7.460000	0.038893	0.022067
7.470000	0.038878	0.022046
7.480000	0.038863	0.022024
7.490000	0.038848	0.022003
7.500000	0.038833	0.021982
7.510000	0.038818	0.021960
7.520000	0.038803	0.021939
7.530000	0.038788	0.021918
7.540000	0.038773	0.021896
7.550000	0.038758	0.021875
7.560000	0.038742	0.021854
7.570000	0.038727	0.021832
7.580000	0.038712	0.021811
7.590000	0.038696	0.021790
7.600000	0.038681	0.021768
7.610000	0.038666	0.021747
7.620000	0.038650	0.021726
7.630000	0.038634	0.021704
7.640000	0.038619	0.021683
7.650000	0.038603	0.021662
7.660000	0.038588	0.021640
7.670000	0.038572	0.021619
7.680000	0.038556	0.021598
7.690000	0.038540	0.021577
7.700000	0.038525	0.021555
7.710000	0.038509	0.021534
7.720000	0.038493	0.021513
7.730000	0.038477	0.021492
7.740000	0.038461	0.021470
7.750000	0.038445	0.021449
7.760000	0.038429	0.021428
7.770000	0.038412	0.021407
7.780000	0.038396	0.021386
7.790000	0.038380	0.021364
7.800000	0.038364	0.021343
7.810000	0.038348	0.021322
7.820000	0.038331	0.021301
7.830000	0.038315	0.021280
7.840000	0.038298	0.021259
7.850000	0.038282	0.021237
7.860000	0.038265	0.021216
7.870000	0.038249	0.021195
7.880000	0.038232	0.021174
7.890000	0.038216	0.021153
7.900000	0.038199	0.021132
7.910000	0.038182	0.021111
7.920000	0.038165	0.021089
7.930000	0.038149	0.021068
7.940000	0.038132	0.021047
7.950000	0.038115	0.021026
7.960000	0.038098	0.021005
7.970000	0.038081	0.020984
7.980000	0.038064	0.020963
7.990000	0.038047	0.020942
8.000000	0.038030	0.020921
8.010000	0.038013	0.020900
8.020000	0.037995	0.020879
8.030000	0.037978	0.020858
8.040000	0.037961	0.020837
8.050000	0.037944	0.020816
8.060000	0.037926	0.020794
8.070000	0.037909	0.020773
8.080000	0.037891	0.020752
8.090000	0.037874	0.020731
8.100000	0.037856	0.020710
8.110000	0.037839	0.020689
8.120000	0.037821	0.020669
8.130000	0.037804	0.020648
8.140000	0.037786	0.020627
8.150000	0.037768	0.020606
8.160000	0.037750	0.020585
8.170000	0.037733	0.020564
8.180000	0.037715	0.020543
8.190000	0.037697	0.020522
8.200000	0.037679	0.020501
8.210000	0.037661	0.020480
8.220000	0.037643	0.020459
8.230000	0.037625	0.020438
8.240000	0.037607	0.020417
8.250000	0.037589	0.020396
8.260000	0.037571	0.020375
8.270000	0.037552	0.020355
8.280000	0.037534	0.020334
8.290000	0.037516	0.020313
8.300000	0.037497	0.020292
8.310000	0.037479	0.020271
8.320000	0.037461	0.020250
8.330000	0.037442	0.020230
8.340000	0.037424	0.020209
8.350000	0.037405	0.020188
8.360000	0.037387	0.020167
8.370000	0.037368	0.020146
8.380000	0.037349	0.020125
8.390000	0.037331	0.020105
8.400000	0.037312	0.020084
8.410000	0.037293	0.020063
8.420000	0.037274	0.020042
8.430000	0.037256	0.020022
8.440000	0.037237	0.020001
8.450000	0.037218	0.019980
8.460000	0.037199	0.019959
8.470000	0.037180	0.019939
8.480000	0.037161	0.019918
8.490000	0.037142	0.019897
8.500000	0.037122	0.019876
8.510000	0.037103	0.019856
8.520000	0.037084	0.019835
8.530000	0.037065	0.019814
8.540000	0.037046	0.019794
8.550000	0.037026	0.019773
8.560000	0.037007	0.019752
8.570000	0.036988	0.019732
8.580000	0.036968	0.019711
8.590000	0.036949	0.019690
8.600000	0.036929	0.019670
8.610000	0.036910	0.019649
8.620000	0.036890	0.019629
8.630000	0.036870	0.019608
8.640000	0.036851	0.019587
8.650000	0.036831	0.019567
8.660000	0.036811	0.019546
8.670000	0.036792	0.019526
8.680000	0.036772	0.019505
8.690000	0.036752	0.019484
8.700000	0.036732	0.019464
8.710000	0.036712	0.019443
8.720000	0.036692	0.019423
8.730000	0.036672	0.019402
8.740000	0.036652	0.019382
8.750000	0.036632	0.019361
8.760000	0.036612	0.019341
8.770000	0.036592	0.019320
8.780000	0.036572	0.019300
8.790000	0.036551	0.019279
8.800000	0.036531	0.019259
8.810000	0.036511	0.019238
8.820000	0.036490	0.019218
8.830000	0.036470	0.019197
8.840000	0.036450	0.019177
8.850000	0.036429	0.019156
8.860000	0.036409	0.019136
8.870000	0.036388	0.019116
8.880000	0.036368	0.019095
8.890000	0.036347	0.019075
8.900000	0.036326	0.019054
8.910000	0.036306	0.019034
8.920000	0.036285	0.019014
8.930000	0.036264	0.018993
8.940000	0.036243	0.018973
8.950000	0.036223	0.018952
8.960000	0.036202	0.018932
8.970000	0.036181	0.018912
8.980000	0.036160	0.018891
8.990000	0.036139	0.018871
9.000000	0.036118	0.018851
9.010000	0.036097	0.018831
9.020000	0.036076	0.018810
9.030000	0.036055	0.018790
9.040000	0.036034	0.018770
9.050000	0.036013	0.018749
9.060000	0.035991	0.018729
9.070000	0.035970	0.018709
9.080000	0.035949	0.018689
9.090000	0.035927	0.018668
9.100000	0.035906	0.018648
9.110000	0.035885	0.018628
9.120000	0.035863	0.018608
9.130000	0.035842	0.018587
9.140000	0.035820	0.018567
9.150000	0.035799	0.018547
9.160000	0.035777	0.018527
9.170000	0.035756	0.018507
9.180000	0.035734	0.018486
9.190000	0.035712	0.018466
9.200000	0.035691	0.018446
9.210000	0.035669	0.018426
9.220000	0.035647	0.018406
9.230000	0.035625	0.018386
9.240000	0.035604	0.018366
9.250000	0.035582	0.018346
9.260000	0.035560	0.018325
9.270000	0.035538	0.018305
9.280000	0.035516	0.018285
9.290000	0.035494	0.018265
9.300000	0.035472	0.018245
9.310000	0.035450	0.018225
9.320000	0.035428	0.018205
9.330000	0.035405	0.018185
9.340000	0.035383	0.018165
9.350000	0.035361	0.018145
9.360000	0.035339	0.018125
9.370000	0.035316	0.018105
9.380000	0.035294	0.018085
9.390000	0.035272	0.018065
9.400000	0.035249	0.018045
9.410000	0.035227	0.018025
9.420000	0.035205	0.018005
9.430000	0.035182	0.017985
9.440000	0.035160	0.017965
9.450000	0.035137	0.017945
9.460000	0.035114	0.017925
9.470000	0.035092	0.017905
9.480000	0.035069	0.017885
9.490000	0.035046	0.017865
9.500000	0.035024	0.017846
9.510000	0.035001	0.017826
9.520000	0.034978	0.017806
9.530000	0.034955	0.017786
9.540000	0.034933	0.017766
9.550000	0.034910	0.017746
9.560000	0.034887	0.017726
9.570000	0.034864	0.017706
9.580000	0.034841	0.017687
9.590000	0.034818	0.017667
9.600000	0.034795	0.017647
9.610000	0.034772	0.017627
9.620000	0.034749	0.017607
9.630000	0.034726	0.017588
9.640000	0.034702	0.017568
9.650000	0.034679	0.017548
9.660000	0.034656	0.017528
9.670000	0.034633	0.017509
9.680000	0.034609	0.017489
9.690000	0.034586	0.017469
9.700000	0.034563	0.017449
9.710000	0.034539	0.017430
9.720000	0.034516	0.017410
9.730000	0.034493	0.017390
9.740000	0.034469	0.017371
9.750000	0.034446	0.017351
9.760000	0.034422	0.017331
9.770000	0.034398	0.017312
9.780000	0.034375	0.017292
9.790000	0.034351	0.017272
9.800000	0.034328	0.017253
9.810000	0.034304	0.017233
9.820000	0.034280	0.017213
9.830000	0.034256	0.017194
9.840000	0.034233	0.017174
9.850000	0.034209	0.017155
9.860000	0.034185	0.017135
9.870000	0.034161	0.017116
9.880000	0.034137	0.017096
9.890000	0.034113	0.017076
9.900000	0.034089	0.017057
9.910000	0.034065	0.017037
9.920000	0.034041	0.017018
9.930000	0.034017	0.016998
9.940000	0.033993	0.016979
9.950000	0.033969	0.016959
9.960000	0.033945	0.016940
9.970000	0.033921	0.016920
9.980000	0.033897	0.016901
9.990000	0.033872	0.016882
10.000000	0.033848	0.016862
