4	2.0039883199	-0.0000000000	-0.0000000000	-0.0000010636	-0.0000010628	-0.0000010634	-0.0000010630
262148	131335.3825187234	-131333.3785304035	-131333.3785304035	0.0000131496	0.0000131502	-0.0000013158	-0.0000013156
524292	262668.7610491269	-262666.7570608071	-262666.7570608071	0.0000270969	0.0000270976	-0.0000018341	-0.0000018338
786436	394002.1395795303	-394000.1355912105	-394000.1355912105	0.0000410443	0.0000410449	-0.0000023522	-0.0000023519
4	2.0039883199	-0.0000000000	-0.0000000000	-0.0000010636	-0.0000010628	-0.0000010634	-0.0000010630
50004	25051.8579865810	-25049.8539982612	-25049.8539982612	0.0000018626	0.0000018632	-0.0000008964	-0.0000008961
100004	50101.7119848422	-50099.7079965223	-50099.7079965223	0.0000045228	0.0000045234	-0.0000009952	-0.0000009950
150004	75151.5659831034	-75149.5619947835	-75149.5619947835	0.0000071830	0.0000071837	-0.0000010941	-0.0000010938
200004	100201.4199813645	-100199.4159930446	-100199.4159930446	0.0000098433	0.0000098439	-0.0000011929	-0.0000011926
250004	125251.2739796257	-125249.2699913058	-125249.2699913058	0.0000125035	0.0000125042	-0.0000012918	-0.0000012915
300004	150301.1279778869	-150299.1239895670	-150299.1239895670	0.0000151637	0.0000151644	-0.0000013907	-0.0000013904
350004	175350.9819761480	-175348.9779878282	-175348.9779878282	0.0000178240	0.0000178246	-0.0000014895	-0.0000014892
400004	200400.8359744092	-200398.8319860893	-200398.8319860893	0.0000204842	0.0000204849	-0.0000015883	-0.0000015881
450004	225450.6899726703	-225448.6859843505	-225448.6859843505	0.0000231445	0.0000231451	-0.0000016872	-0.0000016869
500004	250500.5439709315	-250498.5399826116	-250498.5399826116	0.0000258047	0.0000258053	-0.0000017860	-0.0000017857
550004	275550.3979691927	-275548.3939808728	-275548.3939808728	0.0000284651	0.0000284657	-0.0000018848	-0.0000018845
600004	300600.2519674538	-300598.2479791340	-300598.2479791340	0.0000311252	0.0000311258	-0.0000019836	-0.0000019833
650004	325650.1059657149	-325648.1019773951	-325648.1019773951	0.0000337855	0.0000337862	-0.0000020824	-0.0000020821
700004	350699.9599639762	-350697.9559756563	-350697.9559756563	0.0000364457	0.0000364463	-0.0000021814	-0.0000021811
750004	375749.8139622373	-375747.8099739174	-375747.8099739174	0.0000391060	0.0000391066	-0.0000022802	-0.0000022799
800004	400799.6679604985	-400797.6639721786	-400797.6639721786	0.0000417662	0.0000417668	-0.0000023791	-0.0000023788
850004	425849.5219587596	-425847.5179704398	-425847.5179704398	0.0000444265	0.0000444271	-0.0000024779	-0.0000024776
900004	450899.3759570208	-450897.3719687010	-450897.3719687010	0.0000470867	0.0000470874	-0.0000025767	-0.0000025764
950004	475949.2299552819	-475947.2259669621	-475947.2259669621	0.0000497470	0.0000497476	-0.0000026755	-0.0000026752
