4	-0.5000000000	1.5894168777	0.0000000000	0.0000000000	-0.0102353080	-0.0109937545	-0.0106774147	-0.0110516223
20	-0.5000000000	7.9470843883	0.0000000000	-0.0000000000	-0.0080805610	-0.0086851042	-0.0084284318	-0.0087317976
4	-0.5000000000	1.5894168777	-0.0000000000	0.0000000000	-0.0102353080	-0.0109937545	-0.0106774147	-0.0110516223
20	-0.5000000000	7.9470843883	-6.3576675106	-6.3576675106	-0.0080805610	-0.0086851042	-0.0084284318	-0.0087317976
36	-0.5000000000	14.3047518989	-12.7153350212	-12.7153350212	-0.0078959159	-0.0084871242	-0.0082357021	-0.0085327885
52	-0.5000000000	20.6624194095	-19.0730025319	-19.0730025319	-0.0078271592	-0.0084133938	-0.0081639033	-0.0084586420
68	-0.5000000000	27.0200869202	-25.4306700425	-25.4306700425	-0.0077912663	-0.0083749015	-0.0081263975	-0.0084199081
84	-0.5000000000	33.3777544308	-31.7883375531	-31.7883375531	-0.0077692317	-0.0083512692	-0.0081033525	-0.0083961078
100	-0.5000000000	39.7354219414	-38.1460050637	-38.1460050637	-0.0077543362	-0.0083352922	-0.0080877569	-0.0083800009
116	-0.5000000000	46.0930894520	-44.5036725744	-44.5036725744	-0.0077436000	-0.0083237754	-0.0080765014	-0.0083683762
132	-0.5000000000	52.4507569627	-50.8613400850	-50.8613400850	-0.0077354991	-0.0083150845	-0.0080679958	-0.0083595914
4	1.5894168777	-0.0000000000	-0.0000000000	-0.0102353080	-0.0109937545	-0.0106774147	-0.0110516223
262148	104165.6139109508	-104164.0244940731	-104164.0244940731	-0.0085281461	-0.0091034919	-0.0080327473	-0.0083223361
524292	208329.6384050240	-208328.0489881463	-208328.0489881463	-0.0093797640	-0.0099551088	-0.0080586111	-0.0083481994
786436	312493.6628990972	-312492.0734822195	-312492.0734822195	-0.0102313918	-0.0108067362	-0.0080844851	-0.0083740731
