1000000		500997.0799652233	-500995.0759769034		-500995.0759769034		0.0000524069	0.0000524076	-0.0000027744	-0.0000027741
2000000		1001994.1599304465	-1001992.1559421266		-1001992.1559421266		0.0001056116	0.0001056122	-0.0000047514	-0.0000047511
3000000		1502991.2398956695	-1502989.2359073497		-1502989.2359073497		0.0001588168	0.0001588175	-0.0000067279	-0.0000067276
4000000		2003988.3198608931	-2003986.3158725733		-2003986.3158725733		0.0002120212	0.0002120219	-0.0000087051	-0.0000087048
5000000		2504985.3998261164	-2504983.3958377964		-2504983.3958377964		0.0002652262	0.0002652267	-0.0000106823	-0.0000106818
6000000		3005982.4797913390	-3005980.4758030190		-3005980.4758030190		0.0003184318	0.0003184322	-0.0000126585	-0.0000126581
7000000		3506979.5597565630	-3506977.5557682430		-3506977.5557682430		0.0003716354	0.0003716359	-0.0000146362	-0.0000146357
8000000		4007976.6397217861	-4007974.6357334661		-4007974.6357334661		0.0004248405	0.0004248410	-0.0000166129	-0.0000166125
9000000		4508973.7196870092	-4508971.7156986892		-4508971.7156986892		0.0004780451	0.0004780460	-0.0000185892	-0.0000185892
10000000	5009970.7996522328	-5009968.7956639128		-5009968.7956639128		0.0005312497	0.0005312506	-0.0000205664	-0.0000205664
11000000	5510967.8796174573	-5510965.8756291373		-5510965.8756291373		0.0005844533	0.0005844543	-0.0000225455	-0.0000225455
12000000	6011964.9595826780	-6011962.9555943580		-6011962.9555943580		0.0006376607	0.0006376617	-0.0000245189	-0.0000245189
13000000	6512962.0395479007	-6512960.0355595807		-6512960.0355595807		0.0006908663	0.0006908672	-0.0000264952	-0.0000264952
14000000	7013959.1195131261	-7013957.1155248061		-7013957.1155248061		0.0007440681	0.0007440690	-0.0000284743	-0.0000284743
15000000	7514956.1994783478	-7514954.1954900278		-7514954.1954900278		0.0007972755	0.0007972764	-0.0000304505	-0.0000304505
16000000	8015953.2794435723	-8015951.2754552523		-8015951.2754552523		0.0008504782	0.0008504791	-0.0000324277	-0.0000324277
17000000	8516950.3594087940	-8516948.3554204740		-8516948.3554204740		0.0009036865	0.0009036865	-0.0000344049	-0.0000344049
18000000	9017947.4393740185	-9017945.4353856985		-9017945.4353856985		0.0009568892	0.0009568892	-0.0000363812	-0.0000363812
19000000	9518944.5193392430	-9518942.5153509229		-9518942.5153509229		0.0010100938	0.0010100938	-0.0000383593	-0.0000383593
20000000	10019941.5993044656	-10019939.5953161456	-10019939.5953161456	0.0010632984	0.0010632984	-0.0000403356	-0.0000403356
21000000	10520938.6792696863	-10520936.6752813663	-10520936.6752813663	0.0011165049	0.0011165049	-0.0000423100	-0.0000423100
22000000	11021935.7592349146	-11021933.7552465945	-11021933.7552465945	0.0011697058	0.0011697058	-0.0000442937	-0.0000442937
23000000	11522932.8392001372	-11522930.8352118172	-11522930.8352118172	0.0012229122	0.0012229122	-0.0000462700	-0.0000462700
24000000	12023929.9191653561	-12023927.9151770361	-12023927.9151770361	0.0012761205	0.0012761205	-0.0000482406	-0.0000482406
25000000	12524926.9991305843	-12524924.9951422643	-12524924.9951422643	0.0013293196	0.0013293196	-0.0000502225	-0.0000502225
26000000	13025924.0790958013	-13025922.0751074813	-13025922.0751074813	0.0013825316	0.0013825316	-0.0000521932	-0.0000521932
27000000	13526921.1590610277	-13526919.1550727077	-13526919.1550727077	0.0014357325	0.0014357325	-0.0000541732	-0.0000541732
28000000	14027918.2390262522	-14027916.2350379322	-14027916.2350379322	0.0014889352	0.0014889352	-0.0000561513	-0.0000561513
29000000	14528915.3189914748	-14528913.3150031548	-14528913.3150031548	0.0015421435	0.0015421435	-0.0000581294	-0.0000581294
30000000	15029912.3989566956	-15029910.3949683756	-15029910.3949683756	0.0015953500	0.0015953500	-0.0000601038	-0.0000601038
31000000	15530909.4789219201	-15530907.4749336001	-15530907.4749336001	0.0016485527	0.0016485527	-0.0000620801	-0.0000620801
32000000	16031906.5588871446	-16031904.5548988245	-16031904.5548988245	0.0017017554	0.0017017554	-0.0000640582	-0.0000640582
33000000	16532903.6388523690	-16532901.6348640490	-16532901.6348640490	0.0017549600	0.0017549600	-0.0000660364	-0.0000660364
34000000	17033900.7188175879	-17033898.7148292698	-17033898.7148292698	0.0018081702	0.0018081702	-0.0000680126	-0.0000680126
35000000	17534897.7987828180	-17534895.7947944999	-17534895.7947944999	0.0018613674	0.0018613674	-0.0000699908	-0.0000699908
36000000	18035894.8787480369	-18035892.8747597188	-18035892.8747597188	0.0019145757	0.0019145757	-0.0000719652	-0.0000719652
37000000	18536891.9587132633	-18536889.9547249451	-18536889.9547249451	0.0019677766	0.0019677766	-0.0000739433	-0.0000739433
38000000	19037889.0386784859	-19037887.0346901678	-19037887.0346901678	0.0020209849	0.0020209849	-0.0000759214	-0.0000759214
39000000	19538886.1186437085	-19538884.1146553904	-19538884.1146553904	0.0020741895	0.0020741895	-0.0000778995	-0.0000778995
40000000	20039883.1986089312	-20039881.1946206130	-20039881.1946206130	0.0021273941	0.0021273941	-0.0000798739	-0.0000798739
41000000	20540880.2785741501	-20540878.2745858319	-20540878.2745858319	0.0021806061	0.0021806061	-0.0000818484	-0.0000818484
42000000	21041877.3585393727	-21041875.3545510545	-21041875.3545510545	0.0022338070	0.0022338070	-0.0000838228	-0.0000838228
43000000	21542874.4385045990	-21542872.4345162809	-21542872.4345162809	0.0022870116	0.0022870116	-0.0000858046	-0.0000858046
44000000	22043871.5184698291	-22043869.5144815110	-22043869.5144815110	0.0023402087	0.0023402087	-0.0000877902	-0.0000877902
45000000	22544868.5984350443	-22544866.5944467261	-22544866.5944467261	0.0023934208	0.0023934208	-0.0000897571	-0.0000897571
46000000	23045865.6784002744	-23045863.6744119562	-23045863.6744119562	0.0024466217	0.0024466217	-0.0000917427	-0.0000917427
47000000	23546862.7583654933	-23546860.7543771751	-23546860.7543771751	0.0024998263	0.0024998263	-0.0000937134	-0.0000937134
48000000	24047859.8383307122	-24047857.8343423940	-24047857.8343423940	0.0025530383	0.0025530383	-0.0000956841	-0.0000956841
49000000	24548856.9182959385	-24548854.9143076204	-24548854.9143076204	0.0026062392	0.0026062392	-0.0000976622	-0.0000976622
50000000	25049853.9982611686	-25049851.9942728505	-25049851.9942728505	0.0026594363	0.0026594363	-0.0000996478	-0.0000996478
51000000	25550851.0782263875	-25550849.0742380694	-25550849.0742380694	0.0027126484	0.0027126484	-0.0001016222	-0.0001016222
52000000	26051848.1581916027	-26051846.1542032845	-26051846.1542032845	0.0027658604	0.0027658604	-0.0001035891	-0.0001035891
53000000	26552845.2381568290	-26552843.2341685109	-26552843.2341685109	0.0028190613	0.0028190613	-0.0001055710	-0.0001055710
54000000	27053842.3181220554	-27053840.3141337372	-27053840.3141337372	0.0028722622	0.0028722622	-0.0001075491	-0.0001075491
55000000	27554839.3980872817	-27554837.3940989636	-27554837.3940989636	0.0029254667	0.0029254667	-0.0001095310	-0.0001095310
56000000	28055836.4780525044	-28055834.4740641862	-28055834.4740641862	0.0029786676	0.0029786676	-0.0001115054	-0.0001115054
57000000	28556833.5580177270	-28556831.5540294088	-28556831.5540294088	0.0030318759	0.0030318759	-0.0001134835	-0.0001134835
58000000	29057830.6379829496	-29057828.6339946315	-29057828.6339946315	0.0030850843	0.0030850843	-0.0001154616	-0.0001154616
59000000	29558827.7179481760	-29558825.7139598578	-29558825.7139598578	0.0031382814	0.0031382814	-0.0001174398	-0.0001174398
60000000	30059824.7979133911	-30059822.7939250730	-30059822.7939250730	0.0031914972	0.0031914972	-0.0001194105	-0.0001194105
61000000	30560821.8778786212	-30560819.8738903031	-30560819.8738903031	0.0032446906	0.0032446906	-0.0001213923	-0.0001213923
62000000	31061818.9578438401	-31061816.9538555220	-31061816.9538555220	0.0032979026	0.0032979026	-0.0001233630	-0.0001233630
63000000	31562816.0378090627	-31562814.0338207446	-31562814.0338207446	0.0033511110	0.0033511110	-0.0001253411	-0.0001253411
64000000	32063813.1177742891	-32063811.1137859710	-32063811.1137859710	0.0034043081	0.0034043081	-0.0001273192	-0.0001273192
65000000	32564810.1977395155	-32564808.1937511973	-32564808.1937511973	0.0034575127	0.0034575127	-0.0001293011	-0.0001293011
66000000	33065807.2777047381	-33065805.2737164199	-33065805.2737164199	0.0035107173	0.0035107173	-0.0001312755	-0.0001312755
67000000	33566804.3576699570	-33566802.3536816388	-33566802.3536816388	0.0035639256	0.0035639256	-0.0001332462	-0.0001332462
68000000	34067801.4376351759	-34067799.4336468577	-34067799.4336468577	0.0036171377	0.0036171377	-0.0001352280	-0.0001352280
69000000	34568798.5176004097	-34568796.5136120915	-34568796.5136120915	0.0036703274	0.0036703274	-0.0001372099	-0.0001372099
70000000	35069795.5975656360	-35069793.5935773179	-35069793.5935773179	0.0037235320	0.0037235320	-0.0001391843	-0.0001391843
71000000	35570792.6775308475	-35570790.6735425293	-35570790.6735425293	0.0037767515	0.0037767515	-0.0001411587	-0.0001411587
72000000	36071789.7574960738	-36071787.7535077557	-36071787.7535077557	0.0038299486	0.0038299486	-0.0001431331	-0.0001431331
73000000	36572786.8374613002	-36572784.8334729820	-36572784.8334729820	0.0038831532	0.0038831532	-0.0001451150	-0.0001451150
74000000	37073783.9174265265	-37073781.9134382084	-37073781.9134382084	0.0039363503	0.0039363503	-0.0001470894	-0.0001470894
75000000	37574780.9973917380	-37574778.9934034199	-37574778.9934034199	0.0039895698	0.0039895698	-0.0001490638	-0.0001490638
76000000	38075778.0773569718	-38075776.0733686537	-38075776.0733686537	0.0040427670	0.0040427670	-0.0001510456	-0.0001510456
77000000	38576775.1573221833	-38576773.1533338651	-38576773.1533338651	0.0040959790	0.0040959790	-0.0001530126	-0.0001530126
78000000	39077772.2372874171	-39077770.2332990989	-39077770.2332990989	0.0041491762	0.0041491762	-0.0001550019	-0.0001550019
79000000	39578769.3172526360	-39578767.3132643178	-39578767.3132643178	0.0042023882	0.0042023882	-0.0001569763	-0.0001569763
80000000	40079766.3972178623	-40079764.3932295442	-40079764.3932295442	0.0042555854	0.0042555854	-0.0001589507	-0.0001589507
81000000	40580763.4771830887	-40580761.4731947705	-40580761.4731947705	0.0043087825	0.0043087825	-0.0001609325	-0.0001609325
82000000	41081760.5571483001	-41081758.5531599820	-41081758.5531599820	0.0043620095	0.0043620095	-0.0001628995	-0.0001628995
83000000	41582757.6371135339	-41582755.6331252158	-41582755.6331252158	0.0044151992	0.0044151992	-0.0001648813	-0.0001648813
84000000	42083754.7170787454	-42083752.7130904272	-42083752.7130904272	0.0044684112	0.0044684112	-0.0001668483	-0.0001668483
85000000	42584751.7970439792	-42584749.7930556610	-42584749.7930556610	0.0045216158	0.0045216158	-0.0001688376	-0.0001688376
86000000	43085748.8770091981	-43085746.8730208799	-43085746.8730208799	0.0045748204	0.0045748204	-0.0001708120	-0.0001708120
87000000	43586745.9569744319	-43586743.9529861137	-43586743.9529861137	0.0046280101	0.0046280101	-0.0001727939	-0.0001727939
88000000	44087743.0369396582	-44087741.0329513401	-44087741.0329513401	0.0046812147	0.0046812147	-0.0001747832	-0.0001747832
89000000	44588740.1169048697	-44588738.1129165515	-44588738.1129165515	0.0047344342	0.0047344342	-0.0001767427	-0.0001767427
90000000	45089737.1968700886	-45089735.1928817704	-45089735.1928817704	0.0047876388	0.0047876388	-0.0001787171	-0.0001787171
91000000	45590734.2768353149	-45590732.2728469968	-45590732.2728469968	0.0048408359	0.0048408359	-0.0001806915	-0.0001806915
92000000	46091731.3568005487	-46091729.3528122306	-46091729.3528122306	0.0048940405	0.0048940405	-0.0001826882	-0.0001826882
93000000	46592728.4367657676	-46592726.4327774495	-46592726.4327774495	0.0049472451	0.0049472451	-0.0001846552	-0.0001846552
94000000	47093725.5167309865	-47093723.5127426684	-47093723.5127426684	0.0050004497	0.0050004497	-0.0001866296	-0.0001866296
95000000	47594722.5966962203	-47594720.5927079022	-47594720.5927079022	0.0050536543	0.0050536543	-0.0001886189	-0.0001886189
96000000	48095719.6766614243	-48095717.6726731062	-48095717.6726731062	0.0051068738	0.0051068738	-0.0001905710	-0.0001905710
97000000	48596716.7566266432	-48596714.7526383251	-48596714.7526383251	0.0051600784	0.0051600784	-0.0001925454	-0.0001925454
98000000	49097713.8365918770	-49097711.8326035589	-49097711.8326035589	0.0052132756	0.0052132756	-0.0001945272	-0.0001945272
99000000	49598710.9165571108	-49598708.9125687927	-49598708.9125687927	0.0052664727	0.0052664727	-0.0001965240	-0.0001965240
1000	500.9970799652		-498.9930916454		-498.9930916454		-0.0000007455	-0.0000007448	-0.0000008003	-0.0000008000
6000	3005.9824797913		-3003.9784914715	-3003.9784914715	-0.0000004788	-0.0000004782	-0.0000008095	-0.0000008092
11000	5510.9678796175		-5508.9638912976	-5508.9638912976	-0.0000002127	-0.0000002121	-0.0000008193	-0.0000008191
16000	8015.9532794436		-8013.9492911237	-8013.9492911237	0.0000000533	0.0000000540	-0.0000008292	-0.0000008289
21000	10520.9386792697	-10518.9346909498	-10518.9346909498	0.0000003194	0.0000003200	-0.0000008391	-0.0000008388
26000	13025.9240790958	-13023.9200907759	-13023.9200907759	0.0000005854	0.0000005860	-0.0000008490	-0.0000008487
31000	15530.9094789219	-15528.9054906021	-15528.9054906021	0.0000008514	0.0000008521	-0.0000008588	-0.0000008586
36000	18035.8948787480	-18033.8908904282	-18033.8908904282	0.0000011175	0.0000011181	-0.0000008687	-0.0000008684
41000	20540.8802785742	-20538.8762902543	-20538.8762902543	0.0000013835	0.0000013841	-0.0000008786	-0.0000008783
46000	23045.8656784003	-23043.8616900804	-23043.8616900804	0.0000016495	0.0000016502	-0.0000008885	-0.0000008882
51000	25550.8510782264	-25548.8470899065	-25548.8470899065	0.0000019155	0.0000019162	-0.0000008984	-0.0000008981
56000	28055.8364780525	-28053.8324897326	-28053.8324897326	0.0000021816	0.0000021822	-0.0000009082	-0.0000009080
61000	30560.8218778786	-30558.8178895588	-30558.8178895588	0.0000024476	0.0000024482	-0.0000009181	-0.0000009178
66000	33065.8072777047	-33063.8032893849	-33063.8032893849	0.0000027136	0.0000027143	-0.0000009280	-0.0000009277
71000	35570.7926775309	-35568.7886892110	-35568.7886892110	0.0000029796	0.0000029803	-0.0000009379	-0.0000009376
76000	38075.7780773570	-38073.7740890371	-38073.7740890371	0.0000032457	0.0000032463	-0.0000009478	-0.0000009475
81000	40580.7634771831	-40578.7594888632	-40578.7594888632	0.0000035117	0.0000035123	-0.0000009577	-0.0000009574
86000	43085.7488770092	-43083.7448886893	-43083.7448886893	0.0000037777	0.0000037784	-0.0000009675	-0.0000009673
91000	45590.7342768353	-45588.7302885154	-45588.7302885154	0.0000040438	0.0000040444	-0.0000009774	-0.0000009772
96000	48095.7196766614	-48093.7156883416	-48093.7156883416	0.0000043098	0.0000043104	-0.0000009873	-0.0000009870
100		50.0997079965	-48.0957196767		-48.0957196767		-0.0000008006	-0.0000008000	-0.0000008058	-0.0000008055
600		300.5982479791	-298.5942596593		-298.5942596593		-0.0000007673	-0.0000007667	-0.0000008000	-0.0000007998
1100	551.0967879617	-549.0927996419		-549.0927996419		-0.0000007401	-0.0000007394	-0.0000008004	-0.0000008001
1600	801.5953279444	-799.5913396245		-799.5913396245		-0.0000007133	-0.0000007126	-0.0000008012	-0.0000008009
2100	1052.0938679270	-1050.0898796071	-1050.0898796071	-0.0000006865	-0.0000006859	-0.0000008021	-0.0000008018
2600	1302.5924079096	-1300.5884195897	-1300.5884195897	-0.0000006599	-0.0000006592	-0.0000008030	-0.0000008027
3100	1553.0909478922	-1551.0869595723	-1551.0869595723	-0.0000006332	-0.0000006326	-0.0000008039	-0.0000008036
3600	1803.5894878748	-1801.5854995549	-1801.5854995549	-0.0000006066	-0.0000006059	-0.0000008049	-0.0000008046
4100	2054.0880278574	-2052.0840395376	-2052.0840395376	-0.0000005799	-0.0000005793	-0.0000008058	-0.0000008055
4600	2304.5865678400	-2302.5825795202	-2302.5825795202	-0.0000005533	-0.0000005527	-0.0000008068	-0.0000008065
5100	2555.0851078226	-2553.0811195028	-2553.0811195028	-0.0000005267	-0.0000005261	-0.0000008078	-0.0000008075
5600	2805.5836478053	-2803.5796594854	-2803.5796594854	-0.0000005001	-0.0000004994	-0.0000008087	-0.0000008085
6100	3056.0821877879	-3054.0781994680	-3054.0781994680	-0.0000004735	-0.0000004728	-0.0000008097	-0.0000008094
6600	3306.5807277705	-3304.5767394506	-3304.5767394506	-0.0000004468	-0.0000004462	-0.0000008107	-0.0000008104
7100	3557.0792677531	-3555.0752794332	-3555.0752794332	-0.0000004202	-0.0000004196	-0.0000008117	-0.0000008114
7600	3807.5778077357	-3805.5738194158	-3805.5738194158	-0.0000003936	-0.0000003930	-0.0000008127	-0.0000008124
8100	4058.0763477183	-4056.0723593984	-4056.0723593984	-0.0000003670	-0.0000003664	-0.0000008136	-0.0000008134
8600	4308.5748877009	-4306.5708993811	-4306.5708993811	-0.0000003404	-0.0000003398	-0.0000008146	-0.0000008143
9100	4559.0734276835	-4557.0694393637	-4557.0694393637	-0.0000003138	-0.0000003132	-0.0000008156	-0.0000008153
9600	4809.5719676661	-4807.5679793463	-4807.5679793463	-0.0000002872	-0.0000002866	-0.0000008166	-0.0000008163
10100	5060.0705076488	-5058.0665193289	-5058.0665193289	-0.0000002606	-0.0000002600	-0.0000008176	-0.0000008173
10600	5310.5690476314	-5308.5650593115	-5308.5650593115	-0.0000002340	-0.0000002333	-0.0000008186	-0.0000008183
11100	5561.0675876140	-5559.0635992941	-5559.0635992941	-0.0000002074	-0.0000002067	-0.0000008195	-0.0000008193
11600	5811.5661275966	-5809.5621392767	-5809.5621392767	-0.0000001808	-0.0000001801	-0.0000008205	-0.0000008202
12100	6062.0646675792	-6060.0606792593	-6060.0606792593	-0.0000001542	-0.0000001535	-0.0000008215	-0.0000008212
12600	6312.5632075618	-6310.5592192420	-6310.5592192420	-0.0000001276	-0.0000001269	-0.0000008225	-0.0000008222
13100	6563.0617475444	-6561.0577592246	-6561.0577592246	-0.0000001010	-0.0000001003	-0.0000008235	-0.0000008232
13600	6813.5602875270	-6811.5562992072	-6811.5562992072	-0.0000000744	-0.0000000737	-0.0000008245	-0.0000008242
14100	7064.0588275096	-7062.0548391898	-7062.0548391898	-0.0000000477	-0.0000000471	-0.0000008255	-0.0000008252
14600	7314.5573674923	-7312.5533791724	-7312.5533791724	-0.0000000211	-0.0000000205	-0.0000008264	-0.0000008262
