100000	6.8948522944e-01	6.8948438398e-01	8.4545916267e-07
200000	8.6248391112e-01	8.6248218595e-01	1.7251711931e-06
300000	1.0229193080e+00	1.0229145766e+00	4.7314349740e-06
400000	1.1734806386e+00	1.1734773395e+00	3.2990786627e-06
500000	1.3160603275e+00	1.3160571085e+00	3.2189251396e-06
600000	1.4520309305e+00	1.4520297002e+00	1.2302458323e-06
700000	1.5824172825e+00	1.5824186958e+00	-1.4132854442e-06
800000	1.7080049406e+00	1.7080088031e+00	-3.8624670324e-06
900000	1.8294058009e+00	1.8294205290e+00	-1.4728108649e-05
-------------------------------------------------------------------------
