# N	E	RS2	RS3	EN2	EN3
200	2.1446631955e+00	-5.1989562098e-01	-4.9775611202e-01	2.0967835186e+00	2.1270088258e+00
300	3.2295877914e+00	-7.6206099986e-01	-7.3997071498e-01	3.1813208747e+00	3.2120534480e+00
400	4.3144299568e+00	-1.0042260402e+00	-9.8216010606e-01	4.2659624584e+00	4.2969564035e+00
500	5.3992784929e+00	-1.2464306031e+00	-1.2243792165e+00	5.3506869995e+00	5.3818419636e+00
600	6.4840266542e+00	-1.4885491778e+00	-1.4665075363e+00	6.4353543488e+00	6.4666147431e+00
700	7.5688063815e+00	-1.7307094415e+00	-1.7086747179e+00	7.5200747061e+00	7.5514121948e+00
800	8.6535805274e+00	-1.9728697323e+00	-1.9508402073e+00	8.6048042332e+00	8.6361998170e+00
900	9.7382703898e+00	-2.2149480404e+00	-2.1929225885e+00	9.6894609276e+00	9.7208999247e+00
1000	1.0823028222e+01	-2.4570985008e+00	-2.4350762677e+00	1.0774190674e+01	1.0805666065e+01
1100	1.1907783614e+01	-2.6992483787e+00	-2.6772288279e+00	1.1858923098e+01	1.1890428300e+01
1200	1.2992537766e+01	-2.9413985663e+00	-2.9193812077e+00	1.2943657993e+01	1.2975188118e+01
1300	1.4077405626e+01	-3.1836659814e+00	-3.1616504299e+00	1.4028507685e+01	1.4060060906e+01
1400	1.5162166448e+01	-3.4258250127e+00	-3.4038110498e+00	1.5113254469e+01	1.5144825825e+01
1500	1.6246926516e+01	-3.6679839979e+00	-3.6459714114e+00	1.6198002350e+01	1.6229589443e+01
2000	2.1670719516e+01	-4.8787784772e+00	-4.8567707049e+00	2.1621752529e+01	2.1653394842e+01
2500	2.7094506047e+01	-6.0895729043e+00	-6.0675680135e+00	2.7045513182e+01	2.7077188740e+01
3000	3.2518288414e+01	-7.3003663410e+00	-7.2783633779e+00	3.2469278201e+01	3.2500975955e+01
3500	3.7942069203e+01	-8.5111600421e+00	-8.4891584522e+00	3.7893046514e+01	3.7924760149e+01
4000	4.3365848774e+01	-9.7219536667e+00	-9.6999531064e+00	4.3316816665e+01	4.3348542222e+01
# N	E	RS2	RS3	EN2	EN3
4	-7.4472887852e-03	-5.9763796036e-02	-3.2993162728e-02	-5.3655272779e-02	-4.0090764378e-02
100	1.0593604614e+00	-2.7768496900e-01	-2.5539467629e-01	1.0125503230e+00	1.0413600908e+00
