# N	E	RS2	RS3	EN2	EN3
200	2.5095362235e+00	-3.2411893871e-01	-3.0323028253e-01	3.6353979633e+00	2.3091045340e+00
300	3.7708160729e+00	-4.6613719883e-01	-4.4528231288e-01	4.3736624982e+00	3.6730559021e+00
400	5.0320588047e+00	-6.0817911957e-01	-5.8734104793e-01	5.5196480666e+00	4.9527336259e+00
500	6.2932874110e+00	-7.5023111189e-01	-7.2940310779e-01	6.7301886842e+00	6.2215370328e+00
600	7.5545075409e+00	-8.9228666107e-01	-8.7146535908e-01	7.9629394820e+00	7.4868650726e+00
700	8.8157241193e+00	-1.0343455449e+00	-1.0135290287e+00	9.2058934868e+00	8.7506604014e+00
800	1.0076938094e+01	-1.1764061227e+00	-1.1555931915e+00	1.0454403959e+01	1.0013641993e+01
900	1.1338150271e+01	-1.3184677640e+00	-1.2976576202e+00	1.1706269609e+01	1.1276140923e+01
1000	1.2599361305e+01	-1.4605302630e+00	-1.4397223477e+00	1.2960314234e+01	1.2538330604e+01
1100	1.3860571466e+01	-1.6025933417e+00	-1.5817872492e+00	1.4215855486e+01	1.3800310011e+01
1200	1.5121780966e+01	-1.7446568500e+00	-1.7238522760e+00	1.5472468630e+01	1.5062140030e+01
1300	1.6382989962e+01	-1.8867206942e+00	-1.8659174049e+00	1.6729875711e+01	1.6323860133e+01
1400	1.7644198584e+01	-2.0287848171e+00	-2.0079826315e+00	1.7987887097e+01	1.7585497056e+01
1500	1.8905406867e+01	-2.1708491344e+00	-2.1500479027e+00	1.9246369477e+01	1.8847069403e+01
2000	2.5211445198e+01	-2.8811727641e+00	-2.8603748701e+00	2.5543181682e+01	2.5154332416e+01
2500	3.1517480649e+01	-3.5914982983e+00	-3.5707024060e+00	3.1843905082e+01	3.1461067673e+01
3000	3.7823514661e+01	-4.3018247887e+00	-4.2810302305e+00	3.8146486221e+01	3.7767554447e+01
3500	4.4129547853e+01	-5.0121518242e+00	-4.9913582188e+00	4.4450095002e+01	4.4073904521e+01
4000	5.0435094821e+01	-5.7219851646e+00	-5.7011942502e+00	5.0754354845e+01	5.0379638862e+01
# N	E	RS2	RS3	EN2	EN3
4	3.0155073723e-03	-4.6823422121e-02	-1.5823826676e-02	-3.8390607064e-02	-2.6567112864e-02
100	1.2481043051e+00	-1.8219493017e-01	-1.6120380527e-01	4.4063828024e-01	1.2351523249e+00
# N	E	RS2	RS3	EN2	EN3
4	3.0155073723e-03	-4.6823422121e-02	-1.5823826676e-02	-3.8390607064e-02	-2.6567112864e-02
20	2.3702448608e-01	-6.9618530178e-02	-4.7735782584e-02	1.6092672817e-01	2.2010556813e-01
40	4.9065606186e-01	-9.7372461540e-02	-7.6062986224e-02	3.4125582231e-01	4.7912313534e-01
60	7.4330897992e-01	-1.2555566842e-01	-1.0442514131e-01	4.8327139579e-01	7.3732077079e-01
80	9.9574747249e-01	-1.5385245962e-01	-1.3280935374e-01	5.5236348778e-01	9.9388807129e-01
100	1.2481043051e+00	-1.8219493017e-01	-1.6120380527e-01	4.4063828023e-01	1.2351523249e+00
120	1.5004212591e+00	-2.1056021563e-01	-1.8960364147e-01	-4.4425680054e-01	1.2672990488e+00
140	1.7527166646e+00	-2.3894038197e-01	-2.1800802211e-01	-2.6109317782e+00	5.8012928411e+00
160	2.0049979938e+00	-2.6732818577e-01	-2.4641407310e-01	5.2193000603e+00	1.1893640982e+00
180	2.2572702673e+00	-2.9572160495e-01	-2.7482164753e-01	3.8358791352e+00	1.9468487678e+00
200	2.5095362235e+00	-3.2411893871e-01	-3.0323028253e-01	3.6353979632e+00	2.3091045340e+00
220	2.7617976387e+00	-3.5251917892e-01	-3.3163974679e-01	3.6734164230e+00	2.6069407828e+00
240	3.0140556331e+00	-3.8092153440e-01	-3.6004978249e-01	3.8004790001e+00	2.8836395843e+00
260	3.2663110182e+00	-4.0932551621e-01	-3.8846026162e-01	3.9705478881e+00	3.1509983258e+00
280	3.5185643606e+00	-4.3773084845e-01	-4.1687114916e-01	4.1646867643e+00	3.4134615045e+00
300	3.7708160729e+00	-4.6613719883e-01	-4.4528231288e-01	4.3736624982e+00	3.6730559021e+00
# N	E	RS2	RS3	EN2	EN3
130	1.6265712574e+00	-2.2474938587e-01	-2.0380576953e-01	-4.6108601914e+00	-1.3513131449e+00
135	1.6896444312e+00	-2.3184459748e-01	-2.1090682045e-01	3.1585754896e+00	7.2087546501e+00
145	1.8157880571e+00	-2.4603668112e-01	-2.2510936047e-01	-4.1263996157e+01	2.2446823024e+01
150	1.8788586947e+00	-2.5313344316e-01	-2.3221082198e-01	1.1303664176e+01	-1.4140752338e+00
# N	E	RS2	RS3	EN2	EN3
# N	E	RS2	RS3	EN2	EN3
