# N	E	RS2	RS3	EN2	EN3
10	3.4961231425e-01	3.1942222264e-01	3.3452279048e-01	3.2527315656e-01	3.2928331140e-01
25	9.0343560912e-01	8.7551867622e-01	8.8970914470e-01	8.8107329387e-01	8.8464676758e-01
50	1.8247385515e+00	1.7975084024e+00	1.8114121458e+00	1.8029694959e+00	1.8064097056e+00
75	2.7457799178e+00	2.7187714662e+00	2.7325814566e+00	2.7242020677e+00	2.7275991473e+00
100	3.6667580507e+00	3.6398590650e+00	3.6536225180e+00	3.6452746195e+00	3.6486503711e+00
250	9.1923659159e+00	9.1656610445e+00	9.1793412971e+00	9.1710504855e+00	9.1743882407e+00
500	1.8401565098e+01	1.8374922808e+01	1.8388575488e+01	1.8380305117e+01	1.8383630318e+01
750	2.7610737162e+01	2.7584117202e+01	2.7597760710e+01	2.7589498409e+01	2.7592819439e+01
1000	3.6819901290e+01	3.6793294812e+01	3.6806933737e+01	3.6798676421e+01	3.6801995366e+01
1500	5.5238229110e+01	5.5211633271e+01	5.5225267615e+01	5.5217017188e+01	5.5220334051e+01
2000	7.3656553908e+01	7.3629963359e+01	7.3643595413e+01	7.3635350333e+01	7.3638666156e+01
2500	9.2074877498e+01	9.2048290100e+01	9.2061920780e+01	9.2053680432e+01	9.2056995631e+01
3000	1.1049320048e+02	1.1046661517e+02	1.1048024493e+02	1.1047200901e+02	1.1047532379e+02
3500	1.2891152313e+02	1.2888493928e+02	1.2889856839e+02	1.2889033672e+02	1.2889365120e+02
4000	1.4732984555e+02	1.4730326280e+02	1.4731689142e+02	1.4730866388e+02	1.4731197814e+02
