# N	E	RS2	RS3	EN2	EN3
10	1.2044520487e+00	1.1748091604e+00	1.1817869084e+00	1.1779778661e+00	1.1803871117e+00
25	3.0730993032e+00	3.0457397155e+00	3.0522417799e+00	3.0487296742e+00	3.0509033331e+00
50	6.1839785320e+00	6.1573068942e+00	6.1636614619e+00	6.1602412364e+00	6.1623430342e+00
75	9.2943232252e+00	9.2678734816e+00	9.2741800483e+00	9.2707898092e+00	9.2728683461e+00
100	1.2404538532e+01	1.2378198322e+01	1.2384481103e+01	1.2381105809e+01	1.2383172842e+01
250	3.1065296108e+01	3.1039150109e+01	3.1045390429e+01	3.1042042571e+01	3.1044089109e+01
500	6.2166257075e+01	6.2140173728e+01	6.2146399997e+01	6.2143062681e+01	6.2145102446e+01
750	9.3267168222e+01	9.3241104471e+01	9.3247326066e+01	9.3243993470e+01	9.3246030984e+01
1000	1.2436806695e+02	1.2434201207e+02	1.2434823133e+02	1.2434490201e+02	1.2434693840e+02
1500	1.8656985202e+02	1.8654380416e+02	1.8655002108e+02	1.8654669686e+02	1.8654873213e+02
2000	2.4877163089e+02	2.4874558470e+02	2.4875180046e+02	2.4874848062e+02	2.4875051532e+02
2500	3.1097340728e+02	3.1094736063e+02	3.1095357569e+02	3.1095025993e+02	3.1095229430e+02
3000	3.7317518244e+02	3.7314913425e+02	3.7315534885e+02	3.7315203703e+02	3.7315407118e+02
3500	4.3537695689e+02	4.3535090656e+02	4.3535712082e+02	4.3535381286e+02	4.3535584685e+02
4000	4.9757873090e+02	4.9755267804e+02	4.9755889205e+02	4.9755558790e+02	4.9755762177e+02
