-5.000000	0.000000	
-4.960784	0.000000	
-4.921568	0.000000	
-4.882353	0.000000	
-4.843137	0.000000	
-4.803922	0.000000	
-4.764706	0.000000	
-4.725490	0.000000	
-4.686275	0.000000	
-4.647059	0.000000	
-4.607843	0.000000	
-4.568627	0.000000	
-4.529412	0.000000	
-4.490196	0.000000	
-4.450980	0.000000	
-4.411765	0.000000	
-4.372549	0.000000	
-4.333333	0.000000	
-4.294117	0.000000	
-4.254902	0.000000	
-4.215686	0.000000	
-4.176471	0.000001	
-4.137255	0.000001	
-4.098039	0.000001	
-4.058824	0.000002	
-4.019608	0.000002	
-3.980392	0.000003	
-3.941176	0.000004	
-3.901961	0.000005	
-3.862745	0.000007	
-3.823529	0.000009	
-3.784314	0.000012	
-3.745098	0.000015	
-3.705882	0.000020	
-3.666667	0.000026	
-3.627451	0.000033	
-3.588235	0.000042	
-3.549020	0.000054	
-3.509804	0.000069	
-3.470588	0.000088	
-3.431373	0.000111	
-3.392157	0.000140	
-3.352941	0.000176	
-3.313725	0.000221	
-3.274510	0.000276	
-3.235294	0.000343	
-3.196078	0.000425	
-3.156863	0.000524	
-3.117647	0.000645	
-3.078431	0.000791	
-3.039216	0.000967	
-3.000000	0.001177	
-2.960784	0.001428	
-2.921569	0.001727	
-2.882353	0.002081	
-2.843137	0.002498	
-2.803921	0.002988	
-2.764706	0.003562	
-2.725490	0.004230	
-2.686275	0.005005	
-2.647059	0.005900	
-2.607843	0.006930	
-2.568627	0.008110	
-2.529412	0.009454	
-2.490196	0.010981	
-2.450980	0.012707	
-2.411765	0.014649	
-2.372549	0.016824	
-2.333333	0.019250	
-2.294117	0.021944	
-2.254902	0.024922	
-2.215686	0.028199	
-2.176471	0.031789	
-2.137255	0.035704	
-2.098039	0.039956	
-2.058823	0.044553	
-2.019608	0.049500	
-1.980392	0.054802	
-1.941176	0.060459	
-1.901961	0.066469	
-1.862745	0.072827	
-1.823529	0.079525	
-1.784314	0.086552	
-1.745098	0.093893	
-1.705882	0.101531	
-1.666667	0.109446	
-1.627451	0.117617	
-1.588235	0.126019	
-1.549020	0.134625	
-1.509804	0.143408	
-1.470588	0.152338	
-1.431372	0.161385	
-1.392157	0.170518	
-1.352941	0.179707	
-1.313725	0.188920	
-1.274510	0.198127	
-1.235294	0.207298	
-1.196078	0.216404	
-1.156862	0.225418	
-1.117647	0.234313	
-1.078431	0.243064	
-1.039216	0.251648	
-1.000000	0.260042	
-0.960784	0.268228	
-0.921568	0.276186	
-0.882353	0.283899	
-0.843137	0.291353	
-0.803921	0.298534	
-0.764706	0.305428	
-0.725490	0.312027	
-0.686275	0.318319	
-0.647058	0.324297	
-0.607843	0.329952	
-0.568627	0.335279	
-0.529412	0.340271	
-0.490196	0.344923	
-0.450980	0.349232	
-0.411765	0.353192	
-0.372549	0.356802	
-0.333333	0.360058	
-0.294117	0.362958	
-0.254902	0.365500	
-0.215686	0.367681	
-0.176470	0.369502	
-0.137255	0.370959	
-0.098039	0.372053	
-0.058824	0.372782	
-0.019608	0.373147	
0.019608	0.373147	
0.058824	0.372782	
0.098040	0.372053	
0.137255	0.370959	
0.176471	0.369502	
0.215686	0.367681	
0.254902	0.365500	
0.294118	0.362958	
0.333333	0.360058	
0.372549	0.356802	
0.411765	0.353192	
0.450981	0.349232	
0.490196	0.344923	
0.529412	0.340271	
0.568628	0.335279	
0.607843	0.329952	
0.647059	0.324297	
0.686275	0.318319	
0.725491	0.312027	
0.764706	0.305428	
0.803922	0.298534	
0.843137	0.291353	
0.882353	0.283899	
0.921569	0.276186	
0.960784	0.268228	
1.000000	0.260042	
1.039216	0.251648	
1.078432	0.243064	
1.117647	0.234313	
1.156863	0.225418	
1.196079	0.216404	
1.235294	0.207298	
1.274510	0.198127	
1.313726	0.188920	
1.352942	0.179707	
1.392157	0.170518	
1.431373	0.161385	
1.470589	0.152338	
1.509804	0.143408	
1.549020	0.134625	
1.588235	0.126019	
1.627451	0.117617	
1.666667	0.109446	
1.705883	0.101531	
1.745098	0.093893	
1.784314	0.086552	
1.823530	0.079525	
1.862745	0.072827	
1.901961	0.066469	
1.941177	0.060459	
1.980392	0.054802	
2.019608	0.049500	
2.058824	0.044553	
2.098040	0.039956	
2.137255	0.035704	
2.176471	0.031789	
2.215686	0.028199	
2.254902	0.024922	
2.294118	0.021944	
2.333333	0.019250	
2.372549	0.016824	
2.411765	0.014649	
2.450981	0.012707	
2.490196	0.010981	
2.529412	0.009454	
2.568628	0.008110	
2.607843	0.006930	
2.647059	0.005900	
2.686275	0.005005	
2.725491	0.004230	
2.764706	0.003562	
2.803922	0.002988	
2.843138	0.002498	
2.882353	0.002081	
2.921569	0.001727	
2.960784	0.001428	
3.000000	0.001177	
3.039216	0.000967	
3.078432	0.000791	
3.117647	0.000645	
3.156863	0.000524	
3.196078	0.000425	
3.235294	0.000343	
3.274510	0.000276	
3.313725	0.000221	
3.352942	0.000176	
3.392158	0.000140	
3.431373	0.000111	
3.470589	0.000088	
3.509804	0.000069	
3.549020	0.000054	
3.588236	0.000042	
3.627451	0.000033	
3.666667	0.000026	
3.705883	0.000020	
3.745098	0.000015	
3.784314	0.000012	
3.823530	0.000009	
3.862745	0.000007	
3.901961	0.000005	
3.941176	0.000004	
3.980392	0.000003	
4.019608	0.000002	
4.058824	0.000002	
4.098040	0.000001	
4.137256	0.000001	
4.176471	0.000001	
4.215687	0.000000	
4.254902	0.000000	
4.294118	0.000000	
4.333334	0.000000	
4.372549	0.000000	
4.411765	0.000000	
4.450981	0.000000	
4.490196	0.000000	
4.529412	0.000000	
4.568627	0.000000	
4.607843	0.000000	
4.647059	0.000000	
4.686275	0.000000	
4.725491	0.000000	
4.764707	0.000000	
4.803922	0.000000	
4.843138	0.000000	
4.882353	0.000000	
4.921569	0.000000	
4.960785	0.000000	
5.000000	0.000000	
