#1000 particles 16 basis funcs
-4.000000|	0.531217	0.468783	-1.369445	-0.207542|	1.000000	0.000000	-1.161903	0.000000
-3.500000|	0.453540	0.546460	-1.259468	-0.160510|	1.000000	0.000000	-1.098958	0.000000
-2.500000|	0.605363	0.394637	-1.061494	-0.073960|	1.000000	0.000000	-0.987534	0.000000
-1.500000|	0.235096	0.764904	-0.895358	-0.013526|	0.000000	1.000000	-0.881832	0.000000
-1.000000|	0.000000	1.000000	-0.863057	-0.032294|	0.000000	1.000000	-0.830763	-0.000000
-0.500000|	1.000000	0.000000	-0.779920	 0.000824|	1.000000	0.000000	-0.779913	0.000830
 0.500000|	0.000000	1.000000	-0.683524	-0.000000|	0.000000	1.000000	-0.683524	-0.000000
#1000 particles 32 basis funcs
-4.000000|	0.530466	0.469534	-1.370894	-0.208891|	1.000000	0.000000	-1.162003	-0.000000
-3.500000|	0.545920	0.454080	-1.260080	-0.161115|	-0.000000	1.000000	-nan	-nan
-2.500000|	0.394813	0.605187	-1.061574	-0.074027|	1.000000	0.000000	-0.987546	0.000000
-1.500000|	0.764891	0.235109	-0.895372	-0.013526|	0.000000	1.000000	-0.881846	-0.000000
-1.000000|	1.000000	0.000000	-0.862010	-0.031233|	-0.000000	1.000000	-nan	-nan
-0.500000|	1.000000	0.000000	-0.780757	-0.000000|	1.000000	-0.000000	-nan	-nan
0.500000|	0.000000	1.000000	-0.683537	0.000000|	-0.000000	1.000000	-nan	-nan
-1.000000|	-0.000000	1.000000	-nan	-nan|	1.000000	-0.000000	-nan	-nan
-1.000000|	0.000000	1.000000	-0.863057	-0.032294|	0.000000	1.000000	-0.830763	0.000000
-1.000000|	0.000000	1.000000	-0.863057	-0.032294|	0.000000	1.000000	-0.830763	-0.000000
-1.000000|	0.000000	1.000000	-0.863057	-0.032294|	0.000000	1.000000	-0.830763	0.000000
-1.000000|	1.000000	0.000000	-0.861997	-0.031234|	1.000000	0.000000	-0.830763	-0.000000
-1.000000|	0.500000	0.500000	0.000000	0.830763|	0.500000	0.500000	0.000000	0.830763
-1.000000|	0.000000	1.000000	-nan	-nan|	0.000000	1.000000	-nan	-nan
-4.000000|	0.531000	0.469000	-1.369445	-0.207542|	1.000000	0.000000	-1.161903	-0.000000
