-5.000000	0.000007
-4.960784	0.000010
-4.921568	0.000012
-4.882353	0.000016
-4.843137	0.000020
-4.803922	0.000026
-4.764706	0.000033
-4.725490	0.000041
-4.686275	0.000052
-4.647059	0.000065
-4.607843	0.000082
-4.568627	0.000102
-4.529412	0.000127
-4.490196	0.000158
-4.450980	0.000195
-4.411765	0.000241
-4.372549	0.000297
-4.333333	0.000364
-4.294117	0.000445
-4.254902	0.000542
-4.215686	0.000658
-4.176471	0.000796
-4.137255	0.000960
-4.098039	0.001154
-4.058824	0.001382
-4.019608	0.001648
-3.980392	0.001960
-3.941176	0.002322
-3.901961	0.002742
-3.862745	0.003226
-3.823529	0.003782
-3.784314	0.004419
-3.745098	0.005146
-3.705882	0.005971
-3.666667	0.006906
-3.627451	0.007960
-3.588235	0.009144
-3.549020	0.010469
-3.509804	0.011946
-3.470588	0.013585
-3.431373	0.015397
-3.392157	0.017392
-3.352941	0.019580
-3.313725	0.021969
-3.274510	0.024567
-3.235294	0.027379
-3.196078	0.030412
-3.156863	0.033668
-3.117647	0.037148
-3.078431	0.040854
-3.039216	0.044784
-3.000000	0.048933
-2.960784	0.053296
-2.921569	0.057866
-2.882353	0.062634
-2.843137	0.067588
-2.803921	0.072716
-2.764706	0.078004
-2.725490	0.083436
-2.686275	0.088994
-2.647059	0.094659
-2.607843	0.100412
-2.568627	0.106230
-2.529412	0.112093
-2.490196	0.117977
-2.450980	0.123857
-2.411765	0.129712
-2.372549	0.135516
-2.333333	0.141245
-2.294117	0.146878
-2.254902	0.152390
-2.215686	0.157761
-2.176471	0.162971
-2.137255	0.168000
-2.098039	0.172831
-2.058823	0.177448
-2.019608	0.181838
-1.980392	0.185988
-1.941176	0.189886
-1.901961	0.193523
-1.862745	0.196891
-1.823529	0.199982
-1.784314	0.202790
-1.745098	0.205310
-1.705882	0.207536
-1.666667	0.209464
-1.627451	0.211091
-1.588235	0.212414
-1.549020	0.213432
-1.509804	0.214145
-1.470588	0.214554
-1.431372	0.214660
-1.392157	0.214469
-1.352941	0.213987
-1.313725	0.213221
-1.274510	0.212180
-1.235294	0.210877
-1.196078	0.209324
-1.156862	0.207536
-1.117647	0.205526
-1.078431	0.203312
-1.039216	0.200910
-1.000000	0.198335
-0.960784	0.195604
-0.921568	0.192733
-0.882353	0.189737
-0.843137	0.186633
-0.803921	0.183435
-0.764706	0.180160
-0.725490	0.176823
-0.686275	0.173443
-0.647058	0.170038
-0.607843	0.166629
-0.568627	0.163236
-0.529412	0.159885
-0.490196	0.156600
-0.450980	0.153410
-0.411765	0.150344
-0.372549	0.147430
-0.333333	0.144700
-0.294117	0.142183
-0.254902	0.139907
-0.215686	0.137901
-0.176470	0.136188
-0.137255	0.134790
-0.098039	0.133725
-0.058824	0.133007
-0.019608	0.132646
0.019608	0.132646
0.058824	0.133007
0.098040	0.133725
0.137255	0.134790
0.176471	0.136188
0.215686	0.137901
0.254902	0.139907
0.294118	0.142183
0.333333	0.144700
0.372549	0.147430
0.411765	0.150344
0.450981	0.153411
0.490196	0.156601
0.529412	0.159885
0.568628	0.163236
0.607843	0.166629
0.647059	0.170038
0.686275	0.173443
0.725491	0.176823
0.764706	0.180160
0.803922	0.183435
0.843137	0.186633
0.882353	0.189737
0.921569	0.192733
0.960784	0.195604
1.000000	0.198335
1.039216	0.200910
1.078432	0.203312
1.117647	0.205526
1.156863	0.207536
1.196079	0.209324
1.235294	0.210877
1.274510	0.212180
1.313726	0.213221
1.352942	0.213987
1.392157	0.214469
1.431373	0.214660
1.470589	0.214554
1.509804	0.214145
1.549020	0.213432
1.588235	0.212414
1.627451	0.211091
1.666667	0.209464
1.705883	0.207536
1.745098	0.205310
1.784314	0.202790
1.823530	0.199982
1.862745	0.196891
1.901961	0.193523
1.941177	0.189886
1.980392	0.185987
2.019608	0.181838
2.058824	0.177448
2.098040	0.172831
2.137255	0.168000
2.176471	0.162971
2.215686	0.157761
2.254902	0.152390
2.294118	0.146878
2.333333	0.141245
2.372549	0.135516
2.411765	0.129712
2.450981	0.123857
2.490196	0.117976
2.529412	0.112093
2.568628	0.106230
2.607843	0.100412
2.647059	0.094659
2.686275	0.088994
2.725491	0.083436
2.764706	0.078004
2.803922	0.072716
2.843138	0.067588
2.882353	0.062634
2.921569	0.057866
2.960784	0.053296
3.000000	0.048933
3.039216	0.044784
3.078432	0.040854
3.117647	0.037148
3.156863	0.033668
3.196078	0.030412
3.235294	0.027379
3.274510	0.024567
3.313725	0.021969
3.352942	0.019580
3.392158	0.017392
3.431373	0.015397
3.470589	0.013585
3.509804	0.011946
3.549020	0.010469
3.588236	0.009144
3.627451	0.007960
3.666667	0.006906
3.705883	0.005971
3.745098	0.005146
3.784314	0.004419
3.823530	0.003782
3.862745	0.003226
3.901961	0.002742
3.941176	0.002322
3.980392	0.001960
4.019608	0.001648
4.058824	0.001382
4.098040	0.001154
4.137256	0.000960
4.176471	0.000796
4.215687	0.000658
4.254902	0.000542
4.294118	0.000445
4.333334	0.000364
4.372549	0.000297
4.411765	0.000241
4.450981	0.000195
4.490196	0.000158
4.529412	0.000127
4.568627	0.000102
4.607843	0.000082
4.647059	0.000065
4.686275	0.000052
4.725491	0.000041
4.764707	0.000033
4.803922	0.000026
4.843138	0.000020
4.882353	0.000016
4.921569	0.000012
4.960785	0.000010
5.000000	0.000007
