# N	E	RS2	RS3	EN2	EN3
4	-2.0108552256e-03	-5.3176132693e-02	-2.4336796554e-02	-4.5865915920e-02	-3.3196456203e-02
6	1.1525755253e-02	-3.4569846888e-02	-1.4569213540e-03	-2.5298434992e-02	-1.4134900440e-02
10	3.3586465651e-02	-8.6980864746e-03	2.6633024873e-02	1.2827726188e-03	1.1336838197e-02
15	5.9442076197e-02	1.8901022041e-02	5.4957668909e-02	2.9080340506e-02	3.8609960391e-02
20	8.4834878044e-02	4.5129321829e-02	8.1467119906e-02	5.5373934561e-02	6.4649505950e-02
40	1.8538569296e-01	1.4688853628e-01	1.8355556976e-01	1.5719559392e-01	1.6610064498e-01
60	2.8555988600e-01	2.4745390812e-01	2.8420749884e-01	2.5777322597e-01	2.6655763302e-01
80	3.8564532360e-01	3.4773264938e-01	3.8452555618e-01	3.5805677956e-01	3.6678139168e-01
100	4.8569606797e-01	4.4789859310e-01	4.8471389584e-01	4.5822525028e-01	4.6691416008e-01
# N	E	RS2	RS3	EN2	EN3
# N	E	RS2	RS3	EN2	EN3
