# N	E	RS2	RS3	EN2	EN3
4	3.0155073723e-03	-4.6823422121e-02	-1.5823826676e-02	-3.8390607064e-02	-2.6567112864e-02
6	1.7429209965e-02	-2.7174214351e-02	7.5099347005e-03	-1.7281759307e-02	-6.8654604101e-03
10	4.1986464316e-02	1.1303915242e-03	3.7468470067e-02	1.1505228241e-02	2.0863087668e-02
15	7.1195201371e-02	3.2053358569e-02	6.8863508173e-02	4.2522045891e-02	5.1377540020e-02
20	1.0000000000e-01	6.1675882666e-02	9.8647677876e-02	7.2164578662e-02	8.0776484041e-02
40	2.1432400127e-01	1.7717928175e-01	2.1431033761e-01	1.8766972050e-01	1.9592635574e-01
60	3.2831651895e-01	2.9155263644e-01	3.2871641076e-01	3.0203710292e-01	3.1017805884e-01
80	4.4223073508e-01	4.0565496998e-01	4.4283153976e-01	4.1613534142e-01	4.2421899454e-01
100	5.5611431674e-01	5.1965072079e-01	5.5683384220e-01	5.3012829282e-01	5.3817772473e-01
110	6.1304991059e-01	5.7662695761e-01	6.1381226422e-01	5.8710345046e-01	5.9514047509e-01
120	6.6998276691e-01	6.3359363355e-01	6.7078066371e-01	6.4406919760e-01	6.5209589627e-01
125	6.9844837620e-01	6.6207411004e-01	6.9926187940e-01	6.7254925990e-01	6.8057141721e-01
130	7.2691352450e-01	6.9055297378e-01	7.2774141229e-01	7.0102773741e-01	7.0904570442e-01
135	7.5537826358e-01	7.1903040518e-01	7.5621945229e-01	7.2950480784e-01	7.3751889663e-01
140	7.8384263775e-01	7.4750655882e-01	7.8469616163e-01	7.5798062350e-01	7.6599111257e-01
145	8.1230668512e-01	7.7598158343e-01	8.1317169233e-01	7.8645533041e-01	7.9446246693e-01
150	8.4077043870e-01	8.0445556338e-01	8.4164614044e-01	8.1492901221e-01	8.2293302299e-01
155	8.6923392718e-01	8.3292862220e-01	8.7011961345e-01	8.4340178530e-01	8.5140287214e-01
160	8.9769717565e-01	8.6140083201e-01	8.9859222253e-01	8.7187373022e-01	8.7987207750e-01
170	9.5462303794e-01	9.1834302656e-01	9.5553513167e-01	9.2881543779e-01	9.3680879153e-01
180	1.0115481725e+00	9.7528266910e-01	1.0124753948e+00	9.8575464304e-01	9.9374356036e-01
200	1.1253966984e+00	1.0891558351e+00	1.1263495803e+00	1.0996270558e+00	1.1076084334e+00
220	1.2392434316e+00	1.2030227244e+00	1.2402172707e+00	1.2134933193e+00	1.2214685299e+00
240	1.3530888230e+00	1.3168848878e+00	1.3540800873e+00	1.3273549561e+00	1.3353250351e+00
260	1.4669331839e+00	1.4307434309e+00	1.4679391687e+00	1.4412130495e+00	1.4491787885e+00
280	1.5807767363e+00	1.5445991322e+00	1.5817953213e+00	1.5550683623e+00	1.5630303832e+00
300	1.6946196427e+00	1.6584525628e+00	1.6956491349e+00	1.6689214538e+00	1.6768802534e+00
