-5.000000	-3.7844202689e+00	-9.7699626167e-15	-4.9806059335e-01	-6.9140006348e-01	-6.3195178185e-01	-7.8732638647e-01
-4.000000	-2.2714264192e+00	2.6645352591e-15	-3.8941390999e-01	-5.2745418230e-01	-4.8137405613e-01	-5.8867235499e-01
-3.000000	-9.4826199892e-01	1.3322676296e-15	-2.6622129543e-01	-3.4816702456e-01	-3.1949203522e-01	-3.7907074944e-01
-2.000000	1.8348430457e-01	0.0000000000e+00	-1.3910618509e-01	-1.7238573348e-01	-1.6024972756e-01	-1.8177423431e-01
-1.000000	1.1528974706e+00	2.2204460493e-16	-3.9131278082e-02	-4.4549563172e-02	-4.2412456313e-02	-4.5367258805e-02
1.000000	2.7579481617e+00	4.4408920985e-16	-4.5218588717e-02	-3.7212050852e-02	-4.1237524036e-02	-3.8386257939e-02
2.000000	3.4499423266e+00	0.0000000000e+00	-1.8949475934e-01	-1.1548522598e-01	-1.5706201931e-01	-1.3584870186e-01
3.000000	4.0916834921e+00	8.8817841970e-16	-4.4228274936e-01	-1.6044304127e-01	-3.3381759196e-01	-2.6802614436e-01
4.000000	4.6939286984e+00	8.8817841970e-16	-8.0987528885e-01	-7.0136498702e-02	-5.5920424430e-01	-4.1660312443e-01
5.000000	5.2642472354e+00	8.8817841970e-16	-1.2966394891e+00	2.8027965996e-01	-8.2364258233e-01	-5.6870906191e-01
