-5.000000	1.6448256078e+00	-1.3322676296e-15	-2.5643716088e+00	-8.5683998353e+00	8.0274966122e-01	1.2820217896e+00
-4.000000	2.3440083354e+00	0.0000000000e+00	-1.5970411394e+00	-4.5993091666e+00	8.7580512281e-01	1.2635679292e+00
-3.000000	3.0108483479e+00	4.4408920985e-16	-8.7375786190e-01	-2.1094620991e+00	1.1015232985e+00	1.4390074082e+00
-2.000000	3.6469892246e+00	-4.4408920985e-16	-3.7749389955e-01	-7.3393029700e-01	1.6579172705e+01	1.9708926598e+01
-1.000000	4.2546357403e+00	0.0000000000e+00	-9.1759723081e-02	-1.3509108602e-01	-1.6483190361e-01	-1.7929438636e-01
1.000000	5.3942537950e+00	3.5527136788e-15	-8.7113439770e-02	-4.5994621712e-02	-6.4624282451e-02	-5.9613300315e-02
2.000000	5.9310715547e+00	0.0000000000e+00	-3.4058225779e-01	-1.8968914085e-02	-2.0898686700e-01	-1.7820076242e-01
3.000000	6.4488770386e+00	0.0000000000e+00	-7.5071464960e-01	3.1366835241e-01	-4.0249729658e-01	-3.1752861838e-01
4.000000	6.9496352374e+00	-1.7763568394e-15	-1.3103165398e+00	1.1711122539e+00	-6.3357318332e-01	-4.6228406110e-01
5.000000	7.4350709706e+00	-1.7763568394e-15	-2.0141522312e+00	2.7651770245e+00	-8.9594204459e-01	-6.0439756041e-01
