-10.000000	0.018577	0.018577
-9.990000	0.018620	0.018620
-9.980000	0.018663	0.018663
-9.970000	0.018706	0.018706
-9.960000	0.018749	0.018749
-9.950000	0.018792	0.018792
-9.940000	0.018836	0.018836
-9.930000	0.018879	0.018879
-9.920000	0.018922	0.018922
-9.910000	0.018966	0.018966
-9.900000	0.019009	0.019009
-9.890000	0.019053	0.019053
-9.880000	0.019097	0.019097
-9.870000	0.019140	0.019140
-9.860000	0.019184	0.019184
-9.850000	0.019228	0.019228
-9.840000	0.019272	0.019272
-9.830000	0.019316	0.019316
-9.820000	0.019360	0.019360
-9.810000	0.019404	0.019404
-9.800000	0.019448	0.019448
-9.790000	0.019492	0.019492
-9.780000	0.019536	0.019536
-9.770000	0.019581	0.019581
-9.760000	0.019625	0.019625
-9.750000	0.019670	0.019670
-9.740000	0.019714	0.019714
-9.730000	0.019759	0.019759
-9.720000	0.019803	0.019803
-9.710000	0.019848	0.019848
-9.700000	0.019893	0.019893
-9.690000	0.019937	0.019937
-9.680000	0.019982	0.019982
-9.670000	0.020027	0.020027
-9.660000	0.020072	0.020072
-9.650000	0.020117	0.020117
-9.640000	0.020162	0.020162
-9.630000	0.020207	0.020207
-9.620000	0.020253	0.020253
-9.610000	0.020298	0.020298
-9.600000	0.020343	0.020343
-9.590000	0.020389	0.020389
-9.580000	0.020434	0.020434
-9.570000	0.020480	0.020480
-9.560000	0.020525	0.020525
-9.550000	0.020571	0.020571
-9.540000	0.020616	0.020616
-9.530000	0.020662	0.020662
-9.520000	0.020708	0.020708
-9.510000	0.020754	0.020754
-9.500000	0.020800	0.020800
-9.490000	0.020846	0.020846
-9.480000	0.020892	0.020892
-9.470000	0.020938	0.020938
-9.460000	0.020984	0.020984
-9.450000	0.021030	0.021030
-9.440000	0.021077	0.021077
-9.430000	0.021123	0.021123
-9.420000	0.021169	0.021169
-9.410000	0.021216	0.021216
-9.400000	0.021262	0.021262
-9.390000	0.021309	0.021309
-9.380000	0.021355	0.021355
-9.370000	0.021402	0.021402
-9.360000	0.021449	0.021449
-9.350000	0.021496	0.021496
-9.340000	0.021543	0.021543
-9.330000	0.021589	0.021589
-9.320000	0.021636	0.021636
-9.310000	0.021683	0.021683
-9.300000	0.021731	0.021731
-9.290000	0.021778	0.021778
-9.280000	0.021825	0.021825
-9.270000	0.021872	0.021872
-9.260000	0.021919	0.021919
-9.250000	0.021967	0.021967
-9.240000	0.022014	0.022014
-9.230000	0.022062	0.022062
-9.220000	0.022109	0.022109
-9.210000	0.022157	0.022157
-9.200000	0.022204	0.022204
-9.190000	0.022252	0.022252
-9.180000	0.022300	0.022300
-9.170000	0.022348	0.022348
-9.160000	0.022396	0.022396
-9.150000	0.022444	0.022444
-9.140000	0.022492	0.022492
-9.130000	0.022540	0.022540
-9.120000	0.022588	0.022588
-9.110000	0.022636	0.022636
-9.100000	0.022684	0.022684
-9.090000	0.022732	0.022732
-9.080000	0.022781	0.022781
-9.070000	0.022829	0.022829
-9.060000	0.022877	0.022877
-9.050000	0.022926	0.022926
-9.040000	0.022974	0.022974
-9.030000	0.023023	0.023023
-9.020000	0.023072	0.023072
-9.010000	0.023120	0.023120
-9.000000	0.023169	0.023169
-8.990000	0.023218	0.023218
-8.980000	0.023267	0.023267
-8.970000	0.023316	0.023316
-8.960000	0.023365	0.023365
-8.950000	0.023414	0.023414
-8.940000	0.023463	0.023463
-8.930000	0.023512	0.023512
-8.920000	0.023561	0.023561
-8.910000	0.023610	0.023610
-8.900000	0.023660	0.023660
-8.890000	0.023709	0.023709
-8.880000	0.023758	0.023758
-8.870000	0.023808	0.023808
-8.860000	0.023857	0.023857
-8.850000	0.023907	0.023907
-8.840000	0.023957	0.023957
-8.830000	0.024006	0.024006
-8.820000	0.024056	0.024056
-8.810000	0.024106	0.024106
-8.800000	0.024156	0.024156
-8.790000	0.024205	0.024205
-8.780000	0.024255	0.024255
-8.770000	0.024305	0.024305
-8.760000	0.024355	0.024355
-8.750000	0.024406	0.024406
-8.740000	0.024456	0.024456
-8.730000	0.024506	0.024506
-8.720000	0.024556	0.024556
-8.710000	0.024606	0.024606
-8.700000	0.024657	0.024657
-8.690000	0.024707	0.024707
-8.680000	0.024758	0.024758
-8.670000	0.024808	0.024808
-8.660000	0.024859	0.024859
-8.650000	0.024909	0.024909
-8.640000	0.024960	0.024960
-8.630000	0.025011	0.025011
-8.620000	0.025061	0.025061
-8.610000	0.025112	0.025112
-8.600000	0.025163	0.025163
-8.590000	0.025214	0.025214
-8.580000	0.025265	0.025265
-8.570000	0.025316	0.025316
-8.560000	0.025367	0.025367
-8.550000	0.025418	0.025418
-8.540000	0.025469	0.025469
-8.530000	0.025520	0.025520
-8.520000	0.025572	0.025572
-8.510000	0.025623	0.025623
-8.500000	0.025674	0.025674
-8.490000	0.025726	0.025726
-8.480000	0.025777	0.025777
-8.470000	0.025828	0.025828
-8.460000	0.025880	0.025880
-8.450000	0.025932	0.025932
-8.440000	0.025983	0.025983
-8.430000	0.026035	0.026035
-8.420000	0.026087	0.026087
-8.410000	0.026138	0.026138
-8.400000	0.026190	0.026190
-8.390000	0.026242	0.026242
-8.380000	0.026294	0.026294
-8.370000	0.026346	0.026346
-8.360000	0.026398	0.026398
-8.350000	0.026450	0.026450
-8.340000	0.026502	0.026502
-8.330000	0.026554	0.026554
-8.320000	0.026606	0.026606
-8.310000	0.026659	0.026659
-8.300000	0.026711	0.026711
-8.290000	0.026763	0.026763
-8.280000	0.026816	0.026816
-8.270000	0.026868	0.026868
-8.260000	0.026921	0.026921
-8.250000	0.026973	0.026973
-8.240000	0.027026	0.027026
-8.230000	0.027078	0.027078
-8.220000	0.027131	0.027131
-8.210000	0.027184	0.027184
-8.200000	0.027236	0.027236
-8.190000	0.027289	0.027289
-8.180000	0.027342	0.027342
-8.170000	0.027395	0.027395
-8.160000	0.027448	0.027448
-8.150000	0.027501	0.027501
-8.140000	0.027554	0.027554
-8.130000	0.027607	0.027607
-8.120000	0.027660	0.027660
-8.110000	0.027713	0.027713
-8.100000	0.027766	0.027766
-8.090000	0.027819	0.027819
-8.080000	0.027873	0.027873
-8.070000	0.027926	0.027926
-8.060000	0.027979	0.027979
-8.050000	0.028033	0.028033
-8.040000	0.028086	0.028086
-8.030000	0.028139	0.028139
-8.020000	0.028193	0.028193
-8.010000	0.028247	0.028247
-8.000000	0.028300	0.028300
-7.990000	0.028354	0.028354
-7.980000	0.028407	0.028407
-7.970000	0.028461	0.028461
-7.960000	0.028515	0.028515
-7.950000	0.028569	0.028569
-7.940000	0.028623	0.028623
-7.930000	0.028676	0.028676
-7.920000	0.028730	0.028730
-7.910000	0.028784	0.028784
-7.900000	0.028838	0.028838
-7.890000	0.028892	0.028892
-7.880000	0.028946	0.028946
-7.870000	0.029000	0.029000
-7.860000	0.029055	0.029055
-7.850000	0.029109	0.029109
-7.840000	0.029163	0.029163
-7.830000	0.029217	0.029217
-7.820000	0.029272	0.029272
-7.810000	0.029326	0.029326
-7.800000	0.029380	0.029380
-7.790000	0.029435	0.029435
-7.780000	0.029489	0.029489
-7.770000	0.029544	0.029544
-7.760000	0.029598	0.029598
-7.750000	0.029653	0.029653
-7.740000	0.029707	0.029707
-7.730000	0.029762	0.029762
-7.720000	0.029817	0.029817
-7.710000	0.029871	0.029871
-7.700000	0.029926	0.029926
-7.690000	0.029981	0.029981
-7.680000	0.030036	0.030036
-7.670000	0.030091	0.030091
-7.660000	0.030145	0.030145
-7.650000	0.030200	0.030200
-7.640000	0.030255	0.030255
-7.630000	0.030310	0.030310
-7.620000	0.030365	0.030365
-7.610000	0.030420	0.030420
-7.600000	0.030475	0.030475
-7.590000	0.030531	0.030531
-7.580000	0.030586	0.030586
-7.570000	0.030641	0.030641
-7.560000	0.030696	0.030696
-7.550000	0.030751	0.030751
-7.540000	0.030807	0.030807
-7.530000	0.030862	0.030862
-7.520000	0.030917	0.030917
-7.510000	0.030973	0.030973
-7.500000	0.031028	0.031028
-7.490000	0.031084	0.031084
-7.480000	0.031139	0.031139
-7.470000	0.031195	0.031195
-7.460000	0.031250	0.031250
-7.450000	0.031306	0.031306
-7.440000	0.031361	0.031361
-7.430000	0.031417	0.031417
-7.420000	0.031473	0.031473
-7.410000	0.031528	0.031528
-7.400000	0.031584	0.031584
-7.390000	0.031640	0.031640
-7.380000	0.031696	0.031696
-7.370000	0.031751	0.031751
-7.360000	0.031807	0.031807
-7.350000	0.031863	0.031863
-7.340000	0.031919	0.031919
-7.330000	0.031975	0.031975
-7.320000	0.032031	0.032031
-7.310000	0.032087	0.032087
-7.300000	0.032143	0.032143
-7.290000	0.032199	0.032199
-7.280000	0.032255	0.032255
-7.270000	0.032311	0.032311
-7.260000	0.032367	0.032367
-7.250000	0.032423	0.032423
-7.240000	0.032480	0.032480
-7.230000	0.032536	0.032536
-7.220000	0.032592	0.032592
-7.210000	0.032648	0.032648
-7.200000	0.032705	0.032705
-7.190000	0.032761	0.032761
-7.180000	0.032817	0.032817
-7.170000	0.032874	0.032874
-7.160000	0.032930	0.032930
-7.150000	0.032986	0.032986
-7.140000	0.033043	0.033043
-7.130000	0.033099	0.033099
-7.120000	0.033156	0.033156
-7.110000	0.033212	0.033212
-7.100000	0.033269	0.033269
-7.090000	0.033325	0.033325
-7.080000	0.033382	0.033382
-7.070000	0.033438	0.033438
-7.060000	0.033495	0.033495
-7.050000	0.033552	0.033552
-7.040000	0.033608	0.033608
-7.030000	0.033665	0.033665
-7.020000	0.033722	0.033722
-7.010000	0.033778	0.033778
-7.000000	0.033835	0.033835
-6.990000	0.033892	0.033892
-6.980000	0.033949	0.033949
-6.970000	0.034006	0.034006
-6.960000	0.034062	0.034062
-6.950000	0.034119	0.034119
-6.940000	0.034176	0.034176
-6.930000	0.034233	0.034233
-6.920000	0.034290	0.034290
-6.910000	0.034347	0.034347
-6.900000	0.034404	0.034404
-6.890000	0.034461	0.034461
-6.880000	0.034518	0.034518
-6.870000	0.034575	0.034575
-6.860000	0.034632	0.034632
-6.850000	0.034689	0.034689
-6.840000	0.034746	0.034746
-6.830000	0.034803	0.034803
-6.820000	0.034860	0.034860
-6.810000	0.034917	0.034917
-6.800000	0.034974	0.034974
-6.790000	0.035031	0.035031
-6.780000	0.035088	0.035088
-6.770000	0.035146	0.035146
-6.760000	0.035203	0.035203
-6.750000	0.035260	0.035260
-6.740000	0.035317	0.035317
-6.730000	0.035374	0.035374
-6.720000	0.035432	0.035432
-6.710000	0.035489	0.035489
-6.700000	0.035546	0.035546
-6.690000	0.035603	0.035603
-6.680000	0.035661	0.035661
-6.670000	0.035718	0.035718
-6.660000	0.035775	0.035775
-6.650000	0.035833	0.035833
-6.640000	0.035890	0.035890
-6.630000	0.035947	0.035947
-6.620000	0.036005	0.036005
-6.610000	0.036062	0.036062
-6.600000	0.036119	0.036119
-6.590000	0.036177	0.036177
-6.580000	0.036234	0.036234
-6.570000	0.036292	0.036292
-6.560000	0.036349	0.036349
-6.550000	0.036406	0.036406
-6.540000	0.036464	0.036464
-6.530000	0.036521	0.036521
-6.520000	0.036579	0.036579
-6.510000	0.036636	0.036636
-6.500000	0.036694	0.036694
-6.490000	0.036751	0.036751
-6.480000	0.036809	0.036809
-6.470000	0.036866	0.036866
-6.460000	0.036924	0.036924
-6.450000	0.036981	0.036981
-6.440000	0.037039	0.037039
-6.430000	0.037096	0.037096
-6.420000	0.037154	0.037154
-6.410000	0.037211	0.037211
-6.400000	0.037269	0.037269
-6.390000	0.037326	0.037326
-6.380000	0.037384	0.037384
-6.370000	0.037442	0.037442
-6.360000	0.037499	0.037499
-6.350000	0.037557	0.037557
-6.340000	0.037614	0.037614
-6.330000	0.037672	0.037672
-6.320000	0.037729	0.037729
-6.310000	0.037787	0.037787
-6.300000	0.037845	0.037845
-6.290000	0.037902	0.037902
-6.280000	0.037960	0.037960
-6.270000	0.038017	0.038017
-6.260000	0.038075	0.038075
-6.250000	0.038133	0.038133
-6.240000	0.038190	0.038190
-6.230000	0.038248	0.038248
-6.220000	0.038305	0.038305
-6.210000	0.038363	0.038363
-6.200000	0.038421	0.038421
-6.190000	0.038478	0.038478
-6.180000	0.038536	0.038536
-6.170000	0.038593	0.038593
-6.160000	0.038651	0.038651
-6.150000	0.038709	0.038709
-6.140000	0.038766	0.038766
-6.130000	0.038824	0.038824
-6.120000	0.038881	0.038881
-6.110000	0.038939	0.038939
-6.100000	0.038997	0.038997
-6.090000	0.039054	0.039054
-6.080000	0.039112	0.039112
-6.070000	0.039169	0.039169
-6.060000	0.039227	0.039227
-6.050000	0.039285	0.039285
-6.040000	0.039342	0.039342
-6.030000	0.039400	0.039400
-6.020000	0.039457	0.039457
-6.010000	0.039515	0.039515
-6.000000	0.039572	0.039572
-5.990000	0.039630	0.039630
-5.980000	0.039687	0.039687
-5.970000	0.039745	0.039745
-5.960000	0.039802	0.039802
-5.950000	0.039860	0.039860
-5.940000	0.039917	0.039917
-5.930000	0.039975	0.039975
-5.920000	0.040032	0.040032
-5.910000	0.040090	0.040090
-5.900000	0.040147	0.040147
-5.890000	0.040205	0.040205
-5.880000	0.040262	0.040262
-5.870000	0.040320	0.040320
-5.860000	0.040377	0.040377
-5.850000	0.040435	0.040435
-5.840000	0.040492	0.040492
-5.830000	0.040549	0.040549
-5.820000	0.040607	0.040607
-5.810000	0.040664	0.040664
-5.800000	0.040722	0.040722
-5.790000	0.040779	0.040779
-5.780000	0.040836	0.040836
-5.770000	0.040894	0.040894
-5.760000	0.040951	0.040951
-5.750000	0.041008	0.041008
-5.740000	0.041066	0.041066
-5.730000	0.041123	0.041123
-5.720000	0.041180	0.041180
-5.710000	0.041237	0.041237
-5.700000	0.041295	0.041295
-5.690000	0.041352	0.041352
-5.680000	0.041409	0.041409
-5.670000	0.041466	0.041466
-5.660000	0.041523	0.041523
-5.650000	0.041581	0.041581
-5.640000	0.041638	0.041638
-5.630000	0.041695	0.041695
-5.620000	0.041752	0.041752
-5.610000	0.041809	0.041809
-5.600000	0.041866	0.041866
-5.590000	0.041923	0.041923
-5.580000	0.041980	0.041980
-5.570000	0.042037	0.042037
-5.560000	0.042094	0.042094
-5.550000	0.042151	0.042151
-5.540000	0.042208	0.042208
-5.530000	0.042265	0.042265
-5.520000	0.042322	0.042322
-5.510000	0.042379	0.042379
-5.500000	0.042436	0.042436
-5.490000	0.042493	0.042493
-5.480000	0.042550	0.042550
-5.470000	0.042606	0.042606
-5.460000	0.042663	0.042663
-5.450000	0.042720	0.042720
-5.440000	0.042777	0.042777
-5.430000	0.042833	0.042833
-5.420000	0.042890	0.042890
-5.410000	0.042947	0.042947
-5.400000	0.043003	0.043003
-5.390000	0.043060	0.043060
-5.380000	0.043117	0.043117
-5.370000	0.043173	0.043173
-5.360000	0.043230	0.043230
-5.350000	0.043286	0.043286
-5.340000	0.043343	0.043343
-5.330000	0.043399	0.043399
-5.320000	0.043456	0.043456
-5.310000	0.043512	0.043512
-5.300000	0.043569	0.043569
-5.290000	0.043625	0.043625
-5.280000	0.043681	0.043681
-5.270000	0.043738	0.043738
-5.260000	0.043794	0.043794
-5.250000	0.043850	0.043850
-5.240000	0.043906	0.043906
-5.230000	0.043963	0.043963
-5.220000	0.044019	0.044019
-5.210000	0.044075	0.044075
-5.200000	0.044131	0.044131
-5.190000	0.044187	0.044187
-5.180000	0.044243	0.044243
-5.170000	0.044299	0.044299
-5.160000	0.044355	0.044355
-5.150000	0.044411	0.044411
-5.140000	0.044467	0.044467
-5.130000	0.044523	0.044523
-5.120000	0.044579	0.044579
-5.110000	0.044635	0.044635
-5.100000	0.044690	0.044690
-5.090000	0.044746	0.044746
-5.080000	0.044802	0.044802
-5.070000	0.044857	0.044857
-5.060000	0.044913	0.044913
-5.050000	0.044969	0.044969
-5.040000	0.045024	0.045024
-5.030000	0.045080	0.045080
-5.020000	0.045135	0.045135
-5.010000	0.045191	0.045191
-5.000000	0.045246	0.045246
-4.990000	0.045302	0.045302
-4.980000	0.045357	0.045357
-4.970000	0.045412	0.045412
-4.960000	0.045468	0.045468
-4.950000	0.045523	0.045523
-4.940000	0.045578	0.045578
-4.930000	0.045633	0.045633
-4.920000	0.045688	0.045688
-4.910000	0.045743	0.045743
-4.900000	0.045798	0.045798
-4.890000	0.045853	0.045853
-4.880000	0.045908	0.045908
-4.870000	0.045963	0.045963
-4.860000	0.046018	0.046018
-4.850000	0.046073	0.046073
-4.840000	0.046128	0.046128
-4.830000	0.046182	0.046182
-4.820000	0.046237	0.046237
-4.810000	0.046292	0.046292
-4.800000	0.046346	0.046346
-4.790000	0.046401	0.046401
-4.780000	0.046456	0.046456
-4.770000	0.046510	0.046510
-4.760000	0.046564	0.046564
-4.750000	0.046619	0.046619
-4.740000	0.046673	0.046673
-4.730000	0.046727	0.046727
-4.720000	0.046782	0.046782
-4.710000	0.046836	0.046836
-4.700000	0.046890	0.046890
-4.690000	0.046944	0.046944
-4.680000	0.046998	0.046998
-4.670000	0.047052	0.047052
-4.660000	0.047106	0.047106
-4.650000	0.047160	0.047160
-4.640000	0.047214	0.047214
-4.630000	0.047268	0.047268
-4.620000	0.047322	0.047322
-4.610000	0.047375	0.047375
-4.600000	0.047429	0.047429
-4.590000	0.047483	0.047483
-4.580000	0.047536	0.047536
-4.570000	0.047590	0.047590
-4.560000	0.047643	0.047643
-4.550000	0.047697	0.047697
-4.540000	0.047750	0.047750
-4.530000	0.047803	0.047803
-4.520000	0.047856	0.047856
-4.510000	0.047910	0.047910
-4.500000	0.047963	0.047963
-4.490000	0.048016	0.048016
-4.480000	0.048069	0.048069
-4.470000	0.048122	0.048122
-4.460000	0.048175	0.048175
-4.450000	0.048228	0.048228
-4.440000	0.048280	0.048280
-4.430000	0.048333	0.048333
-4.420000	0.048386	0.048386
-4.410000	0.048439	0.048439
-4.400000	0.048491	0.048491
-4.390000	0.048544	0.048544
-4.380000	0.048596	0.048596
-4.370000	0.048649	0.048649
-4.360000	0.048701	0.048701
-4.350000	0.048753	0.048753
-4.340000	0.048805	0.048805
-4.330000	0.048858	0.048858
-4.320000	0.048910	0.048910
-4.310000	0.048962	0.048962
-4.300000	0.049014	0.049014
-4.290000	0.049066	0.049066
-4.280000	0.049118	0.049118
-4.270000	0.049169	0.049169
-4.260000	0.049221	0.049221
-4.250000	0.049273	0.049273
-4.240000	0.049324	0.049324
-4.230000	0.049376	0.049376
-4.220000	0.049427	0.049427
-4.210000	0.049479	0.049479
-4.200000	0.049530	0.049530
-4.190000	0.049582	0.049582
-4.180000	0.049633	0.049633
-4.170000	0.049684	0.049684
-4.160000	0.049735	0.049735
-4.150000	0.049786	0.049786
-4.140000	0.049837	0.049837
-4.130000	0.049888	0.049888
-4.120000	0.049939	0.049939
-4.110000	0.049990	0.049990
-4.100000	0.050040	0.050040
-4.090000	0.050091	0.050091
-4.080000	0.050141	0.050141
-4.070000	0.050192	0.050192
-4.060000	0.050242	0.050242
-4.050000	0.050293	0.050293
-4.040000	0.050343	0.050343
-4.030000	0.050393	0.050393
-4.020000	0.050443	0.050443
-4.010000	0.050493	0.050493
-4.000000	0.050544	0.050544
-3.990000	0.050593	0.050593
-3.980000	0.050643	0.050643
-3.970000	0.050693	0.050693
-3.960000	0.050743	0.050743
-3.950000	0.050792	0.050792
-3.940000	0.050842	0.050842
-3.930000	0.050892	0.050892
-3.920000	0.050941	0.050941
-3.910000	0.050990	0.050990
-3.900000	0.051040	0.051040
-3.890000	0.051089	0.051089
-3.880000	0.051138	0.051138
-3.870000	0.051187	0.051187
-3.860000	0.051236	0.051236
-3.850000	0.051285	0.051285
-3.840000	0.051334	0.051334
-3.830000	0.051382	0.051382
-3.820000	0.051431	0.051431
-3.810000	0.051480	0.051480
-3.800000	0.051528	0.051528
-3.790000	0.051577	0.051577
-3.780000	0.051625	0.051625
-3.770000	0.051673	0.051673
-3.760000	0.051722	0.051722
-3.750000	0.051770	0.051770
-3.740000	0.051818	0.051818
-3.730000	0.051866	0.051866
-3.720000	0.051914	0.051914
-3.710000	0.051961	0.051961
-3.700000	0.052009	0.052009
-3.690000	0.052057	0.052057
-3.680000	0.052104	0.052104
-3.670000	0.052152	0.052152
-3.660000	0.052199	0.052199
-3.650000	0.052247	0.052247
-3.640000	0.052294	0.052294
-3.630000	0.052341	0.052341
-3.620000	0.052388	0.052388
-3.610000	0.052435	0.052435
-3.600000	0.052482	0.052482
-3.590000	0.052529	0.052529
-3.580000	0.052575	0.052575
-3.570000	0.052622	0.052622
-3.560000	0.052669	0.052669
-3.550000	0.052715	0.052715
-3.540000	0.052761	0.052761
-3.530000	0.052808	0.052808
-3.520000	0.052854	0.052854
-3.510000	0.052900	0.052900
-3.500000	0.052946	0.052946
-3.490000	0.052992	0.052992
-3.480000	0.053038	0.053038
-3.470000	0.053084	0.053084
-3.460000	0.053129	0.053129
-3.450000	0.053175	0.053175
-3.440000	0.053220	0.053220
-3.430000	0.053266	0.053266
-3.420000	0.053311	0.053311
-3.410000	0.053356	0.053356
-3.400000	0.053402	0.053402
-3.390000	0.053447	0.053447
-3.380000	0.053492	0.053492
-3.370000	0.053536	0.053536
-3.360000	0.053581	0.053581
-3.350000	0.053626	0.053626
-3.340000	0.053670	0.053670
-3.330000	0.053715	0.053715
-3.320000	0.053759	0.053759
-3.310000	0.053804	0.053804
-3.300000	0.053848	0.053848
-3.290000	0.053892	0.053892
-3.280000	0.053936	0.053936
-3.270000	0.053980	0.053980
-3.260000	0.054024	0.054024
-3.250000	0.054068	0.054068
-3.240000	0.054111	0.054111
-3.230000	0.054155	0.054155
-3.220000	0.054198	0.054198
-3.210000	0.054242	0.054242
-3.200000	0.054285	0.054285
-3.190000	0.054328	0.054328
-3.180000	0.054371	0.054371
-3.170000	0.054414	0.054414
-3.160000	0.054457	0.054457
-3.150000	0.054500	0.054500
-3.140000	0.054542	0.054542
-3.130000	0.054585	0.054585
-3.120000	0.054627	0.054627
-3.110000	0.054670	0.054670
-3.100000	0.054712	0.054712
-3.090000	0.054754	0.054754
-3.080000	0.054796	0.054796
-3.070000	0.054838	0.054838
-3.060000	0.054880	0.054880
-3.050000	0.054922	0.054922
-3.040000	0.054963	0.054963
-3.030000	0.055005	0.055005
-3.020000	0.055046	0.055046
-3.010000	0.055088	0.055088
-3.000000	0.055129	0.055129
-2.990000	0.055170	0.055170
-2.980000	0.055211	0.055211
-2.970000	0.055252	0.055252
-2.960000	0.055293	0.055293
-2.950000	0.055334	0.055334
-2.940000	0.055374	0.055374
-2.930000	0.055415	0.055415
-2.920000	0.055455	0.055455
-2.910000	0.055496	0.055496
-2.900000	0.055536	0.055536
-2.890000	0.055576	0.055576
-2.880000	0.055616	0.055616
-2.870000	0.055656	0.055656
-2.860000	0.055695	0.055695
-2.850000	0.055735	0.055735
-2.840000	0.055775	0.055775
-2.830000	0.055814	0.055814
-2.820000	0.055853	0.055853
-2.810000	0.055893	0.055893
-2.800000	0.055932	0.055932
-2.790000	0.055971	0.055971
-2.780000	0.056010	0.056010
-2.770000	0.056048	0.056048
-2.760000	0.056087	0.056087
-2.750000	0.056126	0.056126
-2.740000	0.056164	0.056164
-2.730000	0.056202	0.056202
-2.720000	0.056241	0.056241
-2.710000	0.056279	0.056279
-2.700000	0.056317	0.056317
-2.690000	0.056355	0.056355
-2.680000	0.056392	0.056392
-2.670000	0.056430	0.056430
-2.660000	0.056468	0.056468
-2.650000	0.056505	0.056505
-2.640000	0.056542	0.056542
-2.630000	0.056580	0.056580
-2.620000	0.056617	0.056617
-2.610000	0.056654	0.056654
-2.600000	0.056691	0.056691
-2.590000	0.056727	0.056727
-2.580000	0.056764	0.056764
-2.570000	0.056800	0.056800
-2.560000	0.056837	0.056837
-2.550000	0.056873	0.056873
-2.540000	0.056909	0.056909
-2.530000	0.056945	0.056945
-2.520000	0.056981	0.056981
-2.510000	0.057017	0.057017
-2.500000	0.057053	0.057053
-2.490000	0.057088	0.057088
-2.480000	0.057124	0.057124
-2.470000	0.057159	0.057159
-2.460000	0.057194	0.057194
-2.450000	0.057229	0.057229
-2.440000	0.057264	0.057264
-2.430000	0.057299	0.057299
-2.420000	0.057334	0.057334
-2.410000	0.057369	0.057369
-2.400000	0.057403	0.057403
-2.390000	0.057438	0.057438
-2.380000	0.057472	0.057472
-2.370000	0.057506	0.057506
-2.360000	0.057540	0.057540
-2.350000	0.057574	0.057574
-2.340000	0.057608	0.057608
-2.330000	0.057641	0.057641
-2.320000	0.057675	0.057675
-2.310000	0.057708	0.057708
-2.300000	0.057741	0.057741
-2.290000	0.057775	0.057775
-2.280000	0.057808	0.057808
-2.270000	0.057841	0.057841
-2.260000	0.057873	0.057873
-2.250000	0.057906	0.057906
-2.240000	0.057939	0.057939
-2.230000	0.057971	0.057971
-2.220000	0.058003	0.058003
-2.210000	0.058035	0.058035
-2.200000	0.058067	0.058067
-2.190000	0.058099	0.058099
-2.180000	0.058131	0.058131
-2.170000	0.058163	0.058163
-2.160000	0.058194	0.058194
-2.150000	0.058226	0.058226
-2.140000	0.058257	0.058257
-2.130000	0.058288	0.058288
-2.120000	0.058319	0.058319
-2.110000	0.058350	0.058350
-2.100000	0.058381	0.058381
-2.090000	0.058411	0.058411
-2.080000	0.058442	0.058442
-2.070000	0.058472	0.058472
-2.060000	0.058503	0.058503
-2.050000	0.058533	0.058533
-2.040000	0.058563	0.058563
-2.030000	0.058592	0.058592
-2.020000	0.058622	0.058622
-2.010000	0.058652	0.058652
-2.000000	0.058681	0.058681
-1.990000	0.058711	0.058711
-1.980000	0.058740	0.058740
-1.970000	0.058769	0.058769
-1.960000	0.058798	0.058798
-1.950000	0.058827	0.058827
-1.940000	0.058855	0.058855
-1.930000	0.058884	0.058884
-1.920000	0.058912	0.058912
-1.910000	0.058941	0.058941
-1.900000	0.058969	0.058969
-1.890000	0.058997	0.058997
-1.880000	0.059025	0.059025
-1.870000	0.059052	0.059052
-1.860000	0.059080	0.059080
-1.850000	0.059107	0.059107
-1.840000	0.059135	0.059135
-1.830000	0.059162	0.059162
-1.820000	0.059189	0.059189
-1.810000	0.059216	0.059216
-1.800000	0.059243	0.059243
-1.790000	0.059269	0.059269
-1.780000	0.059296	0.059296
-1.770000	0.059322	0.059322
-1.760000	0.059349	0.059349
-1.750000	0.059375	0.059375
-1.740000	0.059401	0.059401
-1.730000	0.059427	0.059427
-1.720000	0.059452	0.059452
-1.710000	0.059478	0.059478
-1.700000	0.059503	0.059503
-1.690000	0.059529	0.059529
-1.680000	0.059554	0.059554
-1.670000	0.059579	0.059579
-1.660000	0.059604	0.059604
-1.650000	0.059628	0.059628
-1.640000	0.059653	0.059653
-1.630000	0.059678	0.059678
-1.620000	0.059702	0.059702
-1.610000	0.059726	0.059726
-1.600000	0.059750	0.059750
-1.590000	0.059774	0.059774
-1.580000	0.059798	0.059798
-1.570000	0.059821	0.059821
-1.560000	0.059845	0.059845
-1.550000	0.059868	0.059868
-1.540000	0.059892	0.059892
-1.530000	0.059915	0.059915
-1.520000	0.059938	0.059938
-1.510000	0.059960	0.059960
-1.500000	0.059983	0.059983
-1.490000	0.060006	0.060006
-1.480000	0.060028	0.060028
-1.470000	0.060050	0.060050
-1.460000	0.060072	0.060072
-1.450000	0.060094	0.060094
-1.440000	0.060116	0.060116
-1.430000	0.060138	0.060138
-1.420000	0.060159	0.060159
-1.410000	0.060181	0.060181
-1.400000	0.060202	0.060202
-1.390000	0.060223	0.060223
-1.380000	0.060244	0.060244
-1.370000	0.060265	0.060265
-1.360000	0.060285	0.060285
-1.350000	0.060306	0.060306
-1.340000	0.060326	0.060326
-1.330000	0.060346	0.060346
-1.320000	0.060366	0.060366
-1.310000	0.060386	0.060386
-1.300000	0.060406	0.060406
-1.290000	0.060426	0.060426
-1.280000	0.060445	0.060445
-1.270000	0.060465	0.060465
-1.260000	0.060484	0.060484
-1.250000	0.060503	0.060503
-1.240000	0.060522	0.060522
-1.230000	0.060541	0.060541
-1.220000	0.060559	0.060559
-1.210000	0.060578	0.060578
-1.200000	0.060596	0.060596
-1.190000	0.060614	0.060614
-1.180000	0.060632	0.060632
-1.170000	0.060650	0.060650
-1.160000	0.060668	0.060668
-1.150000	0.060686	0.060686
-1.140000	0.060703	0.060703
-1.130000	0.060720	0.060720
-1.120000	0.060738	0.060738
-1.110000	0.060755	0.060755
-1.100000	0.060772	0.060772
-1.090000	0.060788	0.060788
-1.080000	0.060805	0.060805
-1.070000	0.060821	0.060821
-1.060000	0.060838	0.060838
-1.050000	0.060854	0.060854
-1.040000	0.060870	0.060870
-1.030000	0.060886	0.060886
-1.020000	0.060901	0.060901
-1.010000	0.060917	0.060917
-1.000000	0.060932	0.060932
-0.990000	0.060947	0.060947
-0.980000	0.060962	0.060962
-0.970000	0.060977	0.060977
-0.960000	0.060992	0.060992
-0.950000	0.061007	0.061007
-0.940000	0.061021	0.061021
-0.930000	0.061036	0.061036
-0.920000	0.061050	0.061050
-0.910000	0.061064	0.061064
-0.900000	0.061078	0.061078
-0.890000	0.061092	0.061092
-0.880000	0.061105	0.061105
-0.870000	0.061119	0.061119
-0.860000	0.061132	0.061132
-0.850000	0.061145	0.061145
-0.840000	0.061158	0.061158
-0.830000	0.061171	0.061171
-0.820000	0.061184	0.061184
-0.810000	0.061196	0.061196
-0.800000	0.061209	0.061209
-0.790000	0.061221	0.061221
-0.780000	0.061233	0.061233
-0.770000	0.061245	0.061245
-0.760000	0.061257	0.061257
-0.750000	0.061268	0.061268
-0.740000	0.061280	0.061280
-0.730000	0.061291	0.061291
-0.720000	0.061302	0.061302
-0.710000	0.061313	0.061313
-0.700000	0.061324	0.061324
-0.690000	0.061335	0.061335
-0.680000	0.061345	0.061345
-0.670000	0.061356	0.061356
-0.660000	0.061366	0.061366
-0.650000	0.061376	0.061376
-0.640000	0.061386	0.061386
-0.630000	0.061396	0.061396
-0.620000	0.061406	0.061406
-0.610000	0.061415	0.061415
-0.600000	0.061424	0.061424
-0.590000	0.061434	0.061434
-0.580000	0.061443	0.061443
-0.570000	0.061452	0.061452
-0.560000	0.061460	0.061460
-0.550000	0.061469	0.061469
-0.540000	0.061477	0.061477
-0.530000	0.061486	0.061486
-0.520000	0.061494	0.061494
-0.510000	0.061502	0.061502
-0.500000	0.061510	0.061510
-0.490000	0.061517	0.061517
-0.480000	0.061525	0.061525
-0.470000	0.061532	0.061532
-0.460000	0.061539	0.061539
-0.450000	0.061546	0.061546
-0.440000	0.061553	0.061553
-0.430000	0.061560	0.061560
-0.420000	0.061566	0.061566
-0.410000	0.061573	0.061573
-0.400000	0.061579	0.061579
-0.390000	0.061585	0.061585
-0.380000	0.061591	0.061591
-0.370000	0.061597	0.061597
-0.360000	0.061603	0.061603
-0.350000	0.061608	0.061608
-0.340000	0.061614	0.061614
-0.330000	0.061619	0.061619
-0.320000	0.061624	0.061624
-0.310000	0.061629	0.061629
-0.300000	0.061633	0.061633
-0.290000	0.061638	0.061638
-0.280000	0.061642	0.061642
-0.270000	0.061647	0.061647
-0.260000	0.061651	0.061651
-0.250000	0.061655	0.061655
-0.240000	0.061659	0.061659
-0.230000	0.061662	0.061662
-0.220000	0.061666	0.061666
-0.210000	0.061669	0.061669
-0.200000	0.061672	0.061672
-0.190000	0.061675	0.061675
-0.180000	0.061678	0.061678
-0.170000	0.061681	0.061681
-0.160000	0.061683	0.061683
-0.150000	0.061686	0.061686
-0.140000	0.061688	0.061688
-0.130000	0.061690	0.061690
-0.120000	0.061692	0.061692
-0.110000	0.061694	0.061694
-0.100000	0.061696	0.061696
-0.090000	0.061697	0.061697
-0.080000	0.061698	0.061698
-0.070000	0.061699	0.061699
-0.060000	0.061700	0.061700
-0.050000	0.061701	0.061701
-0.040000	0.061702	0.061702
-0.030000	0.061703	0.061703
-0.020000	0.061703	0.061703
-0.010000	0.061703	0.061703
-0.000000	0.061703	0.061703
0.010000	0.061703	0.061703
0.020000	0.061703	0.061703
0.030000	0.061703	0.061703
0.040000	0.061702	0.061702
0.050000	0.061701	0.061701
0.060000	0.061700	0.061700
0.070000	0.061699	0.061699
0.080000	0.061698	0.061698
0.090000	0.061697	0.061697
0.100000	0.061696	0.061696
0.110000	0.061694	0.061694
0.120000	0.061692	0.061692
0.130000	0.061690	0.061690
0.140000	0.061688	0.061688
0.150000	0.061686	0.061686
0.160000	0.061683	0.061683
0.170000	0.061681	0.061681
0.180000	0.061678	0.061678
0.190000	0.061675	0.061675
0.200000	0.061672	0.061672
0.210000	0.061669	0.061669
0.220000	0.061666	0.061666
0.230000	0.061662	0.061662
0.240000	0.061659	0.061659
0.250000	0.061655	0.061655
0.260000	0.061651	0.061651
0.270000	0.061647	0.061647
0.280000	0.061642	0.061642
0.290000	0.061638	0.061638
0.300000	0.061633	0.061633
0.310000	0.061629	0.061629
0.320000	0.061624	0.061624
0.330000	0.061619	0.061619
0.340000	0.061614	0.061614
0.350000	0.061608	0.061608
0.360000	0.061603	0.061603
0.370000	0.061597	0.061597
0.380000	0.061591	0.061591
0.390000	0.061585	0.061585
0.400000	0.061579	0.061579
0.410000	0.061573	0.061573
0.420000	0.061566	0.061566
0.430000	0.061560	0.061560
0.440000	0.061553	0.061553
0.450000	0.061546	0.061546
0.460000	0.061539	0.061539
0.470000	0.061532	0.061532
0.480000	0.061525	0.061525
0.490000	0.061517	0.061517
0.500000	0.061510	0.061510
0.510000	0.061502	0.061502
0.520000	0.061494	0.061494
0.530000	0.061486	0.061486
0.540000	0.061477	0.061477
0.550000	0.061469	0.061469
0.560000	0.061460	0.061460
0.570000	0.061452	0.061452
0.580000	0.061443	0.061443
0.590000	0.061434	0.061434
0.600000	0.061424	0.061424
0.610000	0.061415	0.061415
0.620000	0.061406	0.061406
0.630000	0.061396	0.061396
0.640000	0.061386	0.061386
0.650000	0.061376	0.061376
0.660000	0.061366	0.061366
0.670000	0.061356	0.061356
0.680000	0.061345	0.061345
0.690000	0.061335	0.061335
0.700000	0.061324	0.061324
0.710000	0.061313	0.061313
0.720000	0.061302	0.061302
0.730000	0.061291	0.061291
0.740000	0.061280	0.061280
0.750000	0.061268	0.061268
0.760000	0.061257	0.061257
0.770000	0.061245	0.061245
0.780000	0.061233	0.061233
0.790000	0.061221	0.061221
0.800000	0.061209	0.061209
0.810000	0.061196	0.061196
0.820000	0.061184	0.061184
0.830000	0.061171	0.061171
0.840000	0.061158	0.061158
0.850000	0.061145	0.061145
0.860000	0.061132	0.061132
0.870000	0.061119	0.061119
0.880000	0.061105	0.061105
0.890000	0.061092	0.061092
0.900000	0.061078	0.061078
0.910000	0.061064	0.061064
0.920000	0.061050	0.061050
0.930000	0.061036	0.061036
0.940000	0.061021	0.061021
0.950000	0.061007	0.061007
0.960000	0.060992	0.060992
0.970000	0.060977	0.060977
0.980000	0.060962	0.060962
0.990000	0.060947	0.060947
1.000000	0.060932	0.060932
1.010000	0.060917	0.060917
1.020000	0.060901	0.060901
1.030000	0.060886	0.060886
1.040000	0.060870	0.060870
1.050000	0.060854	0.060854
1.060000	0.060838	0.060838
1.070000	0.060821	0.060821
1.080000	0.060805	0.060805
1.090000	0.060788	0.060788
1.100000	0.060772	0.060772
1.110000	0.060755	0.060755
1.120000	0.060738	0.060738
1.130000	0.060720	0.060720
1.140000	0.060703	0.060703
1.150000	0.060686	0.060686
1.160000	0.060668	0.060668
1.170000	0.060650	0.060650
1.180000	0.060632	0.060632
1.190000	0.060614	0.060614
1.200000	0.060596	0.060596
1.210000	0.060578	0.060578
1.220000	0.060559	0.060559
1.230000	0.060541	0.060541
1.240000	0.060522	0.060522
1.250000	0.060503	0.060503
1.260000	0.060484	0.060484
1.270000	0.060465	0.060465
1.280000	0.060445	0.060445
1.290000	0.060426	0.060426
1.300000	0.060406	0.060406
1.310000	0.060386	0.060386
1.320000	0.060366	0.060366
1.330000	0.060346	0.060346
1.340000	0.060326	0.060326
1.350000	0.060306	0.060306
1.360000	0.060285	0.060285
1.370000	0.060265	0.060265
1.380000	0.060244	0.060244
1.390000	0.060223	0.060223
1.400000	0.060202	0.060202
1.410000	0.060181	0.060181
1.420000	0.060159	0.060159
1.430000	0.060138	0.060138
1.440000	0.060116	0.060116
1.450000	0.060094	0.060094
1.460000	0.060072	0.060072
1.470000	0.060050	0.060050
1.480000	0.060028	0.060028
1.490000	0.060006	0.060006
1.500000	0.059983	0.059983
1.510000	0.059960	0.059960
1.520000	0.059938	0.059938
1.530000	0.059915	0.059915
1.540000	0.059892	0.059892
1.550000	0.059868	0.059868
1.560000	0.059845	0.059845
1.570000	0.059821	0.059821
1.580000	0.059798	0.059798
1.590000	0.059774	0.059774
1.600000	0.059750	0.059750
1.610000	0.059726	0.059726
1.620000	0.059702	0.059702
1.630000	0.059678	0.059678
1.640000	0.059653	0.059653
1.650000	0.059628	0.059628
1.660000	0.059604	0.059604
1.670000	0.059579	0.059579
1.680000	0.059554	0.059554
1.690000	0.059529	0.059529
1.700000	0.059503	0.059503
1.710000	0.059478	0.059478
1.720000	0.059452	0.059452
1.730000	0.059427	0.059427
1.740000	0.059401	0.059401
1.750000	0.059375	0.059375
1.760000	0.059349	0.059349
1.770000	0.059322	0.059322
1.780000	0.059296	0.059296
1.790000	0.059269	0.059269
1.800000	0.059243	0.059243
1.810000	0.059216	0.059216
1.820000	0.059189	0.059189
1.830000	0.059162	0.059162
1.840000	0.059135	0.059135
1.850000	0.059107	0.059107
1.860000	0.059080	0.059080
1.870000	0.059052	0.059052
1.880000	0.059025	0.059025
1.890000	0.058997	0.058997
1.900000	0.058969	0.058969
1.910000	0.058941	0.058941
1.920000	0.058912	0.058912
1.930000	0.058884	0.058884
1.940000	0.058855	0.058855
1.950000	0.058827	0.058827
1.960000	0.058798	0.058798
1.970000	0.058769	0.058769
1.980000	0.058740	0.058740
1.990000	0.058711	0.058711
2.000000	0.058681	0.058681
2.010000	0.058652	0.058652
2.020000	0.058622	0.058622
2.030000	0.058592	0.058592
2.040000	0.058563	0.058563
2.050000	0.058533	0.058533
2.060000	0.058503	0.058503
2.070000	0.058472	0.058472
2.080000	0.058442	0.058442
2.090000	0.058411	0.058411
2.100000	0.058381	0.058381
2.110000	0.058350	0.058350
2.120000	0.058319	0.058319
2.130000	0.058288	0.058288
2.140000	0.058257	0.058257
2.150000	0.058226	0.058226
2.160000	0.058194	0.058194
2.170000	0.058163	0.058163
2.180000	0.058131	0.058131
2.190000	0.058099	0.058099
2.200000	0.058067	0.058067
2.210000	0.058035	0.058035
2.220000	0.058003	0.058003
2.230000	0.057971	0.057971
2.240000	0.057939	0.057939
2.250000	0.057906	0.057906
2.260000	0.057873	0.057873
2.270000	0.057841	0.057841
2.280000	0.057808	0.057808
2.290000	0.057775	0.057775
2.300000	0.057741	0.057741
2.310000	0.057708	0.057708
2.320000	0.057675	0.057675
2.330000	0.057641	0.057641
2.340000	0.057608	0.057608
2.350000	0.057574	0.057574
2.360000	0.057540	0.057540
2.370000	0.057506	0.057506
2.380000	0.057472	0.057472
2.390000	0.057438	0.057438
2.400000	0.057403	0.057403
2.410000	0.057369	0.057369
2.420000	0.057334	0.057334
2.430000	0.057299	0.057299
2.440000	0.057264	0.057264
2.450000	0.057229	0.057229
2.460000	0.057194	0.057194
2.470000	0.057159	0.057159
2.480000	0.057124	0.057124
2.490000	0.057088	0.057088
2.500000	0.057053	0.057053
2.510000	0.057017	0.057017
2.520000	0.056981	0.056981
2.530000	0.056945	0.056945
2.540000	0.056909	0.056909
2.550000	0.056873	0.056873
2.560000	0.056837	0.056837
2.570000	0.056800	0.056800
2.580000	0.056764	0.056764
2.590000	0.056727	0.056727
2.600000	0.056691	0.056691
2.610000	0.056654	0.056654
2.620000	0.056617	0.056617
2.630000	0.056580	0.056580
2.640000	0.056542	0.056542
2.650000	0.056505	0.056505
2.660000	0.056468	0.056468
2.670000	0.056430	0.056430
2.680000	0.056392	0.056392
2.690000	0.056355	0.056355
2.700000	0.056317	0.056317
2.710000	0.056279	0.056279
2.720000	0.056241	0.056241
2.730000	0.056202	0.056202
2.740000	0.056164	0.056164
2.750000	0.056126	0.056126
2.760000	0.056087	0.056087
2.770000	0.056048	0.056048
2.780000	0.056010	0.056010
2.790000	0.055971	0.055971
2.800000	0.055932	0.055932
2.810000	0.055893	0.055893
2.820000	0.055853	0.055853
2.830000	0.055814	0.055814
2.840000	0.055775	0.055775
2.850000	0.055735	0.055735
2.860000	0.055695	0.055695
2.870000	0.055656	0.055656
2.880000	0.055616	0.055616
2.890000	0.055576	0.055576
2.900000	0.055536	0.055536
2.910000	0.055496	0.055496
2.920000	0.055455	0.055455
2.930000	0.055415	0.055415
2.940000	0.055374	0.055374
2.950000	0.055334	0.055334
2.960000	0.055293	0.055293
2.970000	0.055252	0.055252
2.980000	0.055211	0.055211
2.990000	0.055170	0.055170
3.000000	0.055129	0.055129
3.010000	0.055088	0.055088
3.020000	0.055046	0.055046
3.030000	0.055005	0.055005
3.040000	0.054963	0.054963
3.050000	0.054922	0.054922
3.060000	0.054880	0.054880
3.070000	0.054838	0.054838
3.080000	0.054796	0.054796
3.090000	0.054754	0.054754
3.100000	0.054712	0.054712
3.110000	0.054670	0.054670
3.120000	0.054627	0.054627
3.130000	0.054585	0.054585
3.140000	0.054542	0.054542
3.150000	0.054500	0.054500
3.160000	0.054457	0.054457
3.170000	0.054414	0.054414
3.180000	0.054371	0.054371
3.190000	0.054328	0.054328
3.200000	0.054285	0.054285
3.210000	0.054242	0.054242
3.220000	0.054198	0.054198
3.230000	0.054155	0.054155
3.240000	0.054111	0.054111
3.250000	0.054068	0.054068
3.260000	0.054024	0.054024
3.270000	0.053980	0.053980
3.280000	0.053936	0.053936
3.290000	0.053892	0.053892
3.300000	0.053848	0.053848
3.310000	0.053804	0.053804
3.320000	0.053759	0.053759
3.330000	0.053715	0.053715
3.340000	0.053670	0.053670
3.350000	0.053626	0.053626
3.360000	0.053581	0.053581
3.370000	0.053536	0.053536
3.380000	0.053492	0.053492
3.390000	0.053447	0.053447
3.400000	0.053402	0.053402
3.410000	0.053356	0.053356
3.420000	0.053311	0.053311
3.430000	0.053266	0.053266
3.440000	0.053220	0.053220
3.450000	0.053175	0.053175
3.460000	0.053129	0.053129
3.470000	0.053084	0.053084
3.480000	0.053038	0.053038
3.490000	0.052992	0.052992
3.500000	0.052946	0.052946
3.510000	0.052900	0.052900
3.520000	0.052854	0.052854
3.530000	0.052808	0.052808
3.540000	0.052761	0.052761
3.550000	0.052715	0.052715
3.560000	0.052669	0.052669
3.570000	0.052622	0.052622
3.580000	0.052575	0.052575
3.590000	0.052529	0.052529
3.600000	0.052482	0.052482
3.610000	0.052435	0.052435
3.620000	0.052388	0.052388
3.630000	0.052341	0.052341
3.640000	0.052294	0.052294
3.650000	0.052247	0.052247
3.660000	0.052199	0.052199
3.670000	0.052152	0.052152
3.680000	0.052104	0.052104
3.690000	0.052057	0.052057
3.700000	0.052009	0.052009
3.710000	0.051961	0.051961
3.720000	0.051914	0.051914
3.730000	0.051866	0.051866
3.740000	0.051818	0.051818
3.750000	0.051770	0.051770
3.760000	0.051722	0.051722
3.770000	0.051673	0.051673
3.780000	0.051625	0.051625
3.790000	0.051577	0.051577
3.800000	0.051528	0.051528
3.810000	0.051480	0.051480
3.820000	0.051431	0.051431
3.830000	0.051382	0.051382
3.840000	0.051334	0.051334
3.850000	0.051285	0.051285
3.860000	0.051236	0.051236
3.870000	0.051187	0.051187
3.880000	0.051138	0.051138
3.890000	0.051089	0.051089
3.900000	0.051040	0.051040
3.910000	0.050990	0.050990
3.920000	0.050941	0.050941
3.930000	0.050892	0.050892
3.940000	0.050842	0.050842
3.950000	0.050792	0.050792
3.960000	0.050743	0.050743
3.970000	0.050693	0.050693
3.980000	0.050643	0.050643
3.990000	0.050593	0.050593
4.000000	0.050544	0.050544
4.010000	0.050493	0.050493
4.020000	0.050443	0.050443
4.030000	0.050393	0.050393
4.040000	0.050343	0.050343
4.050000	0.050293	0.050293
4.060000	0.050242	0.050242
4.070000	0.050192	0.050192
4.080000	0.050141	0.050141
4.090000	0.050091	0.050091
4.100000	0.050040	0.050040
4.110000	0.049990	0.049990
4.120000	0.049939	0.049939
4.130000	0.049888	0.049888
4.140000	0.049837	0.049837
4.150000	0.049786	0.049786
4.160000	0.049735	0.049735
4.170000	0.049684	0.049684
4.180000	0.049633	0.049633
4.190000	0.049582	0.049582
4.200000	0.049530	0.049530
4.210000	0.049479	0.049479
4.220000	0.049427	0.049427
4.230000	0.049376	0.049376
4.240000	0.049324	0.049324
4.250000	0.049273	0.049273
4.260000	0.049221	0.049221
4.270000	0.049169	0.049169
4.280000	0.049118	0.049118
4.290000	0.049066	0.049066
4.300000	0.049014	0.049014
4.310000	0.048962	0.048962
4.320000	0.048910	0.048910
4.330000	0.048858	0.048858
4.340000	0.048805	0.048805
4.350000	0.048753	0.048753
4.360000	0.048701	0.048701
4.370000	0.048649	0.048649
4.380000	0.048596	0.048596
4.390000	0.048544	0.048544
4.400000	0.048491	0.048491
4.410000	0.048439	0.048439
4.420000	0.048386	0.048386
4.430000	0.048333	0.048333
4.440000	0.048280	0.048280
4.450000	0.048228	0.048228
4.460000	0.048175	0.048175
4.470000	0.048122	0.048122
4.480000	0.048069	0.048069
4.490000	0.048016	0.048016
4.500000	0.047963	0.047963
4.510000	0.047910	0.047910
4.520000	0.047856	0.047856
4.530000	0.047803	0.047803
4.540000	0.047750	0.047750
4.550000	0.047697	0.047697
4.560000	0.047643	0.047643
4.570000	0.047590	0.047590
4.580000	0.047536	0.047536
4.590000	0.047483	0.047483
4.600000	0.047429	0.047429
4.610000	0.047375	0.047375
4.620000	0.047322	0.047322
4.630000	0.047268	0.047268
4.640000	0.047214	0.047214
4.650000	0.047160	0.047160
4.660000	0.047106	0.047106
4.670000	0.047052	0.047052
4.680000	0.046998	0.046998
4.690000	0.046944	0.046944
4.700000	0.046890	0.046890
4.710000	0.046836	0.046836
4.720000	0.046782	0.046782
4.730000	0.046727	0.046727
4.740000	0.046673	0.046673
4.750000	0.046619	0.046619
4.760000	0.046564	0.046564
4.770000	0.046510	0.046510
4.780000	0.046456	0.046456
4.790000	0.046401	0.046401
4.800000	0.046346	0.046346
4.810000	0.046292	0.046292
4.820000	0.046237	0.046237
4.830000	0.046182	0.046182
4.840000	0.046128	0.046128
4.850000	0.046073	0.046073
4.860000	0.046018	0.046018
4.870000	0.045963	0.045963
4.880000	0.045908	0.045908
4.890000	0.045853	0.045853
4.900000	0.045798	0.045798
4.910000	0.045743	0.045743
4.920000	0.045688	0.045688
4.930000	0.045633	0.045633
4.940000	0.045578	0.045578
4.950000	0.045523	0.045523
4.960000	0.045468	0.045468
4.970000	0.045412	0.045412
4.980000	0.045357	0.045357
4.990000	0.045302	0.045302
5.000000	0.045246	0.045246
5.010000	0.045191	0.045191
5.020000	0.045135	0.045135
5.030000	0.045080	0.045080
5.040000	0.045024	0.045024
5.050000	0.044969	0.044969
5.060000	0.044913	0.044913
5.070000	0.044857	0.044857
5.080000	0.044802	0.044802
5.090000	0.044746	0.044746
5.100000	0.044690	0.044690
5.110000	0.044635	0.044635
5.120000	0.044579	0.044579
5.130000	0.044523	0.044523
5.140000	0.044467	0.044467
5.150000	0.044411	0.044411
5.160000	0.044355	0.044355
5.170000	0.044299	0.044299
5.180000	0.044243	0.044243
5.190000	0.044187	0.044187
5.200000	0.044131	0.044131
5.210000	0.044075	0.044075
5.220000	0.044019	0.044019
5.230000	0.043963	0.043963
5.240000	0.043906	0.043906
5.250000	0.043850	0.043850
5.260000	0.043794	0.043794
5.270000	0.043738	0.043738
5.280000	0.043681	0.043681
5.290000	0.043625	0.043625
5.300000	0.043569	0.043569
5.310000	0.043512	0.043512
5.320000	0.043456	0.043456
5.330000	0.043399	0.043399
5.340000	0.043343	0.043343
5.350000	0.043286	0.043286
5.360000	0.043230	0.043230
5.370000	0.043173	0.043173
5.380000	0.043117	0.043117
5.390000	0.043060	0.043060
5.400000	0.043003	0.043003
5.410000	0.042947	0.042947
5.420000	0.042890	0.042890
5.430000	0.042833	0.042833
5.440000	0.042777	0.042777
5.450000	0.042720	0.042720
5.460000	0.042663	0.042663
5.470000	0.042606	0.042606
5.480000	0.042550	0.042550
5.490000	0.042493	0.042493
5.500000	0.042436	0.042436
5.510000	0.042379	0.042379
5.520000	0.042322	0.042322
5.530000	0.042265	0.042265
5.540000	0.042208	0.042208
5.550000	0.042151	0.042151
5.560000	0.042094	0.042094
5.570000	0.042037	0.042037
5.580000	0.041980	0.041980
5.590000	0.041923	0.041923
5.600000	0.041866	0.041866
5.610000	0.041809	0.041809
5.620000	0.041752	0.041752
5.630000	0.041695	0.041695
5.640000	0.041638	0.041638
5.650000	0.041581	0.041581
5.660000	0.041523	0.041523
5.670000	0.041466	0.041466
5.680000	0.041409	0.041409
5.690000	0.041352	0.041352
5.700000	0.041295	0.041295
5.710000	0.041237	0.041237
5.720000	0.041180	0.041180
5.730000	0.041123	0.041123
5.740000	0.041066	0.041066
5.750000	0.041008	0.041008
5.760000	0.040951	0.040951
5.770000	0.040894	0.040894
5.780000	0.040836	0.040836
5.790000	0.040779	0.040779
5.800000	0.040722	0.040722
5.810000	0.040664	0.040664
5.820000	0.040607	0.040607
5.830000	0.040549	0.040549
5.840000	0.040492	0.040492
5.850000	0.040435	0.040435
5.860000	0.040377	0.040377
5.870000	0.040320	0.040320
5.880000	0.040262	0.040262
5.890000	0.040205	0.040205
5.900000	0.040147	0.040147
5.910000	0.040090	0.040090
5.920000	0.040032	0.040032
5.930000	0.039975	0.039975
5.940000	0.039917	0.039917
5.950000	0.039860	0.039860
5.960000	0.039802	0.039802
5.970000	0.039745	0.039745
5.980000	0.039687	0.039687
5.990000	0.039630	0.039630
6.000000	0.039572	0.039572
6.010000	0.039515	0.039515
6.020000	0.039457	0.039457
6.030000	0.039400	0.039400
6.040000	0.039342	0.039342
6.050000	0.039285	0.039285
6.060000	0.039227	0.039227
6.070000	0.039169	0.039169
6.080000	0.039112	0.039112
6.090000	0.039054	0.039054
6.100000	0.038997	0.038997
6.110000	0.038939	0.038939
6.120000	0.038881	0.038881
6.130000	0.038824	0.038824
6.140000	0.038766	0.038766
6.150000	0.038709	0.038709
6.160000	0.038651	0.038651
6.170000	0.038593	0.038593
6.180000	0.038536	0.038536
6.190000	0.038478	0.038478
6.200000	0.038421	0.038421
6.210000	0.038363	0.038363
6.220000	0.038305	0.038305
6.230000	0.038248	0.038248
6.240000	0.038190	0.038190
6.250000	0.038133	0.038133
6.260000	0.038075	0.038075
6.270000	0.038017	0.038017
6.280000	0.037960	0.037960
6.290000	0.037902	0.037902
6.300000	0.037845	0.037845
6.310000	0.037787	0.037787
6.320000	0.037729	0.037729
6.330000	0.037672	0.037672
6.340000	0.037614	0.037614
6.350000	0.037557	0.037557
6.360000	0.037499	0.037499
6.370000	0.037442	0.037442
6.380000	0.037384	0.037384
6.390000	0.037326	0.037326
6.400000	0.037269	0.037269
6.410000	0.037211	0.037211
6.420000	0.037154	0.037154
6.430000	0.037096	0.037096
6.440000	0.037039	0.037039
6.450000	0.036981	0.036981
6.460000	0.036924	0.036924
6.470000	0.036866	0.036866
6.480000	0.036809	0.036809
6.490000	0.036751	0.036751
6.500000	0.036694	0.036694
6.510000	0.036636	0.036636
6.520000	0.036579	0.036579
6.530000	0.036521	0.036521
6.540000	0.036464	0.036464
6.550000	0.036406	0.036406
6.560000	0.036349	0.036349
6.570000	0.036292	0.036292
6.580000	0.036234	0.036234
6.590000	0.036177	0.036177
6.600000	0.036119	0.036119
6.610000	0.036062	0.036062
6.620000	0.036005	0.036005
6.630000	0.035947	0.035947
6.640000	0.035890	0.035890
6.650000	0.035833	0.035833
6.660000	0.035775	0.035775
6.670000	0.035718	0.035718
6.680000	0.035661	0.035661
6.690000	0.035603	0.035603
6.700000	0.035546	0.035546
6.710000	0.035489	0.035489
6.720000	0.035432	0.035432
6.730000	0.035374	0.035374
6.740000	0.035317	0.035317
6.750000	0.035260	0.035260
6.760000	0.035203	0.035203
6.770000	0.035146	0.035146
6.780000	0.035088	0.035088
6.790000	0.035031	0.035031
6.800000	0.034974	0.034974
6.810000	0.034917	0.034917
6.820000	0.034860	0.034860
6.830000	0.034803	0.034803
6.840000	0.034746	0.034746
6.850000	0.034689	0.034689
6.860000	0.034632	0.034632
6.870000	0.034575	0.034575
6.880000	0.034518	0.034518
6.890000	0.034461	0.034461
6.900000	0.034404	0.034404
6.910000	0.034347	0.034347
6.920000	0.034290	0.034290
6.930000	0.034233	0.034233
6.940000	0.034176	0.034176
6.950000	0.034119	0.034119
6.960000	0.034062	0.034062
6.970000	0.034006	0.034006
6.980000	0.033949	0.033949
6.990000	0.033892	0.033892
7.000000	0.033835	0.033835
7.010000	0.033778	0.033778
7.020000	0.033722	0.033722
7.030000	0.033665	0.033665
7.040000	0.033608	0.033608
7.050000	0.033552	0.033552
7.060000	0.033495	0.033495
7.070000	0.033438	0.033438
7.080000	0.033382	0.033382
7.090000	0.033325	0.033325
7.100000	0.033269	0.033269
7.110000	0.033212	0.033212
7.120000	0.033156	0.033156
7.130000	0.033099	0.033099
7.140000	0.033043	0.033043
7.150000	0.032986	0.032986
7.160000	0.032930	0.032930
7.170000	0.032874	0.032874
7.180000	0.032817	0.032817
7.190000	0.032761	0.032761
7.200000	0.032705	0.032705
7.210000	0.032648	0.032648
7.220000	0.032592	0.032592
7.230000	0.032536	0.032536
7.240000	0.032480	0.032480
7.250000	0.032423	0.032423
7.260000	0.032367	0.032367
7.270000	0.032311	0.032311
7.280000	0.032255	0.032255
7.290000	0.032199	0.032199
7.300000	0.032143	0.032143
7.310000	0.032087	0.032087
7.320000	0.032031	0.032031
7.330000	0.031975	0.031975
7.340000	0.031919	0.031919
7.350000	0.031863	0.031863
7.360000	0.031807	0.031807
7.370000	0.031751	0.031751
7.380000	0.031696	0.031696
7.390000	0.031640	0.031640
7.400000	0.031584	0.031584
7.410000	0.031528	0.031528
7.420000	0.031473	0.031473
7.430000	0.031417	0.031417
7.440000	0.031361	0.031361
7.450000	0.031306	0.031306
7.460000	0.031250	0.031250
7.470000	0.031195	0.031195
7.480000	0.031139	0.031139
7.490000	0.031084	0.031084
7.500000	0.031028	0.031028
7.510000	0.030973	0.030973
7.520000	0.030917	0.030917
7.530000	0.030862	0.030862
7.540000	0.030807	0.030807
7.550000	0.030751	0.030751
7.560000	0.030696	0.030696
7.570000	0.030641	0.030641
7.580000	0.030586	0.030586
7.590000	0.030531	0.030531
7.600000	0.030475	0.030475
7.610000	0.030420	0.030420
7.620000	0.030365	0.030365
7.630000	0.030310	0.030310
7.640000	0.030255	0.030255
7.650000	0.030200	0.030200
7.660000	0.030145	0.030145
7.670000	0.030091	0.030091
7.680000	0.030036	0.030036
7.690000	0.029981	0.029981
7.700000	0.029926	0.029926
7.710000	0.029871	0.029871
7.720000	0.029817	0.029817
7.730000	0.029762	0.029762
7.740000	0.029707	0.029707
7.750000	0.029653	0.029653
7.760000	0.029598	0.029598
7.770000	0.029544	0.029544
7.780000	0.029489	0.029489
7.790000	0.029435	0.029435
7.800000	0.029380	0.029380
7.810000	0.029326	0.029326
7.820000	0.029272	0.029272
7.830000	0.029217	0.029217
7.840000	0.029163	0.029163
7.850000	0.029109	0.029109
7.860000	0.029055	0.029055
7.870000	0.029000	0.029000
7.880000	0.028946	0.028946
7.890000	0.028892	0.028892
7.900000	0.028838	0.028838
7.910000	0.028784	0.028784
7.920000	0.028730	0.028730
7.930000	0.028676	0.028676
7.940000	0.028623	0.028623
7.950000	0.028569	0.028569
7.960000	0.028515	0.028515
7.970000	0.028461	0.028461
7.980000	0.028407	0.028407
7.990000	0.028354	0.028354
8.000000	0.028300	0.028300
8.010000	0.028247	0.028247
8.020000	0.028193	0.028193
8.030000	0.028139	0.028139
8.040000	0.028086	0.028086
8.050000	0.028033	0.028033
8.060000	0.027979	0.027979
8.070000	0.027926	0.027926
8.080000	0.027873	0.027873
8.090000	0.027819	0.027819
8.100000	0.027766	0.027766
8.110000	0.027713	0.027713
8.120000	0.027660	0.027660
8.130000	0.027607	0.027607
8.140000	0.027554	0.027554
8.150000	0.027501	0.027501
8.160000	0.027448	0.027448
8.170000	0.027395	0.027395
8.180000	0.027342	0.027342
8.190000	0.027289	0.027289
8.200000	0.027236	0.027236
8.210000	0.027184	0.027184
8.220000	0.027131	0.027131
8.230000	0.027078	0.027078
8.240000	0.027026	0.027026
8.250000	0.026973	0.026973
8.260000	0.026921	0.026921
8.270000	0.026868	0.026868
8.280000	0.026816	0.026816
8.290000	0.026763	0.026763
8.300000	0.026711	0.026711
8.310000	0.026659	0.026659
8.320000	0.026606	0.026606
8.330000	0.026554	0.026554
8.340000	0.026502	0.026502
8.350000	0.026450	0.026450
8.360000	0.026398	0.026398
8.370000	0.026346	0.026346
8.380000	0.026294	0.026294
8.390000	0.026242	0.026242
8.400000	0.026190	0.026190
8.410000	0.026138	0.026138
8.420000	0.026087	0.026087
8.430000	0.026035	0.026035
8.440000	0.025983	0.025983
8.450000	0.025932	0.025932
8.460000	0.025880	0.025880
8.470000	0.025828	0.025828
8.480000	0.025777	0.025777
8.490000	0.025726	0.025726
8.500000	0.025674	0.025674
8.510000	0.025623	0.025623
8.520000	0.025572	0.025572
8.530000	0.025520	0.025520
8.540000	0.025469	0.025469
8.550000	0.025418	0.025418
8.560000	0.025367	0.025367
8.570000	0.025316	0.025316
8.580000	0.025265	0.025265
8.590000	0.025214	0.025214
8.600000	0.025163	0.025163
8.610000	0.025112	0.025112
8.620000	0.025061	0.025061
8.630000	0.025011	0.025011
8.640000	0.024960	0.024960
8.650000	0.024909	0.024909
8.660000	0.024859	0.024859
8.670000	0.024808	0.024808
8.680000	0.024758	0.024758
8.690000	0.024707	0.024707
8.700000	0.024657	0.024657
8.710000	0.024606	0.024606
8.720000	0.024556	0.024556
8.730000	0.024506	0.024506
8.740000	0.024456	0.024456
8.750000	0.024406	0.024406
8.760000	0.024355	0.024355
8.770000	0.024305	0.024305
8.780000	0.024255	0.024255
8.790000	0.024205	0.024205
8.800000	0.024156	0.024156
8.810000	0.024106	0.024106
8.820000	0.024056	0.024056
8.830000	0.024006	0.024006
8.840000	0.023957	0.023957
8.850000	0.023907	0.023907
8.860000	0.023857	0.023857
8.870000	0.023808	0.023808
8.880000	0.023758	0.023758
8.890000	0.023709	0.023709
8.900000	0.023660	0.023660
8.910000	0.023610	0.023610
8.920000	0.023561	0.023561
8.930000	0.023512	0.023512
8.940000	0.023463	0.023463
8.950000	0.023414	0.023414
8.960000	0.023365	0.023365
8.970000	0.023316	0.023316
8.980000	0.023267	0.023267
8.990000	0.023218	0.023218
9.000000	0.023169	0.023169
9.010000	0.023120	0.023120
9.020000	0.023072	0.023072
9.030000	0.023023	0.023023
9.040000	0.022974	0.022974
9.050000	0.022926	0.022926
9.060000	0.022877	0.022877
9.070000	0.022829	0.022829
9.080000	0.022781	0.022781
9.090000	0.022732	0.022732
9.100000	0.022684	0.022684
9.110000	0.022636	0.022636
9.120000	0.022588	0.022588
9.130000	0.022540	0.022540
9.140000	0.022492	0.022492
9.150000	0.022444	0.022444
9.160000	0.022396	0.022396
9.170000	0.022348	0.022348
9.180000	0.022300	0.022300
9.190000	0.022252	0.022252
9.200000	0.022204	0.022204
9.210000	0.022157	0.022157
9.220000	0.022109	0.022109
9.230000	0.022062	0.022062
9.240000	0.022014	0.022014
9.250000	0.021967	0.021967
9.260000	0.021919	0.021919
9.270000	0.021872	0.021872
9.280000	0.021825	0.021825
9.290000	0.021778	0.021778
9.300000	0.021731	0.021731
9.310000	0.021683	0.021683
9.320000	0.021636	0.021636
9.330000	0.021589	0.021589
9.340000	0.021543	0.021543
9.350000	0.021496	0.021496
9.360000	0.021449	0.021449
9.370000	0.021402	0.021402
9.380000	0.021355	0.021355
9.390000	0.021309	0.021309
9.400000	0.021262	0.021262
9.410000	0.021216	0.021216
9.420000	0.021169	0.021169
9.430000	0.021123	0.021123
9.440000	0.021077	0.021077
9.450000	0.021030	0.021030
9.460000	0.020984	0.020984
9.470000	0.020938	0.020938
9.480000	0.020892	0.020892
9.490000	0.020846	0.020846
9.500000	0.020800	0.020800
9.510000	0.020754	0.020754
9.520000	0.020708	0.020708
9.530000	0.020662	0.020662
9.540000	0.020616	0.020616
9.550000	0.020571	0.020571
9.560000	0.020525	0.020525
9.570000	0.020480	0.020480
9.580000	0.020434	0.020434
9.590000	0.020389	0.020389
9.600000	0.020343	0.020343
9.610000	0.020298	0.020298
9.620000	0.020253	0.020253
9.630000	0.020207	0.020207
9.640000	0.020162	0.020162
9.650000	0.020117	0.020117
9.660000	0.020072	0.020072
9.670000	0.020027	0.020027
9.680000	0.019982	0.019982
9.690000	0.019937	0.019937
9.700000	0.019893	0.019893
9.710000	0.019848	0.019848
9.720000	0.019803	0.019803
9.730000	0.019759	0.019759
9.740000	0.019714	0.019714
9.750000	0.019670	0.019670
9.760000	0.019625	0.019625
9.770000	0.019581	0.019581
9.780000	0.019536	0.019536
9.790000	0.019492	0.019492
9.800000	0.019448	0.019448
9.810000	0.019404	0.019404
9.820000	0.019360	0.019360
9.830000	0.019316	0.019316
9.840000	0.019272	0.019272
9.850000	0.019228	0.019228
9.860000	0.019184	0.019184
9.870000	0.019140	0.019140
9.880000	0.019097	0.019097
9.890000	0.019053	0.019053
9.900000	0.019009	0.019009
9.910000	0.018966	0.018966
9.920000	0.018922	0.018922
9.930000	0.018879	0.018879
9.940000	0.018836	0.018836
9.950000	0.018792	0.018792
9.960000	0.018749	0.018749
9.970000	0.018706	0.018706
9.980000	0.018663	0.018663
9.990000	0.018620	0.018620
10.000000	0.018577	0.018577
