-10.000000	0.020730	0.020730
-9.990000	0.020770	0.020770
-9.980000	0.020809	0.020809
-9.970000	0.020849	0.020849
-9.960000	0.020889	0.020889
-9.950000	0.020928	0.020928
-9.940000	0.020968	0.020968
-9.930000	0.021008	0.021008
-9.920000	0.021048	0.021048
-9.910000	0.021088	0.021088
-9.900000	0.021128	0.021128
-9.890000	0.021168	0.021168
-9.880000	0.021208	0.021208
-9.870000	0.021248	0.021248
-9.860000	0.021288	0.021288
-9.850000	0.021328	0.021328
-9.840000	0.021368	0.021368
-9.830000	0.021408	0.021408
-9.820000	0.021449	0.021449
-9.810000	0.021489	0.021489
-9.800000	0.021529	0.021529
-9.790000	0.021570	0.021570
-9.780000	0.021610	0.021610
-9.770000	0.021651	0.021651
-9.760000	0.021691	0.021691
-9.750000	0.021732	0.021732
-9.740000	0.021772	0.021772
-9.730000	0.021813	0.021813
-9.720000	0.021853	0.021853
-9.710000	0.021894	0.021894
-9.700000	0.021935	0.021935
-9.690000	0.021976	0.021976
-9.680000	0.022017	0.022017
-9.670000	0.022057	0.022057
-9.660000	0.022098	0.022098
-9.650000	0.022139	0.022139
-9.640000	0.022180	0.022180
-9.630000	0.022221	0.022221
-9.620000	0.022262	0.022262
-9.610000	0.022303	0.022303
-9.600000	0.022344	0.022344
-9.590000	0.022386	0.022386
-9.580000	0.022427	0.022427
-9.570000	0.022468	0.022468
-9.560000	0.022509	0.022509
-9.550000	0.022551	0.022551
-9.540000	0.022592	0.022592
-9.530000	0.022633	0.022633
-9.520000	0.022675	0.022675
-9.510000	0.022716	0.022716
-9.500000	0.022758	0.022758
-9.490000	0.022799	0.022799
-9.480000	0.022841	0.022841
-9.470000	0.022882	0.022882
-9.460000	0.022924	0.022924
-9.450000	0.022966	0.022966
-9.440000	0.023007	0.023007
-9.430000	0.023049	0.023049
-9.420000	0.023091	0.023091
-9.410000	0.023133	0.023133
-9.400000	0.023175	0.023175
-9.390000	0.023217	0.023217
-9.380000	0.023258	0.023258
-9.370000	0.023300	0.023300
-9.360000	0.023342	0.023342
-9.350000	0.023385	0.023385
-9.340000	0.023427	0.023427
-9.330000	0.023469	0.023469
-9.320000	0.023511	0.023511
-9.310000	0.023553	0.023553
-9.300000	0.023595	0.023595
-9.290000	0.023638	0.023638
-9.280000	0.023680	0.023680
-9.270000	0.023722	0.023722
-9.260000	0.023764	0.023764
-9.250000	0.023807	0.023807
-9.240000	0.023849	0.023849
-9.230000	0.023892	0.023892
-9.220000	0.023934	0.023934
-9.210000	0.023977	0.023977
-9.200000	0.024019	0.024019
-9.190000	0.024062	0.024062
-9.180000	0.024105	0.024105
-9.170000	0.024147	0.024147
-9.160000	0.024190	0.024190
-9.150000	0.024233	0.024233
-9.140000	0.024276	0.024276
-9.130000	0.024318	0.024318
-9.120000	0.024361	0.024361
-9.110000	0.024404	0.024404
-9.100000	0.024447	0.024447
-9.090000	0.024490	0.024490
-9.080000	0.024533	0.024533
-9.070000	0.024576	0.024576
-9.060000	0.024619	0.024619
-9.050000	0.024662	0.024662
-9.040000	0.024705	0.024705
-9.030000	0.024748	0.024748
-9.020000	0.024791	0.024791
-9.010000	0.024835	0.024835
-9.000000	0.024878	0.024878
-8.990000	0.024921	0.024921
-8.980000	0.024964	0.024964
-8.970000	0.025008	0.025008
-8.960000	0.025051	0.025051
-8.950000	0.025095	0.025095
-8.940000	0.025138	0.025138
-8.930000	0.025181	0.025181
-8.920000	0.025225	0.025225
-8.910000	0.025268	0.025268
-8.900000	0.025312	0.025312
-8.890000	0.025356	0.025356
-8.880000	0.025399	0.025399
-8.870000	0.025443	0.025443
-8.860000	0.025487	0.025487
-8.850000	0.025530	0.025530
-8.840000	0.025574	0.025574
-8.830000	0.025618	0.025618
-8.820000	0.025662	0.025662
-8.810000	0.025705	0.025705
-8.800000	0.025749	0.025749
-8.790000	0.025793	0.025793
-8.780000	0.025837	0.025837
-8.770000	0.025881	0.025881
-8.760000	0.025925	0.025925
-8.750000	0.025969	0.025969
-8.740000	0.026013	0.026013
-8.730000	0.026057	0.026057
-8.720000	0.026101	0.026101
-8.710000	0.026145	0.026145
-8.700000	0.026190	0.026190
-8.690000	0.026234	0.026234
-8.680000	0.026278	0.026278
-8.670000	0.026322	0.026322
-8.660000	0.026367	0.026367
-8.650000	0.026411	0.026411
-8.640000	0.026455	0.026455
-8.630000	0.026500	0.026500
-8.620000	0.026544	0.026544
-8.610000	0.026588	0.026588
-8.600000	0.026633	0.026633
-8.590000	0.026677	0.026677
-8.580000	0.026722	0.026722
-8.570000	0.026766	0.026766
-8.560000	0.026811	0.026811
-8.550000	0.026855	0.026855
-8.540000	0.026900	0.026900
-8.530000	0.026945	0.026945
-8.520000	0.026989	0.026989
-8.510000	0.027034	0.027034
-8.500000	0.027079	0.027079
-8.490000	0.027124	0.027124
-8.480000	0.027168	0.027168
-8.470000	0.027213	0.027213
-8.460000	0.027258	0.027258
-8.450000	0.027303	0.027303
-8.440000	0.027348	0.027348
-8.430000	0.027393	0.027393
-8.420000	0.027438	0.027438
-8.410000	0.027482	0.027482
-8.400000	0.027527	0.027527
-8.390000	0.027572	0.027572
-8.380000	0.027618	0.027618
-8.370000	0.027663	0.027663
-8.360000	0.027708	0.027708
-8.350000	0.027753	0.027753
-8.340000	0.027798	0.027798
-8.330000	0.027843	0.027843
-8.320000	0.027888	0.027888
-8.310000	0.027933	0.027933
-8.300000	0.027979	0.027979
-8.290000	0.028024	0.028024
-8.280000	0.028069	0.028069
-8.270000	0.028115	0.028115
-8.260000	0.028160	0.028160
-8.250000	0.028205	0.028205
-8.240000	0.028251	0.028251
-8.230000	0.028296	0.028296
-8.220000	0.028341	0.028341
-8.210000	0.028387	0.028387
-8.200000	0.028432	0.028432
-8.190000	0.028478	0.028478
-8.180000	0.028523	0.028523
-8.170000	0.028569	0.028569
-8.160000	0.028614	0.028614
-8.150000	0.028660	0.028660
-8.140000	0.028706	0.028706
-8.130000	0.028751	0.028751
-8.120000	0.028797	0.028797
-8.110000	0.028842	0.028842
-8.100000	0.028888	0.028888
-8.090000	0.028934	0.028934
-8.080000	0.028980	0.028980
-8.070000	0.029025	0.029025
-8.060000	0.029071	0.029071
-8.050000	0.029117	0.029117
-8.040000	0.029163	0.029163
-8.030000	0.029209	0.029209
-8.020000	0.029254	0.029254
-8.010000	0.029300	0.029300
-8.000000	0.029346	0.029346
-7.990000	0.029392	0.029392
-7.980000	0.029438	0.029438
-7.970000	0.029484	0.029484
-7.960000	0.029530	0.029530
-7.950000	0.029576	0.029576
-7.940000	0.029622	0.029622
-7.930000	0.029668	0.029668
-7.920000	0.029714	0.029714
-7.910000	0.029760	0.029760
-7.900000	0.029806	0.029806
-7.890000	0.029852	0.029852
-7.880000	0.029898	0.029898
-7.870000	0.029945	0.029945
-7.860000	0.029991	0.029991
-7.850000	0.030037	0.030037
-7.840000	0.030083	0.030083
-7.830000	0.030129	0.030129
-7.820000	0.030175	0.030175
-7.810000	0.030222	0.030222
-7.800000	0.030268	0.030268
-7.790000	0.030314	0.030314
-7.780000	0.030361	0.030361
-7.770000	0.030407	0.030407
-7.760000	0.030453	0.030453
-7.750000	0.030500	0.030500
-7.740000	0.030546	0.030546
-7.730000	0.030592	0.030592
-7.720000	0.030639	0.030639
-7.710000	0.030685	0.030685
-7.700000	0.030732	0.030732
-7.690000	0.030778	0.030778
-7.680000	0.030824	0.030824
-7.670000	0.030871	0.030871
-7.660000	0.030917	0.030917
-7.650000	0.030964	0.030964
-7.640000	0.031010	0.031010
-7.630000	0.031057	0.031057
-7.620000	0.031103	0.031103
-7.610000	0.031150	0.031150
-7.600000	0.031197	0.031197
-7.590000	0.031243	0.031243
-7.580000	0.031290	0.031290
-7.570000	0.031336	0.031336
-7.560000	0.031383	0.031383
-7.550000	0.031430	0.031430
-7.540000	0.031476	0.031476
-7.530000	0.031523	0.031523
-7.520000	0.031570	0.031570
-7.510000	0.031616	0.031616
-7.500000	0.031663	0.031663
-7.490000	0.031710	0.031710
-7.480000	0.031756	0.031756
-7.470000	0.031803	0.031803
-7.460000	0.031850	0.031850
-7.450000	0.031897	0.031897
-7.440000	0.031943	0.031943
-7.430000	0.031990	0.031990
-7.420000	0.032037	0.032037
-7.410000	0.032084	0.032084
-7.400000	0.032131	0.032131
-7.390000	0.032177	0.032177
-7.380000	0.032224	0.032224
-7.370000	0.032271	0.032271
-7.360000	0.032318	0.032318
-7.350000	0.032365	0.032365
-7.340000	0.032412	0.032412
-7.330000	0.032459	0.032459
-7.320000	0.032505	0.032505
-7.310000	0.032552	0.032552
-7.300000	0.032599	0.032599
-7.290000	0.032646	0.032646
-7.280000	0.032693	0.032693
-7.270000	0.032740	0.032740
-7.260000	0.032787	0.032787
-7.250000	0.032834	0.032834
-7.240000	0.032881	0.032881
-7.230000	0.032928	0.032928
-7.220000	0.032975	0.032975
-7.210000	0.033022	0.033022
-7.200000	0.033069	0.033069
-7.190000	0.033116	0.033116
-7.180000	0.033163	0.033163
-7.170000	0.033210	0.033210
-7.160000	0.033257	0.033257
-7.150000	0.033304	0.033304
-7.140000	0.033351	0.033351
-7.130000	0.033398	0.033398
-7.120000	0.033445	0.033445
-7.110000	0.033492	0.033492
-7.100000	0.033539	0.033539
-7.090000	0.033586	0.033586
-7.080000	0.033633	0.033633
-7.070000	0.033680	0.033680
-7.060000	0.033727	0.033727
-7.050000	0.033774	0.033774
-7.040000	0.033821	0.033821
-7.030000	0.033868	0.033868
-7.020000	0.033916	0.033916
-7.010000	0.033963	0.033963
-7.000000	0.034010	0.034010
-6.990000	0.034057	0.034057
-6.980000	0.034104	0.034104
-6.970000	0.034151	0.034151
-6.960000	0.034198	0.034198
-6.950000	0.034245	0.034245
-6.940000	0.034292	0.034292
-6.930000	0.034339	0.034339
-6.920000	0.034387	0.034387
-6.910000	0.034434	0.034434
-6.900000	0.034481	0.034481
-6.890000	0.034528	0.034528
-6.880000	0.034575	0.034575
-6.870000	0.034622	0.034622
-6.860000	0.034669	0.034669
-6.850000	0.034716	0.034716
-6.840000	0.034763	0.034763
-6.830000	0.034811	0.034811
-6.820000	0.034858	0.034858
-6.810000	0.034905	0.034905
-6.800000	0.034952	0.034952
-6.790000	0.034999	0.034999
-6.780000	0.035046	0.035046
-6.770000	0.035093	0.035093
-6.760000	0.035140	0.035140
-6.750000	0.035188	0.035188
-6.740000	0.035235	0.035235
-6.730000	0.035282	0.035282
-6.720000	0.035329	0.035329
-6.710000	0.035376	0.035376
-6.700000	0.035423	0.035423
-6.690000	0.035470	0.035470
-6.680000	0.035517	0.035517
-6.670000	0.035564	0.035564
-6.660000	0.035612	0.035612
-6.650000	0.035659	0.035659
-6.640000	0.035706	0.035706
-6.630000	0.035753	0.035753
-6.620000	0.035800	0.035800
-6.610000	0.035847	0.035847
-6.600000	0.035894	0.035894
-6.590000	0.035941	0.035941
-6.580000	0.035988	0.035988
-6.570000	0.036035	0.036035
-6.560000	0.036082	0.036082
-6.550000	0.036129	0.036129
-6.540000	0.036176	0.036176
-6.530000	0.036223	0.036223
-6.520000	0.036270	0.036270
-6.510000	0.036317	0.036317
-6.500000	0.036364	0.036364
-6.490000	0.036411	0.036411
-6.480000	0.036458	0.036458
-6.470000	0.036505	0.036505
-6.460000	0.036552	0.036552
-6.450000	0.036599	0.036599
-6.440000	0.036646	0.036646
-6.430000	0.036693	0.036693
-6.420000	0.036740	0.036740
-6.410000	0.036787	0.036787
-6.400000	0.036834	0.036834
-6.390000	0.036881	0.036881
-6.380000	0.036928	0.036928
-6.370000	0.036975	0.036975
-6.360000	0.037022	0.037022
-6.350000	0.037069	0.037069
-6.340000	0.037116	0.037116
-6.330000	0.037163	0.037163
-6.320000	0.037210	0.037210
-6.310000	0.037256	0.037256
-6.300000	0.037303	0.037303
-6.290000	0.037350	0.037350
-6.280000	0.037397	0.037397
-6.270000	0.037444	0.037444
-6.260000	0.037491	0.037491
-6.250000	0.037537	0.037537
-6.240000	0.037584	0.037584
-6.230000	0.037631	0.037631
-6.220000	0.037678	0.037678
-6.210000	0.037724	0.037724
-6.200000	0.037771	0.037771
-6.190000	0.037818	0.037818
-6.180000	0.037865	0.037865
-6.170000	0.037911	0.037911
-6.160000	0.037958	0.037958
-6.150000	0.038005	0.038005
-6.140000	0.038051	0.038051
-6.130000	0.038098	0.038098
-6.120000	0.038145	0.038145
-6.110000	0.038191	0.038191
-6.100000	0.038238	0.038238
-6.090000	0.038284	0.038284
-6.080000	0.038331	0.038331
-6.070000	0.038378	0.038378
-6.060000	0.038424	0.038424
-6.050000	0.038471	0.038471
-6.040000	0.038517	0.038517
-6.030000	0.038564	0.038564
-6.020000	0.038610	0.038610
-6.010000	0.038657	0.038657
-6.000000	0.038703	0.038703
-5.990000	0.038749	0.038749
-5.980000	0.038796	0.038796
-5.970000	0.038842	0.038842
-5.960000	0.038889	0.038889
-5.950000	0.038935	0.038935
-5.940000	0.038981	0.038981
-5.930000	0.039028	0.039028
-5.920000	0.039074	0.039074
-5.910000	0.039120	0.039120
-5.900000	0.039167	0.039167
-5.890000	0.039213	0.039213
-5.880000	0.039259	0.039259
-5.870000	0.039305	0.039305
-5.860000	0.039351	0.039351
-5.850000	0.039398	0.039398
-5.840000	0.039444	0.039444
-5.830000	0.039490	0.039490
-5.820000	0.039536	0.039536
-5.810000	0.039582	0.039582
-5.800000	0.039628	0.039628
-5.790000	0.039674	0.039674
-5.780000	0.039720	0.039720
-5.770000	0.039766	0.039766
-5.760000	0.039812	0.039812
-5.750000	0.039858	0.039858
-5.740000	0.039904	0.039904
-5.730000	0.039950	0.039950
-5.720000	0.039996	0.039996
-5.710000	0.040042	0.040042
-5.700000	0.040088	0.040088
-5.690000	0.040134	0.040134
-5.680000	0.040179	0.040179
-5.670000	0.040225	0.040225
-5.660000	0.040271	0.040271
-5.650000	0.040317	0.040317
-5.640000	0.040362	0.040362
-5.630000	0.040408	0.040408
-5.620000	0.040454	0.040454
-5.610000	0.040499	0.040499
-5.600000	0.040545	0.040545
-5.590000	0.040590	0.040590
-5.580000	0.040636	0.040636
-5.570000	0.040682	0.040682
-5.560000	0.040727	0.040727
-5.550000	0.040773	0.040773
-5.540000	0.040818	0.040818
-5.530000	0.040863	0.040863
-5.520000	0.040909	0.040909
-5.510000	0.040954	0.040954
-5.500000	0.040999	0.040999
-5.490000	0.041045	0.041045
-5.480000	0.041090	0.041090
-5.470000	0.041135	0.041135
-5.460000	0.041181	0.041181
-5.450000	0.041226	0.041226
-5.440000	0.041271	0.041271
-5.430000	0.041316	0.041316
-5.420000	0.041361	0.041361
-5.410000	0.041406	0.041406
-5.400000	0.041451	0.041451
-5.390000	0.041496	0.041496
-5.380000	0.041541	0.041541
-5.370000	0.041586	0.041586
-5.360000	0.041631	0.041631
-5.350000	0.041676	0.041676
-5.340000	0.041721	0.041721
-5.330000	0.041766	0.041766
-5.320000	0.041811	0.041811
-5.310000	0.041855	0.041855
-5.300000	0.041900	0.041900
-5.290000	0.041945	0.041945
-5.280000	0.041990	0.041990
-5.270000	0.042034	0.042034
-5.260000	0.042079	0.042079
-5.250000	0.042123	0.042123
-5.240000	0.042168	0.042168
-5.230000	0.042212	0.042212
-5.220000	0.042257	0.042257
-5.210000	0.042301	0.042301
-5.200000	0.042346	0.042346
-5.190000	0.042390	0.042390
-5.180000	0.042434	0.042434
-5.170000	0.042479	0.042479
-5.160000	0.042523	0.042523
-5.150000	0.042567	0.042567
-5.140000	0.042611	0.042611
-5.130000	0.042656	0.042656
-5.120000	0.042700	0.042700
-5.110000	0.042744	0.042744
-5.100000	0.042788	0.042788
-5.090000	0.042832	0.042832
-5.080000	0.042876	0.042876
-5.070000	0.042920	0.042920
-5.060000	0.042964	0.042964
-5.050000	0.043008	0.043008
-5.040000	0.043051	0.043051
-5.030000	0.043095	0.043095
-5.020000	0.043139	0.043139
-5.010000	0.043183	0.043183
-5.000000	0.043226	0.043226
-4.990000	0.043270	0.043270
-4.980000	0.043314	0.043314
-4.970000	0.043357	0.043357
-4.960000	0.043401	0.043401
-4.950000	0.043444	0.043444
-4.940000	0.043488	0.043488
-4.930000	0.043531	0.043531
-4.920000	0.043574	0.043574
-4.910000	0.043618	0.043618
-4.900000	0.043661	0.043661
-4.890000	0.043704	0.043704
-4.880000	0.043747	0.043747
-4.870000	0.043790	0.043790
-4.860000	0.043834	0.043834
-4.850000	0.043877	0.043877
-4.840000	0.043920	0.043920
-4.830000	0.043963	0.043963
-4.820000	0.044006	0.044006
-4.810000	0.044048	0.044048
-4.800000	0.044091	0.044091
-4.790000	0.044134	0.044134
-4.780000	0.044177	0.044177
-4.770000	0.044220	0.044220
-4.760000	0.044262	0.044262
-4.750000	0.044305	0.044305
-4.740000	0.044347	0.044347
-4.730000	0.044390	0.044390
-4.720000	0.044432	0.044432
-4.710000	0.044475	0.044475
-4.700000	0.044517	0.044517
-4.690000	0.044560	0.044560
-4.680000	0.044602	0.044602
-4.670000	0.044644	0.044644
-4.660000	0.044686	0.044686
-4.650000	0.044729	0.044729
-4.640000	0.044771	0.044771
-4.630000	0.044813	0.044813
-4.620000	0.044855	0.044855
-4.610000	0.044897	0.044897
-4.600000	0.044939	0.044939
-4.590000	0.044981	0.044981
-4.580000	0.045022	0.045022
-4.570000	0.045064	0.045064
-4.560000	0.045106	0.045106
-4.550000	0.045148	0.045148
-4.540000	0.045189	0.045189
-4.530000	0.045231	0.045231
-4.520000	0.045272	0.045272
-4.510000	0.045314	0.045314
-4.500000	0.045355	0.045355
-4.490000	0.045397	0.045397
-4.480000	0.045438	0.045438
-4.470000	0.045479	0.045479
-4.460000	0.045521	0.045521
-4.450000	0.045562	0.045562
-4.440000	0.045603	0.045603
-4.430000	0.045644	0.045644
-4.420000	0.045685	0.045685
-4.410000	0.045726	0.045726
-4.400000	0.045767	0.045767
-4.390000	0.045808	0.045808
-4.380000	0.045849	0.045849
-4.370000	0.045889	0.045889
-4.360000	0.045930	0.045930
-4.350000	0.045971	0.045971
-4.340000	0.046011	0.046011
-4.330000	0.046052	0.046052
-4.320000	0.046092	0.046092
-4.310000	0.046133	0.046133
-4.300000	0.046173	0.046173
-4.290000	0.046213	0.046213
-4.280000	0.046254	0.046254
-4.270000	0.046294	0.046294
-4.260000	0.046334	0.046334
-4.250000	0.046374	0.046374
-4.240000	0.046414	0.046414
-4.230000	0.046454	0.046454
-4.220000	0.046494	0.046494
-4.210000	0.046534	0.046534
-4.200000	0.046574	0.046574
-4.190000	0.046614	0.046614
-4.180000	0.046653	0.046653
-4.170000	0.046693	0.046693
-4.160000	0.046732	0.046732
-4.150000	0.046772	0.046772
-4.140000	0.046811	0.046811
-4.130000	0.046851	0.046851
-4.120000	0.046890	0.046890
-4.110000	0.046930	0.046930
-4.100000	0.046969	0.046969
-4.090000	0.047008	0.047008
-4.080000	0.047047	0.047047
-4.070000	0.047086	0.047086
-4.060000	0.047125	0.047125
-4.050000	0.047164	0.047164
-4.040000	0.047203	0.047203
-4.030000	0.047242	0.047242
-4.020000	0.047280	0.047280
-4.010000	0.047319	0.047319
-4.000000	0.047358	0.047358
-3.990000	0.047396	0.047396
-3.980000	0.047435	0.047435
-3.970000	0.047473	0.047473
-3.960000	0.047512	0.047512
-3.950000	0.047550	0.047550
-3.940000	0.047588	0.047588
-3.930000	0.047626	0.047626
-3.920000	0.047664	0.047664
-3.910000	0.047703	0.047703
-3.900000	0.047741	0.047741
-3.890000	0.047778	0.047778
-3.880000	0.047816	0.047816
-3.870000	0.047854	0.047854
-3.860000	0.047892	0.047892
-3.850000	0.047930	0.047930
-3.840000	0.047967	0.047967
-3.830000	0.048005	0.048005
-3.820000	0.048042	0.048042
-3.810000	0.048080	0.048080
-3.800000	0.048117	0.048117
-3.790000	0.048154	0.048154
-3.780000	0.048191	0.048191
-3.770000	0.048228	0.048228
-3.760000	0.048266	0.048266
-3.750000	0.048303	0.048303
-3.740000	0.048340	0.048340
-3.730000	0.048376	0.048376
-3.720000	0.048413	0.048413
-3.710000	0.048450	0.048450
-3.700000	0.048487	0.048487
-3.690000	0.048523	0.048523
-3.680000	0.048560	0.048560
-3.670000	0.048596	0.048596
-3.660000	0.048633	0.048633
-3.650000	0.048669	0.048669
-3.640000	0.048705	0.048705
-3.630000	0.048741	0.048741
-3.620000	0.048777	0.048777
-3.610000	0.048813	0.048813
-3.600000	0.048849	0.048849
-3.590000	0.048885	0.048885
-3.580000	0.048921	0.048921
-3.570000	0.048957	0.048957
-3.560000	0.048993	0.048993
-3.550000	0.049028	0.049028
-3.540000	0.049064	0.049064
-3.530000	0.049099	0.049099
-3.520000	0.049135	0.049135
-3.510000	0.049170	0.049170
-3.500000	0.049205	0.049205
-3.490000	0.049240	0.049240
-3.480000	0.049276	0.049276
-3.470000	0.049311	0.049311
-3.460000	0.049346	0.049346
-3.450000	0.049380	0.049380
-3.440000	0.049415	0.049415
-3.430000	0.049450	0.049450
-3.420000	0.049485	0.049485
-3.410000	0.049519	0.049519
-3.400000	0.049554	0.049554
-3.390000	0.049588	0.049588
-3.380000	0.049623	0.049623
-3.370000	0.049657	0.049657
-3.360000	0.049691	0.049691
-3.350000	0.049725	0.049725
-3.340000	0.049759	0.049759
-3.330000	0.049793	0.049793
-3.320000	0.049827	0.049827
-3.310000	0.049861	0.049861
-3.300000	0.049895	0.049895
-3.290000	0.049928	0.049928
-3.280000	0.049962	0.049962
-3.270000	0.049996	0.049996
-3.260000	0.050029	0.050029
-3.250000	0.050062	0.050062
-3.240000	0.050096	0.050096
-3.230000	0.050129	0.050129
-3.220000	0.050162	0.050162
-3.210000	0.050195	0.050195
-3.200000	0.050228	0.050228
-3.190000	0.050261	0.050261
-3.180000	0.050294	0.050294
-3.170000	0.050326	0.050326
-3.160000	0.050359	0.050359
-3.150000	0.050392	0.050392
-3.140000	0.050424	0.050424
-3.130000	0.050457	0.050457
-3.120000	0.050489	0.050489
-3.110000	0.050521	0.050521
-3.100000	0.050553	0.050553
-3.090000	0.050585	0.050585
-3.080000	0.050617	0.050617
-3.070000	0.050649	0.050649
-3.060000	0.050681	0.050681
-3.050000	0.050713	0.050713
-3.040000	0.050745	0.050745
-3.030000	0.050776	0.050776
-3.020000	0.050808	0.050808
-3.010000	0.050839	0.050839
-3.000000	0.050871	0.050871
-2.990000	0.050902	0.050902
-2.980000	0.050933	0.050933
-2.970000	0.050964	0.050964
-2.960000	0.050995	0.050995
-2.950000	0.051026	0.051026
-2.940000	0.051057	0.051057
-2.930000	0.051088	0.051088
-2.920000	0.051118	0.051118
-2.910000	0.051149	0.051149
-2.900000	0.051179	0.051179
-2.890000	0.051210	0.051210
-2.880000	0.051240	0.051240
-2.870000	0.051271	0.051271
-2.860000	0.051301	0.051301
-2.850000	0.051331	0.051331
-2.840000	0.051361	0.051361
-2.830000	0.051391	0.051391
-2.820000	0.051421	0.051421
-2.810000	0.051450	0.051450
-2.800000	0.051480	0.051480
-2.790000	0.051509	0.051509
-2.780000	0.051539	0.051539
-2.770000	0.051568	0.051568
-2.760000	0.051598	0.051598
-2.750000	0.051627	0.051627
-2.740000	0.051656	0.051656
-2.730000	0.051685	0.051685
-2.720000	0.051714	0.051714
-2.710000	0.051743	0.051743
-2.700000	0.051772	0.051772
-2.690000	0.051800	0.051800
-2.680000	0.051829	0.051829
-2.670000	0.051857	0.051857
-2.660000	0.051886	0.051886
-2.650000	0.051914	0.051914
-2.640000	0.051942	0.051942
-2.630000	0.051971	0.051971
-2.620000	0.051999	0.051999
-2.610000	0.052027	0.052027
-2.600000	0.052054	0.052054
-2.590000	0.052082	0.052082
-2.580000	0.052110	0.052110
-2.570000	0.052138	0.052138
-2.560000	0.052165	0.052165
-2.550000	0.052192	0.052192
-2.540000	0.052220	0.052220
-2.530000	0.052247	0.052247
-2.520000	0.052274	0.052274
-2.510000	0.052301	0.052301
-2.500000	0.052328	0.052328
-2.490000	0.052355	0.052355
-2.480000	0.052382	0.052382
-2.470000	0.052409	0.052409
-2.460000	0.052435	0.052435
-2.450000	0.052462	0.052462
-2.440000	0.052488	0.052488
-2.430000	0.052514	0.052514
-2.420000	0.052541	0.052541
-2.410000	0.052567	0.052567
-2.400000	0.052593	0.052593
-2.390000	0.052619	0.052619
-2.380000	0.052645	0.052645
-2.370000	0.052670	0.052670
-2.360000	0.052696	0.052696
-2.350000	0.052721	0.052721
-2.340000	0.052747	0.052747
-2.330000	0.052772	0.052772
-2.320000	0.052798	0.052798
-2.310000	0.052823	0.052823
-2.300000	0.052848	0.052848
-2.290000	0.052873	0.052873
-2.280000	0.052898	0.052898
-2.270000	0.052923	0.052923
-2.260000	0.052947	0.052947
-2.250000	0.052972	0.052972
-2.240000	0.052996	0.052996
-2.230000	0.053021	0.053021
-2.220000	0.053045	0.053045
-2.210000	0.053069	0.053069
-2.200000	0.053093	0.053093
-2.190000	0.053117	0.053117
-2.180000	0.053141	0.053141
-2.170000	0.053165	0.053165
-2.160000	0.053189	0.053189
-2.150000	0.053212	0.053212
-2.140000	0.053236	0.053236
-2.130000	0.053259	0.053259
-2.120000	0.053283	0.053283
-2.110000	0.053306	0.053306
-2.100000	0.053329	0.053329
-2.090000	0.053352	0.053352
-2.080000	0.053375	0.053375
-2.070000	0.053398	0.053398
-2.060000	0.053421	0.053421
-2.050000	0.053443	0.053443
-2.040000	0.053466	0.053466
-2.030000	0.053488	0.053488
-2.020000	0.053511	0.053511
-2.010000	0.053533	0.053533
-2.000000	0.053555	0.053555
-1.990000	0.053577	0.053577
-1.980000	0.053599	0.053599
-1.970000	0.053621	0.053621
-1.960000	0.053643	0.053643
-1.950000	0.053664	0.053664
-1.940000	0.053686	0.053686
-1.930000	0.053707	0.053707
-1.920000	0.053729	0.053729
-1.910000	0.053750	0.053750
-1.900000	0.053771	0.053771
-1.890000	0.053792	0.053792
-1.880000	0.053813	0.053813
-1.870000	0.053834	0.053834
-1.860000	0.053854	0.053854
-1.850000	0.053875	0.053875
-1.840000	0.053896	0.053896
-1.830000	0.053916	0.053916
-1.820000	0.053936	0.053936
-1.810000	0.053956	0.053956
-1.800000	0.053977	0.053977
-1.790000	0.053997	0.053997
-1.780000	0.054017	0.054017
-1.770000	0.054036	0.054036
-1.760000	0.054056	0.054056
-1.750000	0.054076	0.054076
-1.740000	0.054095	0.054095
-1.730000	0.054114	0.054114
-1.720000	0.054134	0.054134
-1.710000	0.054153	0.054153
-1.700000	0.054172	0.054172
-1.690000	0.054191	0.054191
-1.680000	0.054210	0.054210
-1.670000	0.054229	0.054229
-1.660000	0.054247	0.054247
-1.650000	0.054266	0.054266
-1.640000	0.054284	0.054284
-1.630000	0.054303	0.054303
-1.620000	0.054321	0.054321
-1.610000	0.054339	0.054339
-1.600000	0.054357	0.054357
-1.590000	0.054375	0.054375
-1.580000	0.054393	0.054393
-1.570000	0.054410	0.054410
-1.560000	0.054428	0.054428
-1.550000	0.054445	0.054445
-1.540000	0.054463	0.054463
-1.530000	0.054480	0.054480
-1.520000	0.054497	0.054497
-1.510000	0.054514	0.054514
-1.500000	0.054531	0.054531
-1.490000	0.054548	0.054548
-1.480000	0.054565	0.054565
-1.470000	0.054581	0.054581
-1.460000	0.054598	0.054598
-1.450000	0.054614	0.054614
-1.440000	0.054631	0.054631
-1.430000	0.054647	0.054647
-1.420000	0.054663	0.054663
-1.410000	0.054679	0.054679
-1.400000	0.054695	0.054695
-1.390000	0.054711	0.054711
-1.380000	0.054726	0.054726
-1.370000	0.054742	0.054742
-1.360000	0.054757	0.054757
-1.350000	0.054773	0.054773
-1.340000	0.054788	0.054788
-1.330000	0.054803	0.054803
-1.320000	0.054818	0.054818
-1.310000	0.054833	0.054833
-1.300000	0.054848	0.054848
-1.290000	0.054862	0.054862
-1.280000	0.054877	0.054877
-1.270000	0.054891	0.054891
-1.260000	0.054906	0.054906
-1.250000	0.054920	0.054920
-1.240000	0.054934	0.054934
-1.230000	0.054948	0.054948
-1.220000	0.054962	0.054962
-1.210000	0.054976	0.054976
-1.200000	0.054990	0.054990
-1.190000	0.055003	0.055003
-1.180000	0.055017	0.055017
-1.170000	0.055030	0.055030
-1.160000	0.055043	0.055043
-1.150000	0.055057	0.055057
-1.140000	0.055070	0.055070
-1.130000	0.055082	0.055082
-1.120000	0.055095	0.055095
-1.110000	0.055108	0.055108
-1.100000	0.055121	0.055121
-1.090000	0.055133	0.055133
-1.080000	0.055145	0.055145
-1.070000	0.055158	0.055158
-1.060000	0.055170	0.055170
-1.050000	0.055182	0.055182
-1.040000	0.055194	0.055194
-1.030000	0.055206	0.055206
-1.020000	0.055217	0.055217
-1.010000	0.055229	0.055229
-1.000000	0.055240	0.055240
-0.990000	0.055252	0.055252
-0.980000	0.055263	0.055263
-0.970000	0.055274	0.055274
-0.960000	0.055285	0.055285
-0.950000	0.055296	0.055296
-0.940000	0.055307	0.055307
-0.930000	0.055318	0.055318
-0.920000	0.055328	0.055328
-0.910000	0.055339	0.055339
-0.900000	0.055349	0.055349
-0.890000	0.055359	0.055359
-0.880000	0.055370	0.055370
-0.870000	0.055380	0.055380
-0.860000	0.055390	0.055390
-0.850000	0.055399	0.055399
-0.840000	0.055409	0.055409
-0.830000	0.055419	0.055419
-0.820000	0.055428	0.055428
-0.810000	0.055437	0.055437
-0.800000	0.055447	0.055447
-0.790000	0.055456	0.055456
-0.780000	0.055465	0.055465
-0.770000	0.055474	0.055474
-0.760000	0.055482	0.055482
-0.750000	0.055491	0.055491
-0.740000	0.055500	0.055500
-0.730000	0.055508	0.055508
-0.720000	0.055516	0.055516
-0.710000	0.055525	0.055525
-0.700000	0.055533	0.055533
-0.690000	0.055541	0.055541
-0.680000	0.055549	0.055549
-0.670000	0.055556	0.055556
-0.660000	0.055564	0.055564
-0.650000	0.055572	0.055572
-0.640000	0.055579	0.055579
-0.630000	0.055586	0.055586
-0.620000	0.055594	0.055594
-0.610000	0.055601	0.055601
-0.600000	0.055608	0.055608
-0.590000	0.055614	0.055614
-0.580000	0.055621	0.055621
-0.570000	0.055628	0.055628
-0.560000	0.055634	0.055634
-0.550000	0.055641	0.055641
-0.540000	0.055647	0.055647
-0.530000	0.055653	0.055653
-0.520000	0.055659	0.055659
-0.510000	0.055665	0.055665
-0.500000	0.055671	0.055671
-0.490000	0.055677	0.055677
-0.480000	0.055682	0.055682
-0.470000	0.055688	0.055688
-0.460000	0.055693	0.055693
-0.450000	0.055698	0.055698
-0.440000	0.055703	0.055703
-0.430000	0.055708	0.055708
-0.420000	0.055713	0.055713
-0.410000	0.055718	0.055718
-0.400000	0.055723	0.055723
-0.390000	0.055727	0.055727
-0.380000	0.055732	0.055732
-0.370000	0.055736	0.055736
-0.360000	0.055740	0.055740
-0.350000	0.055744	0.055744
-0.340000	0.055748	0.055748
-0.330000	0.055752	0.055752
-0.320000	0.055756	0.055756
-0.310000	0.055760	0.055760
-0.300000	0.055763	0.055763
-0.290000	0.055767	0.055767
-0.280000	0.055770	0.055770
-0.270000	0.055773	0.055773
-0.260000	0.055776	0.055776
-0.250000	0.055779	0.055779
-0.240000	0.055782	0.055782
-0.230000	0.055785	0.055785
-0.220000	0.055787	0.055787
-0.210000	0.055790	0.055790
-0.200000	0.055792	0.055792
-0.190000	0.055794	0.055794
-0.180000	0.055797	0.055797
-0.170000	0.055799	0.055799
-0.160000	0.055800	0.055800
-0.150000	0.055802	0.055802
-0.140000	0.055804	0.055804
-0.130000	0.055805	0.055805
-0.120000	0.055807	0.055807
-0.110000	0.055808	0.055808
-0.100000	0.055809	0.055809
-0.090000	0.055811	0.055811
-0.080000	0.055812	0.055812
-0.070000	0.055812	0.055812
-0.060000	0.055813	0.055813
-0.050000	0.055814	0.055814
-0.040000	0.055814	0.055814
-0.030000	0.055815	0.055815
-0.020000	0.055815	0.055815
-0.010000	0.055815	0.055815
-0.000000	0.055815	0.055815
0.010000	0.055815	0.055815
0.020000	0.055815	0.055815
0.030000	0.055815	0.055815
0.040000	0.055814	0.055814
0.050000	0.055814	0.055814
0.060000	0.055813	0.055813
0.070000	0.055812	0.055812
0.080000	0.055812	0.055812
0.090000	0.055811	0.055811
0.100000	0.055809	0.055809
0.110000	0.055808	0.055808
0.120000	0.055807	0.055807
0.130000	0.055805	0.055805
0.140000	0.055804	0.055804
0.150000	0.055802	0.055802
0.160000	0.055800	0.055800
0.170000	0.055799	0.055799
0.180000	0.055797	0.055797
0.190000	0.055794	0.055794
0.200000	0.055792	0.055792
0.210000	0.055790	0.055790
0.220000	0.055787	0.055787
0.230000	0.055785	0.055785
0.240000	0.055782	0.055782
0.250000	0.055779	0.055779
0.260000	0.055776	0.055776
0.270000	0.055773	0.055773
0.280000	0.055770	0.055770
0.290000	0.055767	0.055767
0.300000	0.055763	0.055763
0.310000	0.055760	0.055760
0.320000	0.055756	0.055756
0.330000	0.055752	0.055752
0.340000	0.055748	0.055748
0.350000	0.055744	0.055744
0.360000	0.055740	0.055740
0.370000	0.055736	0.055736
0.380000	0.055732	0.055732
0.390000	0.055727	0.055727
0.400000	0.055723	0.055723
0.410000	0.055718	0.055718
0.420000	0.055713	0.055713
0.430000	0.055708	0.055708
0.440000	0.055703	0.055703
0.450000	0.055698	0.055698
0.460000	0.055693	0.055693
0.470000	0.055688	0.055688
0.480000	0.055682	0.055682
0.490000	0.055677	0.055677
0.500000	0.055671	0.055671
0.510000	0.055665	0.055665
0.520000	0.055659	0.055659
0.530000	0.055653	0.055653
0.540000	0.055647	0.055647
0.550000	0.055641	0.055641
0.560000	0.055634	0.055634
0.570000	0.055628	0.055628
0.580000	0.055621	0.055621
0.590000	0.055614	0.055614
0.600000	0.055608	0.055608
0.610000	0.055601	0.055601
0.620000	0.055594	0.055594
0.630000	0.055586	0.055586
0.640000	0.055579	0.055579
0.650000	0.055572	0.055572
0.660000	0.055564	0.055564
0.670000	0.055556	0.055556
0.680000	0.055549	0.055549
0.690000	0.055541	0.055541
0.700000	0.055533	0.055533
0.710000	0.055525	0.055525
0.720000	0.055516	0.055516
0.730000	0.055508	0.055508
0.740000	0.055500	0.055500
0.750000	0.055491	0.055491
0.760000	0.055482	0.055482
0.770000	0.055474	0.055474
0.780000	0.055465	0.055465
0.790000	0.055456	0.055456
0.800000	0.055447	0.055447
0.810000	0.055437	0.055437
0.820000	0.055428	0.055428
0.830000	0.055419	0.055419
0.840000	0.055409	0.055409
0.850000	0.055399	0.055399
0.860000	0.055390	0.055390
0.870000	0.055380	0.055380
0.880000	0.055370	0.055370
0.890000	0.055359	0.055359
0.900000	0.055349	0.055349
0.910000	0.055339	0.055339
0.920000	0.055328	0.055328
0.930000	0.055318	0.055318
0.940000	0.055307	0.055307
0.950000	0.055296	0.055296
0.960000	0.055285	0.055285
0.970000	0.055274	0.055274
0.980000	0.055263	0.055263
0.990000	0.055252	0.055252
1.000000	0.055240	0.055240
1.010000	0.055229	0.055229
1.020000	0.055217	0.055217
1.030000	0.055206	0.055206
1.040000	0.055194	0.055194
1.050000	0.055182	0.055182
1.060000	0.055170	0.055170
1.070000	0.055158	0.055158
1.080000	0.055145	0.055145
1.090000	0.055133	0.055133
1.100000	0.055121	0.055121
1.110000	0.055108	0.055108
1.120000	0.055095	0.055095
1.130000	0.055082	0.055082
1.140000	0.055070	0.055070
1.150000	0.055057	0.055057
1.160000	0.055043	0.055043
1.170000	0.055030	0.055030
1.180000	0.055017	0.055017
1.190000	0.055003	0.055003
1.200000	0.054990	0.054990
1.210000	0.054976	0.054976
1.220000	0.054962	0.054962
1.230000	0.054948	0.054948
1.240000	0.054934	0.054934
1.250000	0.054920	0.054920
1.260000	0.054906	0.054906
1.270000	0.054891	0.054891
1.280000	0.054877	0.054877
1.290000	0.054862	0.054862
1.300000	0.054848	0.054848
1.310000	0.054833	0.054833
1.320000	0.054818	0.054818
1.330000	0.054803	0.054803
1.340000	0.054788	0.054788
1.350000	0.054773	0.054773
1.360000	0.054757	0.054757
1.370000	0.054742	0.054742
1.380000	0.054726	0.054726
1.390000	0.054711	0.054711
1.400000	0.054695	0.054695
1.410000	0.054679	0.054679
1.420000	0.054663	0.054663
1.430000	0.054647	0.054647
1.440000	0.054631	0.054631
1.450000	0.054614	0.054614
1.460000	0.054598	0.054598
1.470000	0.054581	0.054581
1.480000	0.054565	0.054565
1.490000	0.054548	0.054548
1.500000	0.054531	0.054531
1.510000	0.054514	0.054514
1.520000	0.054497	0.054497
1.530000	0.054480	0.054480
1.540000	0.054463	0.054463
1.550000	0.054445	0.054445
1.560000	0.054428	0.054428
1.570000	0.054410	0.054410
1.580000	0.054393	0.054393
1.590000	0.054375	0.054375
1.600000	0.054357	0.054357
1.610000	0.054339	0.054339
1.620000	0.054321	0.054321
1.630000	0.054303	0.054303
1.640000	0.054284	0.054284
1.650000	0.054266	0.054266
1.660000	0.054247	0.054247
1.670000	0.054229	0.054229
1.680000	0.054210	0.054210
1.690000	0.054191	0.054191
1.700000	0.054172	0.054172
1.710000	0.054153	0.054153
1.720000	0.054134	0.054134
1.730000	0.054114	0.054114
1.740000	0.054095	0.054095
1.750000	0.054076	0.054076
1.760000	0.054056	0.054056
1.770000	0.054036	0.054036
1.780000	0.054017	0.054017
1.790000	0.053997	0.053997
1.800000	0.053977	0.053977
1.810000	0.053956	0.053956
1.820000	0.053936	0.053936
1.830000	0.053916	0.053916
1.840000	0.053896	0.053896
1.850000	0.053875	0.053875
1.860000	0.053854	0.053854
1.870000	0.053834	0.053834
1.880000	0.053813	0.053813
1.890000	0.053792	0.053792
1.900000	0.053771	0.053771
1.910000	0.053750	0.053750
1.920000	0.053729	0.053729
1.930000	0.053707	0.053707
1.940000	0.053686	0.053686
1.950000	0.053664	0.053664
1.960000	0.053643	0.053643
1.970000	0.053621	0.053621
1.980000	0.053599	0.053599
1.990000	0.053577	0.053577
2.000000	0.053555	0.053555
2.010000	0.053533	0.053533
2.020000	0.053511	0.053511
2.030000	0.053488	0.053488
2.040000	0.053466	0.053466
2.050000	0.053443	0.053443
2.060000	0.053421	0.053421
2.070000	0.053398	0.053398
2.080000	0.053375	0.053375
2.090000	0.053352	0.053352
2.100000	0.053329	0.053329
2.110000	0.053306	0.053306
2.120000	0.053283	0.053283
2.130000	0.053259	0.053259
2.140000	0.053236	0.053236
2.150000	0.053212	0.053212
2.160000	0.053189	0.053189
2.170000	0.053165	0.053165
2.180000	0.053141	0.053141
2.190000	0.053117	0.053117
2.200000	0.053093	0.053093
2.210000	0.053069	0.053069
2.220000	0.053045	0.053045
2.230000	0.053021	0.053021
2.240000	0.052996	0.052996
2.250000	0.052972	0.052972
2.260000	0.052947	0.052947
2.270000	0.052923	0.052923
2.280000	0.052898	0.052898
2.290000	0.052873	0.052873
2.300000	0.052848	0.052848
2.310000	0.052823	0.052823
2.320000	0.052798	0.052798
2.330000	0.052772	0.052772
2.340000	0.052747	0.052747
2.350000	0.052721	0.052721
2.360000	0.052696	0.052696
2.370000	0.052670	0.052670
2.380000	0.052645	0.052645
2.390000	0.052619	0.052619
2.400000	0.052593	0.052593
2.410000	0.052567	0.052567
2.420000	0.052541	0.052541
2.430000	0.052514	0.052514
2.440000	0.052488	0.052488
2.450000	0.052462	0.052462
2.460000	0.052435	0.052435
2.470000	0.052409	0.052409
2.480000	0.052382	0.052382
2.490000	0.052355	0.052355
2.500000	0.052328	0.052328
2.510000	0.052301	0.052301
2.520000	0.052274	0.052274
2.530000	0.052247	0.052247
2.540000	0.052220	0.052220
2.550000	0.052192	0.052192
2.560000	0.052165	0.052165
2.570000	0.052138	0.052138
2.580000	0.052110	0.052110
2.590000	0.052082	0.052082
2.600000	0.052054	0.052054
2.610000	0.052027	0.052027
2.620000	0.051999	0.051999
2.630000	0.051971	0.051971
2.640000	0.051942	0.051942
2.650000	0.051914	0.051914
2.660000	0.051886	0.051886
2.670000	0.051857	0.051857
2.680000	0.051829	0.051829
2.690000	0.051800	0.051800
2.700000	0.051772	0.051772
2.710000	0.051743	0.051743
2.720000	0.051714	0.051714
2.730000	0.051685	0.051685
2.740000	0.051656	0.051656
2.750000	0.051627	0.051627
2.760000	0.051598	0.051598
2.770000	0.051568	0.051568
2.780000	0.051539	0.051539
2.790000	0.051509	0.051509
2.800000	0.051480	0.051480
2.810000	0.051450	0.051450
2.820000	0.051421	0.051421
2.830000	0.051391	0.051391
2.840000	0.051361	0.051361
2.850000	0.051331	0.051331
2.860000	0.051301	0.051301
2.870000	0.051271	0.051271
2.880000	0.051240	0.051240
2.890000	0.051210	0.051210
2.900000	0.051179	0.051179
2.910000	0.051149	0.051149
2.920000	0.051118	0.051118
2.930000	0.051088	0.051088
2.940000	0.051057	0.051057
2.950000	0.051026	0.051026
2.960000	0.050995	0.050995
2.970000	0.050964	0.050964
2.980000	0.050933	0.050933
2.990000	0.050902	0.050902
3.000000	0.050871	0.050871
3.010000	0.050839	0.050839
3.020000	0.050808	0.050808
3.030000	0.050776	0.050776
3.040000	0.050745	0.050745
3.050000	0.050713	0.050713
3.060000	0.050681	0.050681
3.070000	0.050649	0.050649
3.080000	0.050617	0.050617
3.090000	0.050585	0.050585
3.100000	0.050553	0.050553
3.110000	0.050521	0.050521
3.120000	0.050489	0.050489
3.130000	0.050457	0.050457
3.140000	0.050424	0.050424
3.150000	0.050392	0.050392
3.160000	0.050359	0.050359
3.170000	0.050326	0.050326
3.180000	0.050294	0.050294
3.190000	0.050261	0.050261
3.200000	0.050228	0.050228
3.210000	0.050195	0.050195
3.220000	0.050162	0.050162
3.230000	0.050129	0.050129
3.240000	0.050096	0.050096
3.250000	0.050062	0.050062
3.260000	0.050029	0.050029
3.270000	0.049996	0.049996
3.280000	0.049962	0.049962
3.290000	0.049928	0.049928
3.300000	0.049895	0.049895
3.310000	0.049861	0.049861
3.320000	0.049827	0.049827
3.330000	0.049793	0.049793
3.340000	0.049759	0.049759
3.350000	0.049725	0.049725
3.360000	0.049691	0.049691
3.370000	0.049657	0.049657
3.380000	0.049623	0.049623
3.390000	0.049588	0.049588
3.400000	0.049554	0.049554
3.410000	0.049519	0.049519
3.420000	0.049485	0.049485
3.430000	0.049450	0.049450
3.440000	0.049415	0.049415
3.450000	0.049380	0.049380
3.460000	0.049346	0.049346
3.470000	0.049311	0.049311
3.480000	0.049276	0.049276
3.490000	0.049240	0.049240
3.500000	0.049205	0.049205
3.510000	0.049170	0.049170
3.520000	0.049135	0.049135
3.530000	0.049099	0.049099
3.540000	0.049064	0.049064
3.550000	0.049028	0.049028
3.560000	0.048993	0.048993
3.570000	0.048957	0.048957
3.580000	0.048921	0.048921
3.590000	0.048885	0.048885
3.600000	0.048849	0.048849
3.610000	0.048813	0.048813
3.620000	0.048777	0.048777
3.630000	0.048741	0.048741
3.640000	0.048705	0.048705
3.650000	0.048669	0.048669
3.660000	0.048633	0.048633
3.670000	0.048596	0.048596
3.680000	0.048560	0.048560
3.690000	0.048523	0.048523
3.700000	0.048487	0.048487
3.710000	0.048450	0.048450
3.720000	0.048413	0.048413
3.730000	0.048376	0.048376
3.740000	0.048340	0.048340
3.750000	0.048303	0.048303
3.760000	0.048266	0.048266
3.770000	0.048228	0.048228
3.780000	0.048191	0.048191
3.790000	0.048154	0.048154
3.800000	0.048117	0.048117
3.810000	0.048080	0.048080
3.820000	0.048042	0.048042
3.830000	0.048005	0.048005
3.840000	0.047967	0.047967
3.850000	0.047930	0.047930
3.860000	0.047892	0.047892
3.870000	0.047854	0.047854
3.880000	0.047816	0.047816
3.890000	0.047778	0.047778
3.900000	0.047741	0.047741
3.910000	0.047703	0.047703
3.920000	0.047664	0.047664
3.930000	0.047626	0.047626
3.940000	0.047588	0.047588
3.950000	0.047550	0.047550
3.960000	0.047512	0.047512
3.970000	0.047473	0.047473
3.980000	0.047435	0.047435
3.990000	0.047396	0.047396
4.000000	0.047358	0.047358
4.010000	0.047319	0.047319
4.020000	0.047280	0.047280
4.030000	0.047242	0.047242
4.040000	0.047203	0.047203
4.050000	0.047164	0.047164
4.060000	0.047125	0.047125
4.070000	0.047086	0.047086
4.080000	0.047047	0.047047
4.090000	0.047008	0.047008
4.100000	0.046969	0.046969
4.110000	0.046930	0.046930
4.120000	0.046890	0.046890
4.130000	0.046851	0.046851
4.140000	0.046811	0.046811
4.150000	0.046772	0.046772
4.160000	0.046732	0.046732
4.170000	0.046693	0.046693
4.180000	0.046653	0.046653
4.190000	0.046614	0.046614
4.200000	0.046574	0.046574
4.210000	0.046534	0.046534
4.220000	0.046494	0.046494
4.230000	0.046454	0.046454
4.240000	0.046414	0.046414
4.250000	0.046374	0.046374
4.260000	0.046334	0.046334
4.270000	0.046294	0.046294
4.280000	0.046254	0.046254
4.290000	0.046213	0.046213
4.300000	0.046173	0.046173
4.310000	0.046133	0.046133
4.320000	0.046092	0.046092
4.330000	0.046052	0.046052
4.340000	0.046011	0.046011
4.350000	0.045971	0.045971
4.360000	0.045930	0.045930
4.370000	0.045889	0.045889
4.380000	0.045849	0.045849
4.390000	0.045808	0.045808
4.400000	0.045767	0.045767
4.410000	0.045726	0.045726
4.420000	0.045685	0.045685
4.430000	0.045644	0.045644
4.440000	0.045603	0.045603
4.450000	0.045562	0.045562
4.460000	0.045521	0.045521
4.470000	0.045479	0.045479
4.480000	0.045438	0.045438
4.490000	0.045397	0.045397
4.500000	0.045355	0.045355
4.510000	0.045314	0.045314
4.520000	0.045272	0.045272
4.530000	0.045231	0.045231
4.540000	0.045189	0.045189
4.550000	0.045148	0.045148
4.560000	0.045106	0.045106
4.570000	0.045064	0.045064
4.580000	0.045022	0.045022
4.590000	0.044981	0.044981
4.600000	0.044939	0.044939
4.610000	0.044897	0.044897
4.620000	0.044855	0.044855
4.630000	0.044813	0.044813
4.640000	0.044771	0.044771
4.650000	0.044729	0.044729
4.660000	0.044686	0.044686
4.670000	0.044644	0.044644
4.680000	0.044602	0.044602
4.690000	0.044560	0.044560
4.700000	0.044517	0.044517
4.710000	0.044475	0.044475
4.720000	0.044432	0.044432
4.730000	0.044390	0.044390
4.740000	0.044347	0.044347
4.750000	0.044305	0.044305
4.760000	0.044262	0.044262
4.770000	0.044220	0.044220
4.780000	0.044177	0.044177
4.790000	0.044134	0.044134
4.800000	0.044091	0.044091
4.810000	0.044048	0.044048
4.820000	0.044006	0.044006
4.830000	0.043963	0.043963
4.840000	0.043920	0.043920
4.850000	0.043877	0.043877
4.860000	0.043834	0.043834
4.870000	0.043790	0.043790
4.880000	0.043747	0.043747
4.890000	0.043704	0.043704
4.900000	0.043661	0.043661
4.910000	0.043618	0.043618
4.920000	0.043574	0.043574
4.930000	0.043531	0.043531
4.940000	0.043488	0.043488
4.950000	0.043444	0.043444
4.960000	0.043401	0.043401
4.970000	0.043357	0.043357
4.980000	0.043314	0.043314
4.990000	0.043270	0.043270
5.000000	0.043226	0.043226
5.010000	0.043183	0.043183
5.020000	0.043139	0.043139
5.030000	0.043095	0.043095
5.040000	0.043051	0.043051
5.050000	0.043008	0.043008
5.060000	0.042964	0.042964
5.070000	0.042920	0.042920
5.080000	0.042876	0.042876
5.090000	0.042832	0.042832
5.100000	0.042788	0.042788
5.110000	0.042744	0.042744
5.120000	0.042700	0.042700
5.130000	0.042656	0.042656
5.140000	0.042611	0.042611
5.150000	0.042567	0.042567
5.160000	0.042523	0.042523
5.170000	0.042479	0.042479
5.180000	0.042434	0.042434
5.190000	0.042390	0.042390
5.200000	0.042346	0.042346
5.210000	0.042301	0.042301
5.220000	0.042257	0.042257
5.230000	0.042212	0.042212
5.240000	0.042168	0.042168
5.250000	0.042123	0.042123
5.260000	0.042079	0.042079
5.270000	0.042034	0.042034
5.280000	0.041990	0.041990
5.290000	0.041945	0.041945
5.300000	0.041900	0.041900
5.310000	0.041855	0.041855
5.320000	0.041811	0.041811
5.330000	0.041766	0.041766
5.340000	0.041721	0.041721
5.350000	0.041676	0.041676
5.360000	0.041631	0.041631
5.370000	0.041586	0.041586
5.380000	0.041541	0.041541
5.390000	0.041496	0.041496
5.400000	0.041451	0.041451
5.410000	0.041406	0.041406
5.420000	0.041361	0.041361
5.430000	0.041316	0.041316
5.440000	0.041271	0.041271
5.450000	0.041226	0.041226
5.460000	0.041181	0.041181
5.470000	0.041135	0.041135
5.480000	0.041090	0.041090
5.490000	0.041045	0.041045
5.500000	0.040999	0.040999
5.510000	0.040954	0.040954
5.520000	0.040909	0.040909
5.530000	0.040863	0.040863
5.540000	0.040818	0.040818
5.550000	0.040773	0.040773
5.560000	0.040727	0.040727
5.570000	0.040682	0.040682
5.580000	0.040636	0.040636
5.590000	0.040590	0.040590
5.600000	0.040545	0.040545
5.610000	0.040499	0.040499
5.620000	0.040454	0.040454
5.630000	0.040408	0.040408
5.640000	0.040362	0.040362
5.650000	0.040317	0.040317
5.660000	0.040271	0.040271
5.670000	0.040225	0.040225
5.680000	0.040179	0.040179
5.690000	0.040134	0.040134
5.700000	0.040088	0.040088
5.710000	0.040042	0.040042
5.720000	0.039996	0.039996
5.730000	0.039950	0.039950
5.740000	0.039904	0.039904
5.750000	0.039858	0.039858
5.760000	0.039812	0.039812
5.770000	0.039766	0.039766
5.780000	0.039720	0.039720
5.790000	0.039674	0.039674
5.800000	0.039628	0.039628
5.810000	0.039582	0.039582
5.820000	0.039536	0.039536
5.830000	0.039490	0.039490
5.840000	0.039444	0.039444
5.850000	0.039398	0.039398
5.860000	0.039351	0.039351
5.870000	0.039305	0.039305
5.880000	0.039259	0.039259
5.890000	0.039213	0.039213
5.900000	0.039167	0.039167
5.910000	0.039120	0.039120
5.920000	0.039074	0.039074
5.930000	0.039028	0.039028
5.940000	0.038981	0.038981
5.950000	0.038935	0.038935
5.960000	0.038889	0.038889
5.970000	0.038842	0.038842
5.980000	0.038796	0.038796
5.990000	0.038749	0.038749
6.000000	0.038703	0.038703
6.010000	0.038657	0.038657
6.020000	0.038610	0.038610
6.030000	0.038564	0.038564
6.040000	0.038517	0.038517
6.050000	0.038471	0.038471
6.060000	0.038424	0.038424
6.070000	0.038378	0.038378
6.080000	0.038331	0.038331
6.090000	0.038284	0.038284
6.100000	0.038238	0.038238
6.110000	0.038191	0.038191
6.120000	0.038145	0.038145
6.130000	0.038098	0.038098
6.140000	0.038051	0.038051
6.150000	0.038005	0.038005
6.160000	0.037958	0.037958
6.170000	0.037911	0.037911
6.180000	0.037865	0.037865
6.190000	0.037818	0.037818
6.200000	0.037771	0.037771
6.210000	0.037724	0.037724
6.220000	0.037678	0.037678
6.230000	0.037631	0.037631
6.240000	0.037584	0.037584
6.250000	0.037537	0.037537
6.260000	0.037491	0.037491
6.270000	0.037444	0.037444
6.280000	0.037397	0.037397
6.290000	0.037350	0.037350
6.300000	0.037303	0.037303
6.310000	0.037256	0.037256
6.320000	0.037210	0.037210
6.330000	0.037163	0.037163
6.340000	0.037116	0.037116
6.350000	0.037069	0.037069
6.360000	0.037022	0.037022
6.370000	0.036975	0.036975
6.380000	0.036928	0.036928
6.390000	0.036881	0.036881
6.400000	0.036834	0.036834
6.410000	0.036787	0.036787
6.420000	0.036740	0.036740
6.430000	0.036693	0.036693
6.440000	0.036646	0.036646
6.450000	0.036599	0.036599
6.460000	0.036552	0.036552
6.470000	0.036505	0.036505
6.480000	0.036458	0.036458
6.490000	0.036411	0.036411
6.500000	0.036364	0.036364
6.510000	0.036317	0.036317
6.520000	0.036270	0.036270
6.530000	0.036223	0.036223
6.540000	0.036176	0.036176
6.550000	0.036129	0.036129
6.560000	0.036082	0.036082
6.570000	0.036035	0.036035
6.580000	0.035988	0.035988
6.590000	0.035941	0.035941
6.600000	0.035894	0.035894
6.610000	0.035847	0.035847
6.620000	0.035800	0.035800
6.630000	0.035753	0.035753
6.640000	0.035706	0.035706
6.650000	0.035659	0.035659
6.660000	0.035612	0.035612
6.670000	0.035564	0.035564
6.680000	0.035517	0.035517
6.690000	0.035470	0.035470
6.700000	0.035423	0.035423
6.710000	0.035376	0.035376
6.720000	0.035329	0.035329
6.730000	0.035282	0.035282
6.740000	0.035235	0.035235
6.750000	0.035188	0.035188
6.760000	0.035140	0.035140
6.770000	0.035093	0.035093
6.780000	0.035046	0.035046
6.790000	0.034999	0.034999
6.800000	0.034952	0.034952
6.810000	0.034905	0.034905
6.820000	0.034858	0.034858
6.830000	0.034811	0.034811
6.840000	0.034763	0.034763
6.850000	0.034716	0.034716
6.860000	0.034669	0.034669
6.870000	0.034622	0.034622
6.880000	0.034575	0.034575
6.890000	0.034528	0.034528
6.900000	0.034481	0.034481
6.910000	0.034434	0.034434
6.920000	0.034387	0.034387
6.930000	0.034339	0.034339
6.940000	0.034292	0.034292
6.950000	0.034245	0.034245
6.960000	0.034198	0.034198
6.970000	0.034151	0.034151
6.980000	0.034104	0.034104
6.990000	0.034057	0.034057
7.000000	0.034010	0.034010
7.010000	0.033963	0.033963
7.020000	0.033916	0.033916
7.030000	0.033868	0.033868
7.040000	0.033821	0.033821
7.050000	0.033774	0.033774
7.060000	0.033727	0.033727
7.070000	0.033680	0.033680
7.080000	0.033633	0.033633
7.090000	0.033586	0.033586
7.100000	0.033539	0.033539
7.110000	0.033492	0.033492
7.120000	0.033445	0.033445
7.130000	0.033398	0.033398
7.140000	0.033351	0.033351
7.150000	0.033304	0.033304
7.160000	0.033257	0.033257
7.170000	0.033210	0.033210
7.180000	0.033163	0.033163
7.190000	0.033116	0.033116
7.200000	0.033069	0.033069
7.210000	0.033022	0.033022
7.220000	0.032975	0.032975
7.230000	0.032928	0.032928
7.240000	0.032881	0.032881
7.250000	0.032834	0.032834
7.260000	0.032787	0.032787
7.270000	0.032740	0.032740
7.280000	0.032693	0.032693
7.290000	0.032646	0.032646
7.300000	0.032599	0.032599
7.310000	0.032552	0.032552
7.320000	0.032505	0.032505
7.330000	0.032459	0.032459
7.340000	0.032412	0.032412
7.350000	0.032365	0.032365
7.360000	0.032318	0.032318
7.370000	0.032271	0.032271
7.380000	0.032224	0.032224
7.390000	0.032177	0.032177
7.400000	0.032131	0.032131
7.410000	0.032084	0.032084
7.420000	0.032037	0.032037
7.430000	0.031990	0.031990
7.440000	0.031943	0.031943
7.450000	0.031897	0.031897
7.460000	0.031850	0.031850
7.470000	0.031803	0.031803
7.480000	0.031756	0.031756
7.490000	0.031710	0.031710
7.500000	0.031663	0.031663
7.510000	0.031616	0.031616
7.520000	0.031570	0.031570
7.530000	0.031523	0.031523
7.540000	0.031476	0.031476
7.550000	0.031430	0.031430
7.560000	0.031383	0.031383
7.570000	0.031336	0.031336
7.580000	0.031290	0.031290
7.590000	0.031243	0.031243
7.600000	0.031197	0.031197
7.610000	0.031150	0.031150
7.620000	0.031103	0.031103
7.630000	0.031057	0.031057
7.640000	0.031010	0.031010
7.650000	0.030964	0.030964
7.660000	0.030917	0.030917
7.670000	0.030871	0.030871
7.680000	0.030824	0.030824
7.690000	0.030778	0.030778
7.700000	0.030732	0.030732
7.710000	0.030685	0.030685
7.720000	0.030639	0.030639
7.730000	0.030592	0.030592
7.740000	0.030546	0.030546
7.750000	0.030500	0.030500
7.760000	0.030453	0.030453
7.770000	0.030407	0.030407
7.780000	0.030361	0.030361
7.790000	0.030314	0.030314
7.800000	0.030268	0.030268
7.810000	0.030222	0.030222
7.820000	0.030175	0.030175
7.830000	0.030129	0.030129
7.840000	0.030083	0.030083
7.850000	0.030037	0.030037
7.860000	0.029991	0.029991
7.870000	0.029945	0.029945
7.880000	0.029898	0.029898
7.890000	0.029852	0.029852
7.900000	0.029806	0.029806
7.910000	0.029760	0.029760
7.920000	0.029714	0.029714
7.930000	0.029668	0.029668
7.940000	0.029622	0.029622
7.950000	0.029576	0.029576
7.960000	0.029530	0.029530
7.970000	0.029484	0.029484
7.980000	0.029438	0.029438
7.990000	0.029392	0.029392
8.000000	0.029346	0.029346
8.010000	0.029300	0.029300
8.020000	0.029254	0.029254
8.030000	0.029209	0.029209
8.040000	0.029163	0.029163
8.050000	0.029117	0.029117
8.060000	0.029071	0.029071
8.070000	0.029025	0.029025
8.080000	0.028980	0.028980
8.090000	0.028934	0.028934
8.100000	0.028888	0.028888
8.110000	0.028842	0.028842
8.120000	0.028797	0.028797
8.130000	0.028751	0.028751
8.140000	0.028706	0.028706
8.150000	0.028660	0.028660
8.160000	0.028614	0.028614
8.170000	0.028569	0.028569
8.180000	0.028523	0.028523
8.190000	0.028478	0.028478
8.200000	0.028432	0.028432
8.210000	0.028387	0.028387
8.220000	0.028341	0.028341
8.230000	0.028296	0.028296
8.240000	0.028251	0.028251
8.250000	0.028205	0.028205
8.260000	0.028160	0.028160
8.270000	0.028115	0.028115
8.280000	0.028069	0.028069
8.290000	0.028024	0.028024
8.300000	0.027979	0.027979
8.310000	0.027933	0.027933
8.320000	0.027888	0.027888
8.330000	0.027843	0.027843
8.340000	0.027798	0.027798
8.350000	0.027753	0.027753
8.360000	0.027708	0.027708
8.370000	0.027663	0.027663
8.380000	0.027618	0.027618
8.390000	0.027572	0.027572
8.400000	0.027527	0.027527
8.410000	0.027482	0.027482
8.420000	0.027438	0.027438
8.430000	0.027393	0.027393
8.440000	0.027348	0.027348
8.450000	0.027303	0.027303
8.460000	0.027258	0.027258
8.470000	0.027213	0.027213
8.480000	0.027168	0.027168
8.490000	0.027124	0.027124
8.500000	0.027079	0.027079
8.510000	0.027034	0.027034
8.520000	0.026989	0.026989
8.530000	0.026945	0.026945
8.540000	0.026900	0.026900
8.550000	0.026855	0.026855
8.560000	0.026811	0.026811
8.570000	0.026766	0.026766
8.580000	0.026722	0.026722
8.590000	0.026677	0.026677
8.600000	0.026633	0.026633
8.610000	0.026588	0.026588
8.620000	0.026544	0.026544
8.630000	0.026500	0.026500
8.640000	0.026455	0.026455
8.650000	0.026411	0.026411
8.660000	0.026367	0.026367
8.670000	0.026322	0.026322
8.680000	0.026278	0.026278
8.690000	0.026234	0.026234
8.700000	0.026190	0.026190
8.710000	0.026145	0.026145
8.720000	0.026101	0.026101
8.730000	0.026057	0.026057
8.740000	0.026013	0.026013
8.750000	0.025969	0.025969
8.760000	0.025925	0.025925
8.770000	0.025881	0.025881
8.780000	0.025837	0.025837
8.790000	0.025793	0.025793
8.800000	0.025749	0.025749
8.810000	0.025705	0.025705
8.820000	0.025662	0.025662
8.830000	0.025618	0.025618
8.840000	0.025574	0.025574
8.850000	0.025530	0.025530
8.860000	0.025487	0.025487
8.870000	0.025443	0.025443
8.880000	0.025399	0.025399
8.890000	0.025356	0.025356
8.900000	0.025312	0.025312
8.910000	0.025268	0.025268
8.920000	0.025225	0.025225
8.930000	0.025181	0.025181
8.940000	0.025138	0.025138
8.950000	0.025095	0.025095
8.960000	0.025051	0.025051
8.970000	0.025008	0.025008
8.980000	0.024964	0.024964
8.990000	0.024921	0.024921
9.000000	0.024878	0.024878
9.010000	0.024835	0.024835
9.020000	0.024791	0.024791
9.030000	0.024748	0.024748
9.040000	0.024705	0.024705
9.050000	0.024662	0.024662
9.060000	0.024619	0.024619
9.070000	0.024576	0.024576
9.080000	0.024533	0.024533
9.090000	0.024490	0.024490
9.100000	0.024447	0.024447
9.110000	0.024404	0.024404
9.120000	0.024361	0.024361
9.130000	0.024318	0.024318
9.140000	0.024276	0.024276
9.150000	0.024233	0.024233
9.160000	0.024190	0.024190
9.170000	0.024147	0.024147
9.180000	0.024105	0.024105
9.190000	0.024062	0.024062
9.200000	0.024019	0.024019
9.210000	0.023977	0.023977
9.220000	0.023934	0.023934
9.230000	0.023892	0.023892
9.240000	0.023849	0.023849
9.250000	0.023807	0.023807
9.260000	0.023764	0.023764
9.270000	0.023722	0.023722
9.280000	0.023680	0.023680
9.290000	0.023638	0.023638
9.300000	0.023595	0.023595
9.310000	0.023553	0.023553
9.320000	0.023511	0.023511
9.330000	0.023469	0.023469
9.340000	0.023427	0.023427
9.350000	0.023385	0.023385
9.360000	0.023342	0.023342
9.370000	0.023300	0.023300
9.380000	0.023258	0.023258
9.390000	0.023217	0.023217
9.400000	0.023175	0.023175
9.410000	0.023133	0.023133
9.420000	0.023091	0.023091
9.430000	0.023049	0.023049
9.440000	0.023007	0.023007
9.450000	0.022966	0.022966
9.460000	0.022924	0.022924
9.470000	0.022882	0.022882
9.480000	0.022841	0.022841
9.490000	0.022799	0.022799
9.500000	0.022758	0.022758
9.510000	0.022716	0.022716
9.520000	0.022675	0.022675
9.530000	0.022633	0.022633
9.540000	0.022592	0.022592
9.550000	0.022551	0.022551
9.560000	0.022509	0.022509
9.570000	0.022468	0.022468
9.580000	0.022427	0.022427
9.590000	0.022386	0.022386
9.600000	0.022344	0.022344
9.610000	0.022303	0.022303
9.620000	0.022262	0.022262
9.630000	0.022221	0.022221
9.640000	0.022180	0.022180
9.650000	0.022139	0.022139
9.660000	0.022098	0.022098
9.670000	0.022057	0.022057
9.680000	0.022017	0.022017
9.690000	0.021976	0.021976
9.700000	0.021935	0.021935
9.710000	0.021894	0.021894
9.720000	0.021853	0.021853
9.730000	0.021813	0.021813
9.740000	0.021772	0.021772
9.750000	0.021732	0.021732
9.760000	0.021691	0.021691
9.770000	0.021651	0.021651
9.780000	0.021610	0.021610
9.790000	0.021570	0.021570
9.800000	0.021529	0.021529
9.810000	0.021489	0.021489
9.820000	0.021449	0.021449
9.830000	0.021408	0.021408
9.840000	0.021368	0.021368
9.850000	0.021328	0.021328
9.860000	0.021288	0.021288
9.870000	0.021248	0.021248
9.880000	0.021208	0.021208
9.890000	0.021168	0.021168
9.900000	0.021128	0.021128
9.910000	0.021088	0.021088
9.920000	0.021048	0.021048
9.930000	0.021008	0.021008
9.940000	0.020968	0.020968
9.950000	0.020928	0.020928
9.960000	0.020889	0.020889
9.970000	0.020849	0.020849
9.980000	0.020809	0.020809
9.990000	0.020770	0.020770
10.000000	0.020730	0.020730
