-4.900000	-1.1584038298e+03	5.5999459484e+02	5.5980292769e+02	1.1584038298e+03	1.1584038298e+03
-3.900000	-6.9153221708e+02	3.4527502089e+02	3.4512165361e+02	6.9153221708e+02	6.9153221708e+02
-2.900000	-3.4630141737e+02	1.8104420794e+02	1.8093017510e+02	3.4630141737e+02	3.4630141737e+02
-1.900000	-1.2223381816e+02	6.8864471198e+01	6.8791882278e+01	1.2223381816e+02	1.2223381816e+02
-0.900000	-1.6188588034e+01	1.1833482981e+01	1.1808574024e+01	1.6188588034e+01	1.6188588034e+01
0.900000	2.6391975872e+01	-6.6048013195e+00	-6.5245574546e+00	-2.6391975872e+01	-2.6391975872e+01
1.900000	7.8922656688e+01	-2.2943806689e+01	-2.2126661031e+01	-7.8922656688e+01	-7.8922656688e+01
2.900000	1.4924504979e+02	-4.3664346410e+01	-4.0529805273e+01	-1.4924504979e+02	-1.4924504979e+02
3.900000	2.1306232719e+02	-4.7890302075e+01	-2.7848772083e+01	-2.1306232719e+02	-2.1306232719e+02
4.900000	4.8550877672e+02	-3.8176422093e+02	-3.7463523667e+02	-4.8550877672e+02	-4.8550877672e+02
