# N	E	RS2	RS3	EN2	EN3
4	4.8178081949e-01	5.3294264360e-01	5.3319373669e-01	4.2434713463e-01	4.2444538148e-01
10	1.2701990875e+00	1.4458764877e+00	1.4460834935e+00	1.0895089193e+00	1.0895823525e+00
50	6.4835768578e+00	7.4569543987e+00	7.4571428839e+00	5.5056757991e+00	5.5057395226e+00
100	1.2997171680e+01	1.4965336489e+01	1.4965522858e+01	1.1024537592e+01	1.1024600234e+01
500	6.5103683608e+01	7.5028474950e+01	7.5028659656e+01	5.5174461795e+01	5.5174523591e+01
1000	1.3023654823e+02	1.5010691809e+02	1.5010710259e+02	1.1036174812e+02	1.1036180981e+02
# N	E	RS2	RS3	EN2	EN3
4	5.5937970280e-01	6.4963774001e-01	6.5181516839e-01	4.4433278115e-01	4.4504850402e-01
# N	E	RS2	RS3	EN2	EN3
4	5.5937970881e-01	6.5083437969e-01	6.5289647248e-01	4.4551072119e-01	5.0078977709e-01
10	1.5227236476e+00	1.8477104620e+00	1.8494965160e+00	1.1797557721e+00	1.2348890691e+00
50	7.8619637228e+00	9.6762135419e+00	9.6778725796e+00	6.0314664504e+00	6.0865405865e+00
100	1.5780000346e+01	1.9451011107e+01	1.9452655248e+01	1.2092933534e+01	1.2148001018e+01
500	7.9119987807e+01	9.7641655312e+01	9.7643287688e+01	6.0582392000e+01	6.0637454273e+01
1000	1.5829444488e+02	1.9537901359e+02	1.9538064450e+02	1.2119393595e+02	1.2124899758e+02
# N	E	RS2	RS3	EN2	EN3
4	5.5937970881e-01	6.5083437969e-01	6.5289647248e-01	4.4551072119e-01	5.0078977709e-01
