# N	E	RS2	RS3	EN2	EN3
4	1.9657253136e-02	1.9616752264e-02	1.9617911030e-02	1.9617394055e-02	1.9617877183e-02
8	3.9771864316e-02	3.9596524125e-02	3.9609572544e-02	3.9603406889e-02	3.9608675243e-02
10	5.0000000000e-02	4.9721682947e-02	4.9748766275e-02	4.9735687604e-02	4.9746397397e-02
15	7.6066437630e-02	7.5426414327e-02	7.5525482122e-02	7.5475296286e-02	7.5512456641e-02
20	1.0283826668e-01	1.0168671829e-01	1.0193162778e-01	1.0180240415e-01	1.0188963912e-01
25	1.3031138919e-01	1.2849742794e-01	1.2898903028e-01	1.2872026602e-01	1.2888681502e-01
30	1.5848176781e-01	1.5585345718e-01	1.5672025258e-01	1.5623126323e-01	1.5651103258e-01
35	1.8734542470e-01	1.8374979043e-01	1.8514858715e-01	1.8433708275e-01	1.8476787335e-01
40	2.1689844057e-01	2.1218150194e-01	2.1429806200e-01	2.1303885525e-01	2.1366172449e-01
45	2.4713695361e-01	2.4114372911e-01	2.4419342686e-01	2.4233726063e-01	2.4319598918e-01
50	2.7805715851e-01	2.7063168574e-01	2.7486015705e-01	2.7223260937e-01	2.7337325120e-01
55	3.0965530549e-01	3.0064066214e-01	3.0632444824e-01	3.0272490940e-01	3.0419540772e-01
60	3.4192769931e-01	3.3116600688e-01	3.3861321665e-01	3.3381390771e-01	3.3566376798e-01
