# N	E	RS2	RS3	EN2	EN3
200	6.7818722808e+00	6.7528732964e+00	6.7672092625e+00	6.7584778736e+00	6.7621894703e+00
250	8.4824070370e+00	8.4534444726e+00	8.4677675126e+00	8.4590446910e+00	8.4627500350e+00
500	1.6985013710e+01	1.6956123380e+01	1.6970420604e+01	1.6961715240e+01	1.6965408112e+01
750	2.5487590678e+01	2.5458723964e+01	2.5473012594e+01	2.5464313425e+01	2.5468002151e+01
1000	3.3990160246e+01	3.3961305034e+01	3.3975589369e+01	3.3966893585e+01	3.3970580240e+01
1500	5.0995291990e+01	5.0966447692e+01	5.0980727733e+01	5.0972035910e+01	5.0975720493e+01
2000	6.8000420043e+01	6.7971580618e+01	6.7985858513e+01	6.7977169244e+01	6.7980852794e+01
2500	8.5005546620e+01	8.4976709653e+01	8.4990986260e+01	8.4982298986e+01	8.4985981915e+01
3000	1.0201067246e+02	1.0198183674e+02	1.0199611249e+02	1.0198742693e+02	1.0199110945e+02
3500	1.1901579788e+02	1.1898696272e+02	1.1900123786e+02	1.1899255385e+02	1.1899623607e+02
4000	1.3602092303e+02	1.3599208801e+02	1.3600636269e+02	1.3599768013e+02	1.3600136213e+02
