# N	E	RS2	RS3	EN2	EN3
4	1.9841536366e-02	1.9839530310e-02	1.9839540799e-02	1.9839536174e-02	1.9839540559e-02
10	4.9433791373e-02	4.9420301826e-02	4.9420555429e-02	4.9420441812e-02	4.9420549801e-02
100	4.6863482465e-01	4.6724123235e-01	4.6754461695e-01	4.6738094633e-01	4.6749252510e-01
200	8.7926571098e-01	8.7373842050e-01	8.7612477556e-01	8.7467683068e-01	8.7544763986e-01
300	1.2304314017e+00	1.2181249210e+00	1.2259825985e+00	1.2208435016e+00	1.2231384858e+00
400	1.5205802369e+00	1.4989504786e+00	1.5170755393e+00	1.5045826530e+00	1.5094685181e+00
500	1.7480644388e+00	1.7146759478e+00	1.7490709433e+00	1.7244219556e+00	1.7331105493e+00
600	1.9111344057e+00	1.8636684462e+00	1.9213417705e+00	1.8787444006e+00	1.8925591481e+00
700	2.0079331611e+00	1.9441953252e+00	2.0329614879e+00	1.9658001304e+00	1.9861525810e+00
800	2.0364911473e+00	1.9544202222e+00	2.0827022796e+00	1.9837108854e+00	2.0120817576e+00
900	1.9947216014e+00	1.8923981162e+00	2.0690332014e+00	1.9304713875e+00	1.9683932672e+00
1000	1.8804168065e+00	1.7560739540e+00	1.9901111263e+00	1.8039494275e+00	1.8529900320e+00
# N	E	RS2	RS3	EN2	EN3
1100	1.6912455606e+00	1.5433128048e+00	1.8438806255e+00	1.6018866158e+00	1.6636290351e+00
1200	1.4247522469e+00	1.2517500463e+00	1.6278052112e+00	1.3218983125e+00	1.3979244959e+00
1300	1.0783579153e+00	8.7901475589e-01	1.3392324016e+00	9.6147698773e-01	1.0533455699e+00
1400	6.4936378011e-01	4.2258772402e-01	9.7520063155e-01	5.1799621680e-01	6.2722117789e-01
1500	1.3495749690e-01	-1.2020595771e-01	5.3246404341e-01	-1.1282980948e-02	1.1674562263e-01
1600	-4.6777751092e-01	-7.5202642011e-01	7.6879735277e-03	-6.2920250688e-01	-4.8101209681e-01
1700	-1.1618484694e+00	-1.4757395687e+00	-6.0275194606e-01	-1.3386952744e+00	-1.1690955453e+00
1800	-1.9503418426e+00	-2.2942579523e+00	-1.3025802235e+00	-2.1427703042e+00	-1.9506441109e+00
1900	-2.8363986694e+00	-3.2105612605e+00	-2.0956128574e+00	-3.0444952855e+00	-2.8288728516e+00
# N	E	RS2	RS3	EN2	EN3
2000	-3.8231977849e+00	-4.2276779567e+00	-2.9857139900e+00	-4.0469769206e+00	-3.8070492477e+00
2100	-4.9139330294e+00	-5.3488610791e+00	-3.9769961412e+00	-5.1533382138e+00	-4.8884652594e+00
2200	-6.1117882471e+00	-6.5764638810e+00	-5.0724070712e+00	-6.3667043180e+00	-6.0764231070e+00
2300	-7.4199154503e+00	-7.9143581189e+00	-6.2766729952e+00	-7.6901650296e+00	-7.3741840038e+00
2400	-8.8414144240e+00	-9.3652790699e+00	-7.5930800933e+00	-9.1267692609e+00	-8.7849669591e+00
2500	-1.0379310842e+01	-1.0932146766e+01	-9.0250667385e+00	-1.0679498233e+01	-1.0311913795e+01
# N	E	RS2	RS3	EN2	EN3
# N	E	RS2	RS3	EN2	EN3
2600	-1.2036539632e+01	-1.2617869824e+01	-1.0575978263e+01	-1.2351249344e+01	-1.1958070835e+01
2700	-1.3815930715e+01	-1.4425496749e+01	-1.2249200874e+01	-1.4144823016e+01	-1.3726372490e+01
2800	-1.5720197946e+01	-1.6360503919e+01	-1.4050545225e+01	-1.6062911995e+01	-1.5619630256e+01
# N	E	RS2	RS3	EN2	EN3
1100	1.6909790811e+00	1.5164860279e+00	1.8365723734e+00	1.5765523989e+00	1.6529492342e+00
1200	1.4242715496e+00	1.2187835891e+00	1.6218246760e+00	1.2909537932e+00	1.3868426994e+00
1300	1.0775210269e+00	8.3898526495e-01	1.3356968465e+00	9.2412415404e-01	1.0423403878e+00
1400	6.4795202387e-01	3.7444747538e-01	9.7545949401e-01	4.7332738981e-01	6.1685344019e-01
# N	E	RS2	RS3	EN2	EN3
2600	-1.2170276087e+01	-1.2958299309e+01	-1.0438289178e+01	-1.2667728981e+01	-1.1967540212e+01
2700	-1.3991253029e+01	-1.4825156892e+01	-1.2110336332e+01	-1.4518749409e+01	-1.3753625998e+01
2800	-1.5947071070e+01	-1.6826512561e+01	-1.3915122869e+01	-1.6504623029e+01	-1.5672809895e+01
2900	-1.8041913033e+01	-1.8966632263e+01	-1.5857681248e+01	-1.8629429262e+01	-1.7729520173e+01
3000	-2.0279924505e+01	-2.1249401233e+01	-1.7942553371e+01	-2.0897216746e+01	-1.9928168953e+01
