# N	E	RS2	RS3	EN2	EN3
4	1.5969684137e-02	1.5969566053e-02	1.5969566230e-02	1.5969565838e-02	1.5969565912e-02
10	3.9905256700e-02	3.9904453335e-02	3.9904457569e-02	3.9904459230e-02	3.9904461054e-02
100	3.9620652455e-01	3.9612304767e-01	3.9612820209e-01	3.9612578362e-01	3.9612790861e-01
200	7.8607527866e-01	7.8574105465e-01	7.8578256210e-01	7.8576185545e-01	7.8577808442e-01
300	1.1695852441e+00	1.1688336743e+00	1.1689737221e+00	1.1689003092e+00	1.1689524376e+00
400	1.5467152274e+00	1.5453805091e+00	1.5457118114e+00	1.5455305872e+00	1.5456483854e+00
500	1.9174438582e+00	1.9153608633e+00	1.9160061974e+00	1.9156401304e+00	1.9158599799e+00
600	2.2817495877e+00	2.2787539952e+00	2.2798657392e+00	2.2792148170e+00	2.2795786744e+00
700	2.6396106867e+00	2.6355388249e+00	2.6372984940e+00	2.6362392763e+00	2.6367938685e+00
800	2.9910052444e+00	2.9856942299e+00	2.9883120135e+00	2.9866971102e+00	2.9874932983e+00
900	3.3359111662e+00	3.3291988756e+00	3.3329131718e+00	3.3305710620e+00	3.3316633286e+00
1000	3.6743061723e+00	3.6660312455e+00	3.6711081985e+00	3.6678431348e+00	3.6692891662e+00
1100	4.0061677962e+00	3.9961696454e+00	4.0029026803e+00	3.9984946881e+00	4.0003550281e+00
1200	4.3314733825e+00	4.3195921993e+00	4.3283015578e+00	4.3225065109e+00	4.3248442716e+00
1300	4.6502000856e+00	4.6362768491e+00	4.6473091247e+00	4.6398588782e+00	4.6427394946e+00
1400	4.9623248678e+00	4.9462013514e+00	4.9599290243e+00	4.9505315970e+00	4.9540226184e+00
1500	5.2678244976e+00	5.2493432941e+00	5.2661642540e+00	5.2545040544e+00	5.2586749598e+00
1600	5.5666755480e+00	5.5456800307e+00	5.5660171447e+00	5.5517552014e+00	5.5566772555e+00
1700	5.8588543949e+00	5.8351887685e+00	5.8594893855e+00	5.8422636432e+00	5.8480097490e+00
1800	6.1443372151e+00	6.1178465060e+00	6.1465820158e+00	6.1260076143e+00	6.1326521993e+00
1900	6.4230999846e+00	6.3936300624e+00	6.4272953876e+00	6.4029650139e+00	6.4105839164e+00
2000	6.6951184772e+00	6.6625160527e+00	6.7016292103e+00	6.6731134091e+00	6.6817837892e+00
