# N	E	RS2	RS3	EN2	EN3
4	7.9971424025e-03	7.9913570909e-03	7.9913570927e-03	7.9971381776e-03	7.9971381784e-03
10	1.9995535087e-02	1.9989484692e-02	1.9989484736e-02	1.9995506302e-02	1.9995506321e-02
100	2.0035709359e-01	2.0034443974e-01	2.0034449281e-01	2.0035409710e-01	2.0035411984e-01
200	4.0160642433e-01	4.0157767530e-01	4.0157810459e-01	4.0159451794e-01	4.0159469865e-01
300	6.0374716553e-01	6.0369231874e-01	6.0369377394e-01	6.0372059551e-01	6.0372119728e-01
400	8.0677849246e-01	8.0668903466e-01	8.0669249331e-01	8.0673165497e-01	8.0673306055e-01
500	1.0106995823e+00	1.0105667534e+00	1.0105735222e+00	1.0106270148e+00	1.0106297189e+00
600	1.2155096141e+00	1.2153280120e+00	1.2153397284e+00	1.2154059872e+00	1.2154105896e+00
700	1.4212077690e+00	1.4209697147e+00	1.4209883478e+00	1.4210678791e+00	1.4210750782e+00
800	1.6277932298e+00	1.6274962841e+00	1.6275241363e+00	1.6276119925e+00	1.6276225796e+00
900	1.8352651814e+00	1.8349029644e+00	1.8349426726e+00	1.8350376253e+00	1.8350524789e+00
1000	2.0436228106e+00	2.0431891787e+00	2.0432437155e+00	2.0433440716e+00	2.0433641525e+00
1100	2.2528653059e+00	2.2523540000e+00	2.2524266755e+00	2.2525306219e+00	2.2525569686e+00
1200	2.4629918580e+00	2.4624044017e+00	2.4624988639e+00	2.4625965640e+00	2.4626302884e+00
1300	2.6740016592e+00	2.6733243843e+00	2.6734446221e+00	2.6735411829e+00	2.6735834661e+00
1400	2.8858939039e+00	2.8851207797e+00	2.8852711225e+00	2.8853637614e+00	2.8854158502e+00
1500	3.0986677881e+00	3.0978018971e+00	3.0979870160e+00	3.0980635805e+00	3.0981267838e+00
1600	3.3123225101e+00	3.3113488603e+00	3.3115737721e+00	3.3116399188e+00	3.3117156044e+00
1700	3.5268572696e+00	3.5257695685e+00	3.5260396344e+00	3.5260920540e+00	3.5261816454e+00
1800	3.7422712686e+00	3.7410740294e+00	3.7413949552e+00	3.7414192628e+00	3.7415242365e+00
1900	3.9585637105e+00	3.9572404557e+00	3.9576182994e+00	3.9576208141e+00	3.9577426974e+00
2000	4.1757338009e+00	4.1742897349e+00	4.1747308984e+00	4.1746959924e+00	4.1748363596e+00
