# N	E	RS2	RS3	EN2	EN3
4	1.5974737887e-02	1.5974627518e-02	1.5974627689e-02	1.5974626130e-02	1.5974626202e-02
10	3.9936844718e-02	3.9936089451e-02	3.9936093495e-02	3.9936087973e-02	3.9936089717e-02
100	3.9936844718e-01	3.9928898687e-01	3.9929390919e-01	3.9929156516e-01	3.9929358880e-01
200	7.9873689436e-01	7.9841817897e-01	7.9845795783e-01	7.9843810500e-01	7.9845356373e-01
300	1.1981053415e+00	1.1973875764e+00	1.1975222812e+00	1.1974518034e+00	1.1975014599e+00
400	1.5974737887e+00	1.5961971795e+00	1.5965170145e+00	1.5963426336e+00	1.5964548252e+00
500	1.9968422359e+00	1.9948469881e+00	1.9954722929e+00	1.9951189218e+00	1.9953282264e+00
600	2.3962106831e+00	2.3933370015e+00	2.3944182508e+00	2.3937877376e+00	2.3941339469e+00
700	2.7955791303e+00	2.7916672200e+00	2.7933850235e+00	2.7923551711e+00	2.7928824843e+00
800	3.1949475775e+00	3.1898376445e+00	3.1924027472e+00	3.1908265349e+00	3.1915829138e+00
900	3.5943160246e+00	3.5878482738e+00	3.5915015555e+00	3.5892065132e+00	3.5902431585e+00
1000	3.9936844718e+00	3.9856991091e+00	3.9907115850e+00	3.9874992760e+00	3.9888701952e+00
1100	4.3930529190e+00	4.3833901524e+00	4.3900629726e+00	4.3857085655e+00	4.3874702128e+00
1200	4.7924213662e+00	4.7809213996e+00	4.7895858496e+00	4.7838377651e+00	4.7860487374e+00
1300	5.1917898134e+00	5.1782928543e+00	5.1893103543e+00	5.1818899530e+00	5.1846107310e+00
1400	5.5911582605e+00	5.5755045138e+00	5.5892666194e+00	5.5798679457e+00	5.5831606716e+00
1500	5.9905267077e+00	5.9725563789e+00	5.9894847808e+00	5.9777743335e+00	5.9817026183e+00
1600	6.3898951549e+00	6.3694484505e+00	6.3899949745e+00	6.3756115092e+00	6.3802402651e+00
1700	6.7892636021e+00	6.7661807278e+00	6.7908273346e+00	6.7733816924e+00	6.7787769853e+00
1800	7.1886320493e+00	7.1627532098e+00	7.1920119955e+00	7.1710869494e+00	7.1773158692e+00
1900	7.5880004964e+00	7.5591658975e+00	7.5935790931e+00	7.5687292103e+00	7.5758597557e+00
2000	7.9873689436e+00	7.9554187924e+00	7.9955587641e+00	7.9663102833e+00	7.9744112593e+00
