# N	E	RS2	RS3	EN2	EN3
4	6.5663233227e-03	5.8546683375e-03	5.9744944001e-03	5.9112955486e-03	5.9575052452e-03
10	1.6645252485e-02	1.1800723500e-02	1.4643119714e-02	1.2819028206e-02	1.3659708784e-02
20	3.4051973955e-02	1.4087528392e-02	3.9760989082e-02	2.0855863312e-02	2.6277326665e-02
30	5.2213971559e-02	6.7427077323e-03	9.7330123491e-02	2.5903062441e-02	4.0689561547e-02
40	7.1125172080e-02	-1.0346178607e-02	2.1010149634e-01	2.8835011776e-02	5.7932045462e-02
50	9.0779619499e-02	-3.7289753470e-02	4.0159009502e-01	3.0202329528e-02	7.8437242367e-02
60	1.1117147257e-01	-7.4197531112e-02	6.9609428002e-01	3.0391322685e-02	1.0236071756e-01
70	1.3229500243e-01	-1.2118025301e-01	1.1187350916e+00	2.9690731617e-02	1.2971378377e-01
80	1.5414459021e-01	-1.7833602889e-01	1.6952857821e+00	2.8324798521e-02	1.6042909426e-01
90	1.7671472470e-01	-2.4577131584e-01	2.4524014113e+00	2.6473194380e-02	1.9439397038e-01
100	2.0000000000e-01	-3.2361128685e-01	3.4177009743e+00	2.4282824776e-02	2.3147138478e-01
150	3.2697137058e-01	-8.7154682778e-01	1.2371786501e+01	1.1928333708e-02	4.5822796075e-01
