# N	E	RS2	RS3	EN2	EN3
4	1.9945763202e-02	1.9918464084e-02	1.9918465302e-02	1.9945321650e-02	1.9945322163e-02
10	4.9872885492e-02	4.9856899804e-02	4.9856928470e-02	4.9869897775e-02	4.9869910084e-02
100	5.0000000000e-01	4.9961935449e-01	4.9965426157e-01	4.9970286777e-01	4.9971658434e-01
200	1.0028226675e+00	1.0014426693e+00	1.0017251139e+00	1.0016905654e+00	1.0017915352e+00
300	1.5084646951e+00	1.5053672486e+00	1.5063250249e+00	1.5060289429e+00	1.5063432710e+00
400	2.0169227849e+00	2.0115457572e+00	2.0138227162e+00	2.0127656077e+00	2.0134568532e+00
500	2.5281936184e+00	2.5200650443e+00	2.5245219261e+00	2.5219364839e+00	2.5231959326e+00
600	3.0422739517e+00	3.0305608834e+00	3.0382777381e+00	3.0335698871e+00	3.0356098072e+00
700	3.5591605002e+00	3.5432553798e+00	3.5555312123e+00	3.5476884391e+00	3.5507373582e+00
800	4.0788500026e+00	4.0581310540e+00	4.0764854480e+00	4.0643107443e+00	4.0686098903e+00
900	4.6013392075e+00	4.5752007079e+00	4.6013746885e+00	4.5834523057e+00	4.5892529047e+00
1000	5.1266248728e+00	5.0943368412e+00	5.1302956640e+00	5.1051262327e+00	5.1126873884e+00
1100	5.6547037660e+00	5.6154055498e+00	5.6633412904e+00	5.6293436848e+00	5.6389307018e+00
1200	6.1855726643e+00	6.1390431060e+00	6.2013624931e+00	6.1561142734e+00	6.1679972895e+00
1300	6.7192283542e+00	6.6648746913e+00	6.7442150782e+00	6.6854463113e+00	6.6998991760e+00
1400	7.2556676318e+00	7.1927012772e+00	7.2919317342e+00	7.2173470279e+00	7.2346463724e+00
1500	7.7948873026e+00	7.7226222065e+00	7.8448385751e+00	7.7518227267e+00	7.7722471940e+00
1600	8.3368841814e+00	8.2549532894e+00	8.4034704976e+00	8.2888789227e+00	8.3127085102e+00
1700	8.8816550926e+00	8.7890456665e+00	8.9674302691e+00	8.8285204485e+00	8.8560359521e+00
1800	9.4291968696e+00	9.3252945451e+00	9.5373324728e+00	9.3707515388e+00	9.4022340787e+00
1900	9.9795063555e+00	9.8639558182e+00	1.0113653112e+01	9.9155759073e+00	9.9513065180e+00
2000	1.0532580402e+01	1.0404538939e+01	1.0696156674e+01	1.0462996802e+01	1.0503256084e+01
