# N	E	RS2	RS3	EN2	EN3
10	6.4299202223e-01	6.1311580022e-01	6.2331989407e-01	6.1744804021e-01	6.2059967661e-01
25	1.6503289630e+00	1.6227310672e+00	1.6322746967e+00	1.6268312235e+00	1.6296607885e+00
50	3.3267425134e+00	3.2998295645e+00	3.3091670702e+00	3.3038593241e+00	3.3065905841e+00
75	5.0027812903e+00	4.9760878061e+00	4.9853581008e+00	4.9800962306e+00	4.9827956669e+00
100	6.6787294033e+00	6.6521431069e+00	6.6613800730e+00	6.6561421868e+00	6.6588258849e+00
250	1.6734043816e+01	1.6707637963e+01	1.6716815397e+01	1.6711630734e+01	1.6714286390e+01
500	3.3492689894e+01	3.3466323819e+01	3.3475481540e+01	3.3470334254e+01	3.3472980645e+01
750	5.0251301085e+01	5.0224931752e+01	5.0234082917e+01	5.0228964532e+01	5.0231607843e+01
1000	6.7009903583e+01	6.6983520268e+01	6.6992668157e+01	6.6987576556e+01	6.6990218329e+01
1500	1.0052709990e+02	1.0050067791e+02	1.0050982253e+02	1.0050478238e+02	1.0050742261e+02
2000	1.3404429187e+02	1.3401782587e+02	1.3402696885e+02	1.3402197910e+02	1.3402461857e+02
2500	1.6756148212e+02	1.6753496995e+02	1.6754411195e+02	1.6753917218e+02	1.6754181118e+02
3000	2.0107867149e+02	2.0105211210e+02	2.0106125345e+02	2.0105636344e+02	2.0105900214e+02
3500	2.3459586037e+02	2.3456925315e+02	2.3457839402e+02	2.3457355366e+02	2.3457619214e+02
4000	2.6811304894e+02	2.6808639350e+02	2.6809553403e+02	2.6809074323e+02	2.6809338155e+02
