# N	E	RS2	RS3	EN2	EN3
4	1.5979791195e-02	1.5979686750e-02	1.5979686915e-02	1.5979685660e-02	1.5979685730e-02
10	3.9968425817e-02	3.9967707522e-02	3.9967711381e-02	3.9967707816e-02	3.9967709481e-02
100	4.0252345038e-01	4.0244774538e-01	4.0245244589e-01	4.0245024424e-01	4.0245217133e-01
200	8.1134315394e-01	8.1103912217e-01	8.1107724180e-01	8.1105832617e-01	8.1107305047e-01
300	1.2264386084e+00	1.2257530103e+00	1.2258825580e+00	1.2258150767e+00	1.2258623736e+00
400	1.6477894802e+00	1.6465684645e+00	1.6468771565e+00	1.6467095399e+00	1.6468163725e+00
500	2.0753756031e+00	2.0734646725e+00	2.0740703493e+00	2.0737294549e+00	2.0739286645e+00
600	2.5091769761e+00	2.5064210369e+00	2.5074720795e+00	2.5068615931e+00	2.5071908784e+00
700	2.9491737626e+00	2.9454171999e+00	2.9470929442e+00	2.9460920030e+00	2.9465931082e+00
800	3.3953462881e+00	3.3904328522e+00	3.3929440084e+00	3.3914061752e+00	3.3921242359e+00
900	3.8476750392e+00	3.8414479003e+00	3.8450369649e+00	3.8427891904e+00	3.8437721942e+00
1000	4.3061406617e+00	4.2984424124e+00	4.3033840837e+00	4.3002258103e+00	4.3015241497e+00
1100	4.7707239590e+00	4.7613942826e+00	4.7679958774e+00	4.7637005654e+00	4.7653666459e+00
1200	5.2414058916e+00	5.2302878715e+00	5.2388897320e+00	5.2331977837e+00	5.2352857469e+00
1300	5.7181675739e+00	5.7051019705e+00	5.7160778862e+00	5.7087016821e+00	5.7112670943e+00
1400	6.2009902741e+00	6.1858172834e+00	6.1995748971e+00	6.1901963789e+00	6.1932960060e+00
1500	6.6898554119e+00	6.6724146290e+00	6.6893958816e+00	6.6776658975e+00	6.6813575121e+00
1600	7.1847445574e+00	7.1648748287e+00	7.1855564597e+00	7.1710940995e+00	7.1754363409e+00
1700	7.6856394298e+00	7.6631798071e+00	7.6880731587e+00	7.6704655914e+00	7.6755175517e+00
1800	8.1925218954e+00	8.1673100924e+00	8.1969625265e+00	8.1757637408e+00	8.1815852467e+00
1900	8.7053739666e+00	8.6772474203e+00	8.7122420368e+00	8.6869727749e+00	8.6936239767e+00
2000	9.2241778004e+00	9.1929734057e+00	9.2339296492e+00	9.2040767332e+00	9.2116180686e+00
