# N	E	RS2	RS3	EN2	EN3
4	7.9957134975e-03	7.9904915914e-03	7.9904915934e-03	7.9957087615e-03	7.9957087623e-03
10	1.9986604431e-02	1.9981111871e-02	1.9981111919e-02	1.9986572454e-02	1.9986572475e-02
100	1.9946402782e-01	1.9945128527e-01	1.9945134378e-01	1.9946071718e-01	1.9946074228e-01
200	3.9803415931e-01	3.9800455444e-01	3.9800502680e-01	3.9802101751e-01	3.9802121694e-01
300	5.9570956196e-01	5.9565392189e-01	5.9565551989e-01	5.9568025727e-01	5.9568092125e-01
400	7.9248940130e-01	7.9239830415e-01	7.9240209453e-01	7.9243777845e-01	7.9243932888e-01
500	9.8837284091e-01	9.8823739722e-01	9.8824480025e-01	9.8829290937e-01	9.8829589144e-01
600	1.1833590424e+00	1.1831734608e+00	1.1831862487e+00	1.1832449664e+00	1.1832500409e+00
700	1.3774471654e+00	1.3772075840e+00	1.3772278794e+00	1.3772932544e+00	1.3773011909e+00
800	1.5706363676e+00	1.5703362177e+00	1.5703664925e+00	1.5704370674e+00	1.5704487378e+00
900	1.7629258047e+00	1.7625634598e+00	1.7626065331e+00	1.7626756904e+00	1.7626920633e+00
1000	1.9543146303e+00	1.9538791444e+00	1.9539381817e+00	1.9540083988e+00	1.9540305336e+00
1100	2.1448019963e+00	2.1442923394e+00	2.1443708502e+00	2.1444344593e+00	2.1444635021e+00
1200	2.3343870522e+00	2.3337973326e+00	2.3338991697e+00	2.3339531309e+00	2.3339903094e+00
1300	2.5230689459e+00	2.5223934938e+00	2.5225228518e+00	2.5225636648e+00	2.5226102845e+00
1400	2.7108468230e+00	2.7100793941e+00	2.7102408075e+00	2.7102653053e+00	2.7103227454e+00
1500	2.8977198272e+00	2.8968543665e+00	2.8970527085e+00	2.8970572896e+00	2.8971269997e+00
1600	3.0836871002e+00	3.0827175117e+00	3.0829579926e+00	3.0829388487e+00	3.0830223454e+00
1700	3.2687477816e+00	3.2676679229e+00	3.2679560886e+00	3.2679092075e+00	3.2680080711e+00
1800	3.4529010091e+00	3.4517047022e+00	3.4520464329e+00	3.4519675850e+00	3.4520834571e+00
1900	3.6361459184e+00	3.6348269510e+00	3.6352284595e+00	3.6351131946e+00	3.6352477750e+00
2000	3.8184816428e+00	3.8170337726e+00	3.8175016029e+00	3.8173452446e+00	3.8175002890e+00
