# N	E	RS2	RS3	EN2	EN3
200	2.1440409286e+00	1.5527651897e+00	1.5801644415e+00	2.1190970924e+00	2.1262636302e+00
300	3.2248186078e+00	2.3493834272e+00	2.3767390736e+00	3.1999313683e+00	3.2070844015e+00
400	4.3055502001e+00	3.1459822310e+00	3.1733161888e+00	4.2806912058e+00	4.2878374472e+00
500	5.3862445999e+00	3.9425922241e+00	3.9699132473e+00	5.3614025720e+00	5.3685446967e+00
600	6.4669497834e+00	4.7391783738e+00	4.7664907501e+00	6.4421190324e+00	6.4492584312e+00
700	7.5476508083e+00	5.5357612600e+00	5.5630674671e+00	7.5228281043e+00	7.5299655558e+00
800	8.6283492388e+00	6.3323421061e+00	6.3596436915e+00	8.6035325633e+00	8.6106685551e+00
900	9.7090459425e+00	7.1289215976e+00	7.1562195886e+00	9.6842339563e+00	9.6913688111e+00
1000	1.0789741439e+01	7.9255001391e+00	7.9527952557e+00	1.0764933202e+01	1.0772067147e+01
1100	1.1870436039e+01	8.7220780078e+00	8.7493707735e+00	1.1845630869e+01	1.1852764069e+01
1200	1.2951129998e+01	9.5186553416e+00	9.5459461486e+00	1.2926327383e+01	1.2933459962e+01
1300	1.4031823452e+01	1.0315232277e+01	1.0342521427e+01	1.4007022997e+01	1.4014155051e+01
1400	1.5112516509e+01	1.1111808894e+01	1.1139096624e+01	1.5087717910e+01	1.5094849514e+01
1500	1.6193209248e+01	1.1908385265e+01	1.1935671765e+01	1.6168412253e+01	1.6175543467e+01
