# N	E	RS2	RS3	EN2	EN3
200	1.9180592306e+00	1.4661839035e+00	1.4946628577e+00	1.8920851172e+00	1.8994702508e+00
300	2.8882702581e+00	2.2191379700e+00	2.2475654706e+00	2.8623539048e+00	2.8697286680e+00
400	3.8584295399e+00	2.9720690133e+00	3.0004709241e+00	3.8325419910e+00	3.8399115426e+00
500	4.8285682995e+00	3.7249908479e+00	3.7533774420e+00	4.8026980161e+00	4.8100644259e+00
600	5.7986968590e+00	4.4779080376e+00	4.5062844501e+00	5.7728380590e+00	5.7802023806e+00
700	6.7688194176e+00	5.2308228134e+00	5.2591919381e+00	6.7429688470e+00	6.7503316550e+00
800	7.7389384898e+00	5.9837357782e+00	6.0120994521e+00	7.7130940729e+00	7.7204557533e+00
900	8.7090551456e+00	6.7366476430e+00	6.7650070802e+00	8.6832155138e+00	8.6905763165e+00
1000	9.6791701118e+00	7.4895587387e+00	7.5179147881e+00	9.6533343068e+00	9.6606944068e+00
1100	1.0649283850e+01	8.2424692749e+00	8.2708225536e+00	1.0623451175e+01	1.0630810700e+01
1200	1.1619396669e+01	8.9953793915e+00	9.0237303620e+00	1.1593566601e+01	1.1600925647e+01
1300	1.2650786756e+01	9.7482891852e+00	9.7766382033e+00	1.2563680918e+01	1.2571039558e+01
1400	1.3559620336e+01	1.0501198725e+01	1.0529546070e+01	1.3533794364e+01	1.3541152656e+01
1500	1.4529731448e+01	1.1254108062e+01	1.1282453958e+01	1.4503907113e+01	1.4511265103e+01
2000	1.9380282681e+01	1.5018652776e+01	1.5046993599e+01	1.9354464064e+01	1.9361820997e+01
2500	2.4230830419e+01	1.8783195095e+01	1.8811532878e+01	2.4205015229e+01	2.4212371528e+01
3000	2.9081375709e+01	2.2547736925e+01	2.2576072680e+01	2.9055562797e+01	2.9062918674e+01
3500	3.3931919848e+01	2.6312278227e+01	2.6340612534e+01	3.3906108559e+01	3.3913464133e+01
4000	3.8782463268e+01	3.0076819198e+01	3.0105152421e+01	3.8756653192e+01	3.8764008539e+01
