# N	E	RS2	RS3	EN2	EN3
4	1.4046652830e-03	-8.5353546379e-03	-1.7383327699e-03	-6.4879408494e-03	-4.1361867730e-03
10	1.2809804654e-02	4.1700951419e-03	1.2222635388e-02	6.6206603809e-03	8.5877369620e-03
100	1.6538784927e-01	1.5779710807e-01	1.6604821913e-01	1.6001130369e-01	1.6174625032e-01
200	3.3439185799e-01	3.2659227372e-01	3.3483580793e-01	3.2905565695e-01	3.3077836208e-01
300	5.0337989105e-01	4.9559182551e-01	5.0383605082e-01	4.9805703787e-01	4.9977566921e-01
400	6.7236397209e-01	6.6457225667e-01	6.7281698030e-01	6.6704777322e-01	6.6876437087e-01
500	8.4134647894e-01	8.3356063426e-01	8.4180543230e-01	8.3603426637e-01	8.3774964481e-01
600	1.0103282005e+00	1.0025505484e+00	1.0107953383e+00	1.0050186429e+00	1.0067332090e+00
700	1.1793094741e+00	1.1715190224e+00	1.1797640568e+00	1.1740018115e+00	1.1757157975e+00
800	1.3482904679e+00	1.3405066421e+00	1.3487516409e+00	1.3429842260e+00	1.3446977771e+00
900	1.5172712753e+00	1.5094778102e+00	1.5177229353e+00	1.5119661379e+00	1.5136793508e+00
1000	1.6862519524e+00	1.6784663470e+00	1.6867114181e+00	1.6809476984e+00	1.6826606408e+00
1100	1.8552325347e+00	1.8474494430e+00	1.8556945039e+00	1.8499290031e+00	1.8516417242e+00
1200	2.0242130460e+00	2.0164227472e+00	2.0246678746e+00	2.0189101164e+00	2.0206226531e+00
1300	2.1931935027e+00	2.1854026877e+00	2.1936478175e+00	2.1878910824e+00	2.1896034631e+00
1400	2.3621739164e+00	2.3543746724e+00	2.3626198600e+00	2.3568719326e+00	2.3585841796e+00
1500	2.5311542958e+00	2.5233676250e+00	2.5316127402e+00	2.5258526903e+00	2.5275648214e+00
1600	2.7001346473e+00	2.6923261573e+00	2.7005713970e+00	2.6948333725e+00	2.6965454023e+00
1700	2.8691149759e+00	2.8613037064e+00	2.8695489575e+00	2.8638139931e+00	2.8655259334e+00
1800	3.0380952853e+00	3.0302836692e+00	3.0385289184e+00	3.0327945620e+00	3.0345064228e+00
1900	3.2070755786e+00	3.1992529166e+00	3.2074982129e+00	3.2017750875e+00	3.2034868772e+00
2000	3.3760558583e+00	3.3682462932e+00	3.3764915267e+00	3.3707555761e+00	3.3724673017e+00
2100	3.5450361262e+00	3.5372399853e+00	3.5454851602e+00	3.5397360330e+00	3.5414477007e+00
2200	3.7140163840e+00	3.7062044831e+00	3.7144497209e+00	3.7087164627e+00	3.7104280777e+00
2300	3.8829966329e+00	3.8751535624e+00	3.8833989159e+00	3.8776968685e+00	3.8794084355e+00
2400	4.0519768742e+00	4.0441486975e+00	4.0523939896e+00	4.0466772536e+00	4.0483887765e+00
2500	4.2209571087e+00	4.2131150413e+00	4.2213603766e+00	4.2156576204e+00	4.2173691027e+00
2600	4.3899373372e+00	4.3821347865e+00	4.3903799830e+00	4.3846379710e+00	4.3863494159e+00
2700	4.5589175603e+00	4.5510995410e+00	4.5593447864e+00	4.5536183072e+00	4.5553297175e+00
2800	4.7278977787e+00	4.7200853528e+00	4.7283305782e+00	4.7225986306e+00	4.7243100087e+00
2900	4.8968779928e+00	4.8890527425e+00	4.8972980045e+00	4.8915789425e+00	4.8932902906e+00
