# N	E	RS2	RS3	EN2	EN3
200	5.8968783189e+00	5.8639002111e+00	5.8793087034e+00	5.8698351239e+00	5.8742076618e+00
225	6.6372100546e+00	6.6042562209e+00	6.6196587165e+00	6.6101889009e+00	6.6145580200e+00
250	7.3775385240e+00	7.3446040820e+00	7.3600017795e+00	7.3505349800e+00	7.3549013655e+00
275	8.1178646217e+00	8.0849460267e+00	8.1003397979e+00	8.0908754702e+00	8.0952396203e+00
300	8.8581889428e+00	8.8252835396e+00	8.8406740385e+00	8.8312117744e+00	8.8355740624e+00
325	9.5985118989e+00	9.5656176475e+00	9.5810053773e+00	9.5715448624e+00	9.5759055752e+00
350	1.0338833783e+01	1.0305949082e+01	1.0321334438e+01	1.0311875426e+01	1.0316234789e+01
375	1.1079154811e+01	1.1046278380e+01	1.1061661679e+01	1.1052203972e+01	1.1056562165e+01
400	1.1819475143e+01	1.1786605943e+01	1.1801987441e+01	1.1792530879e+01	1.1796888049e+01
425	1.2559794903e+01	1.2526932077e+01	1.2542311987e+01	1.2532856438e+01	1.2537212706e+01
450	1.3300114186e+01	1.3267257023e+01	1.3282635521e+01	1.3273180874e+01	1.3277536339e+01
475	1.4040433068e+01	1.4007580968e+01	1.4022958202e+01	1.4013504364e+01	1.4017859112e+01
500	1.4780751608e+01	1.4747904061e+01	1.4763280158e+01	1.4753827051e+01	1.4758181154e+01
