# N	E	RS2	RS3	EN2	EN3
10	1.0012619765e+00	1.0012614138e+00	1.0012614143e+00	1.0012614394e+00	1.0012614397e+00
25	2.5090674826e+00	2.5090637651e+00	2.5090637745e+00	2.5090639530e+00	2.5090639573e+00
50	5.0378262330e+00	5.0378110850e+00	5.0378111632e+00	5.0378118971e+00	5.0378119321e+00
75	7.5862440812e+00	7.5862097709e+00	7.5862100384e+00	7.5862116867e+00	7.5862118059e+00
100	1.0154288990e+01	1.0154227767e+01	1.0154228405e+01	1.0154231309e+01	1.0154231592e+01
250	2.5972949200e+01	2.5972583700e+01	2.5972593884e+01	2.5972589379e+01	2.5972593771e+01
500	5.3886650295e+01	5.3885180119e+01	5.3885263216e+01	5.3885224874e+01	5.3885259162e+01
750	8.3710665687e+01	8.3707343129e+01	8.3707628461e+01	8.3707492989e+01	8.3707605689e+01
1000	1.1541577584e+02	1.1540984494e+02	1.1541053249e+02	1.1541019789e+02	1.1541045792e+02
1500	1.8435814792e+02	1.8434470083e+02	1.8434709575e+02	1.8434587787e+02	1.8434670881e+02
2000	2.6050223206e+02	2.6047815273e+02	2.6048400438e+02	2.6048090863e+02	2.6048277329e+02
