# N	E	RS2	RS3	EN2	EN3
4	1.9713398673e-03	1.9696524761e-03	1.9696822268e-03	1.9696670714e-03	1.9696795544e-03
10	4.9552519853e-03	4.9437301123e-03	4.9444282588e-03	4.9440952453e-03	4.9443814674e-03
100	5.3540598564e-02	5.2313201363e-02	5.3192195170e-02	5.2618376394e-02	5.2840207018e-02
200	1.1574490294e-01	1.1075052990e-01	1.1813503170e-01	1.1263853776e-01	1.1390854831e-01
300	1.8631935506e-01	1.7491839884e-01	2.0087402656e-01	1.8019859622e-01	1.8348376413e-01
400	2.6499592210e-01	2.4445725433e-01	3.0832945269e-01	2.5525141577e-01	2.6147060966e-01
500	3.5152938834e-01	3.1904636196e-01	4.4826485700e-01	3.3769650090e-01	3.4766716818e-01
600	4.4569492034e-01	3.9838041266e-01	6.2929298304e-01	4.2740661970e-01	4.4183509118e-01
700	5.4728589210e-01	4.8219089878e-01	8.6081327529e-01	5.2425049941e-01	5.4373431411e-01
800	1.1425946087e+00	9.0105641641e-02	5.8126991869e-01	1.1099647938e+00	1.1455504522e+00
900	3.1287185383e+00	-1.6768928710e+00	-1.2028966711e+00	3.0096142069e+00	3.3525667274e+00
1000	5.3469515904e+00	-3.6788370490e+00	-3.1527951454e+00	5.6107074146e+00	2.3413697973e+00
1100	7.8068276513e+00	-5.9240988855e+00	-5.3010163997e+00	7.8713217658e+00	7.4534061608e+00
# N	E	RS2	RS3	EN2	EN3
# N	E	RS2	RS3	EN2	EN3
4	1.9856841962e-03	1.9850145798e-03	1.9850183119e-03	1.9852633922e-03	1.9852649685e-03
10	4.9776398911e-03	4.9742627562e-03	4.9743502282e-03	4.9748032772e-03	4.9748401364e-03
100	5.1778918366e-02	5.1472310156e-02	5.1580442025e-02	5.1520024919e-02	5.1554648266e-02
200	1.0795676206e-01	1.0672194326e-01	1.0761333393e-01	1.0703299386e-01	1.0725637497e-01
300	1.6845548772e-01	1.6565769328e-01	1.6873578940e-01	1.6656243162e-01	1.6719096401e-01
400	2.3320058046e-01	2.2818817545e-01	2.3563799086e-01	2.3009309081e-01	2.3136540479e-01
500	3.0212086445e-01	2.9423622691e-01	3.0907670151e-01	2.9759432117e-01	2.9975371058e-01
600	3.7514832201e-01	3.6371956955e-01	3.8985648373e-01	3.6902814627e-01	3.7231358200e-01
700	4.5221792160e-01	4.3655972916e-01	4.7883751925e-01	4.4435340813e-01	4.4899439936e-01
800	5.3326745404e-01	5.1268743560e-01	5.7694252063e-01	5.2352618756e-01	5.2974050271e-01
900	6.1823737827e-01	5.9203545661e-01	6.8513312631e-01	6.0650526882e-01	6.1449613120e-01
1000	7.0707067426e-01	6.7452846700e-01	8.0443976847e-01	6.9324437319e-01	7.0320210344e-01
1100	7.9971270492e-01	7.6011224147e-01	9.3594149412e-01	7.8370119644e-01	7.9580160021e-01
1200	8.9611108546e-01	8.4871919201e-01	1.0807599036e+00	8.7783325379e-01	8.9223843321e-01
1300	9.9621556029e-01	9.4029543535e-01	1.2400776640e+00	9.7559881362e-01	9.9245752403e-01
1400	1.0999778871e+00	1.0347851417e+00	1.4151192667e+00	1.0769571139e+00	1.0964053750e+00
1500	1.2073517369e+00	1.1321363360e+00	1.6071763541e+00	1.1818685114e+00	1.2040305842e+00
1600	2.3598862025e+00	1.9660254633e-01	6.8611059664e-01	2.3268850647e+00	2.3632654310e+00
1700	4.2746245918e+00	-1.4969002203e+00	-1.0268397296e+00	4.2190293430e+00	4.3195595926e+00
1800	6.3083636559e+00	-3.3100550613e+00	-2.8369511883e+00	6.1603179044e+00	6.6143087504e+00
1900	8.4618232493e+00	-5.2433259037e+00	-4.7503514433e+00	8.2882833187e+00	9.4397578835e+00
2000	1.0735664420e+01	-7.2971982489e+00	-6.7710997829e+00	1.0868553091e+01	6.8632541292e+00
2100	1.3130494651e+01	-9.4721585067e+00	-8.9019675232e+00	1.3302834143e+01	1.1037047597e+01
2200	1.5646875827e+01	-1.1768684209e+01	-1.1144906644e+01	1.5670635785e+01	1.5258252041e+01
