# N	E	RS2	RS3	EN2	EN3
200	1.4600142775e+00	-4.4384819446e-01	-4.1839842485e-01	1.4227349520e+00	1.4394441711e+00
300	2.2175729500e+00	-6.5741523710e-01	-6.3207129801e-01	2.1802381717e+00	2.1970869514e+00
400	2.9748803126e+00	-8.7085966795e-01	-8.4556789707e-01	2.9375171181e+00	2.9544363324e+00
500	3.7320886998e+00	-1.0842560387e+00	-1.0589953341e+00	3.6947082241e+00	3.7116699128e+00
600	4.4892480220e+00	-1.2976286481e+00	-1.2723885574e+00	4.4518559231e+00	4.4688460183e+00
700	5.2463793203e+00	-1.5109875543e+00	-1.4857621645e+00	5.2089789468e+00	5.2259893552e+00
800	6.0034935021e+00	-1.7243384720e+00	-1.6991240527e+00	5.9660867714e+00	5.9831124683e+00
900	6.7605960773e+00	-1.9376837119e+00	-1.9124778073e+00	6.7231844104e+00	6.7402220116e+00
1000	7.5176905545e+00	-2.1510250086e+00	-2.1258259158e+00	7.4802749390e+00	7.4973220658e+00
1100	8.2747791815e+00	-2.3643634926e+00	-2.3391699667e+00	8.2373603294e+00	8.2544152559e+00
1200	9.0318634238e+00	-2.5776998665e+00	-2.5525109755e+00	8.9944418693e+00	9.0115032999e+00
1300	9.7889442987e+00	-2.7910346054e+00	-2.7658496332e+00	9.7515204377e+00	9.7685873747e+00
1400	1.0546022530e+01	-3.0043680754e+00	-2.9791864598e+00	1.0508596689e+01	1.0525668348e+01
1500	1.1303098649e+01	-3.2177005270e+00	-3.1925218189e+00	1.1265671084e+01	1.1282746837e+01
