# N	E	RS2	RS3	EN2	EN3
4	4.2264011758e-03	-6.1820873766e-03	-3.7052942881e-04	-4.2367584044e-03	-2.2379051584e-03
10	2.2185723242e-02	1.3491407395e-02	1.9828991464e-02	1.5622137274e-02	1.7314230053e-02
100	2.6992808528e-01	2.6211572518e-01	2.6843363905e-01	2.6421775539e-01	2.6572930536e-01
200	5.4455532385e-01	5.3677981849e-01	5.4309234414e-01	5.3888710834e-01	5.4038903520e-01
300	8.1916288710e-01	8.1140181624e-01	8.1771235247e-01	8.1350859615e-01	8.1500732695e-01
400	1.0937655796e+00	1.0860074018e+00	1.0923169652e+00	1.0881182311e+00	1.0896153654e+00
500	1.3683663313e+00	1.3606080173e+00	1.3669169952e+00	1.3627231409e+00	1.3642193184e+00
600	1.6429661149e+00	1.6352088660e+00	1.6415174325e+00	1.6373256936e+00	1.6388212335e+00
700	1.9175653459e+00	1.9098060691e+00	1.9161143542e+00	1.9119269012e+00	1.9134219858e+00
800	2.1921642319e+00	2.1843926140e+00	2.1907007389e+00	2.1865272690e+00	2.1880220122e+00
900	2.4667628881e+00	2.4589918673e+00	2.4652998053e+00	2.4611270772e+00	2.4626215549e+00
1000	2.7413613835e+00	2.7335912136e+00	2.7398989997e+00	2.7357264939e+00	2.7372207593e+00
1100	3.0159597621e+00	3.0081807481e+00	3.0144884460e+00	3.0103256261e+00	3.0118197178e+00
1200	3.2905580530e+00	3.2827856862e+00	3.2890932557e+00	3.2849245449e+00	3.2864184918e+00
1300	3.5651562765e+00	3.5573879663e+00	3.5636954357e+00	3.5595232996e+00	3.5610171241e+00
1400	3.8397544471e+00	3.8319625862e+00	3.8382700518e+00	3.8341219254e+00	3.8356156449e+00
1500	4.1143525753e+00	4.1065484024e+00	4.1128558334e+00	4.1087204482e+00	4.1102140767e+00
1600	4.3889506691e+00	4.3811498345e+00	4.3874571934e+00	4.3833188872e+00	4.3848124361e+00
1700	4.6635487347e+00	4.6557513300e+00	4.6620586251e+00	4.6579172572e+00	4.6594107359e+00
1800	4.9381467766e+00	4.9303112792e+00	4.9366186150e+00	4.9325155698e+00	4.9340089861e+00
1900	5.2127447987e+00	5.2049200607e+00	5.2112273238e+00	5.2071138340e+00	5.2086071944e+00
2000	5.4873428038e+00	5.4795013180e+00	5.4858085742e+00	5.4817120571e+00	5.4832053673e+00
2100	5.7619407945e+00	5.7540725702e+00	5.7603798397e+00	5.7563102450e+00	5.7578035096e+00
2200	6.0365387728e+00	6.0287344242e+00	6.0350415331e+00	6.0309084024e+00	6.0324016257e+00
2300	6.3111367401e+00	6.3033482524e+00	6.3096553017e+00	6.3055065334e+00	6.3069997189e+00
2400	6.5857346979e+00	6.5778842187e+00	6.5841913506e+00	6.5801046412e+00	6.5815977922e+00
2500	6.8603326474e+00	6.8524622839e+00	6.8587694204e+00	6.8547027286e+00	6.8561958478e+00
2600	7.1349305895e+00	7.1271011454e+00	7.1334081874e+00	7.1293007981e+00	7.1307938879e+00
2700	7.4095285250e+00	7.4016618988e+00	7.4079689752e+00	7.4038988515e+00	7.4053919140e+00
2800	7.6841264546e+00	7.6763107313e+00	7.6826177079e+00	7.6784968906e+00	7.6799899279e+00
2900	7.9587243789e+00	7.9509235414e+00	7.9572304767e+00	7.9530949169e+00	7.9545879307e+00
