# N	E	RS2	RS3	EN2	EN3
4	1.9318396216e-02	1.9306170655e-02	1.9306273931e-02	1.9306231354e-02	1.9306272839e-02
6	2.8634620369e-02	2.8606407180e-02	2.8606899410e-02	2.8606683859e-02	2.8606890326e-02
10	4.6575592591e-02	4.6495861993e-02	4.6498661150e-02	4.6497377951e-02	4.6498566117e-02
15	6.7693629896e-02	6.7513305533e-02	6.7523544359e-02	6.7518672090e-02	6.7523005786e-02
20	8.7341246570e-02	8.7020742401e-02	8.7045762165e-02	8.7033486817e-02	8.7044012460e-02
40	1.5084649925e-01	1.4958405219e-01	1.4978540803e-01	1.4967689109e-01	1.4975961931e-01
60	1.8922899194e-01	1.8645281580e-01	1.8710542601e-01	1.8672877317e-01	1.8699311335e-01
80	2.0103845931e-01	1.9623371191e-01	1.9769837050e-01	1.9680688887e-01	1.9739706877e-01
100	1.8464437771e-01	1.7736114472e-01	1.8004736161e-01	1.7834103771e-01	1.7942565702e-01
120	1.3822333550e-01	1.2808953396e-01	1.3242031631e-01	1.2956591686e-01	1.3132763244e-01
140	5.9754585644e-02	4.6469294504e-02	5.2848233809e-02	4.8519953452e-02	5.1144346360e-02
160	-5.2971348611e-02	-6.9626061010e-02	-6.0841744682e-02	-6.6945429473e-02	-6.3281797167e-02
180	-2.0232645770e-01	-2.2247684359e-01	-2.1099594654e-01	-2.1914078685e-01	-2.1428206668e-01
200	-3.9080014537e-01	-4.1449787408e-01	-4.0010518136e-01	-4.1049607484e-01	-4.0431692612e-01
300	-2.0070094718e+00	-2.0476773072e+00	-2.0177475113e+00	-2.0402491026e+00	-2.0268490880e+00
400	-4.9368628154e+00	-4.9914831955e+00	-4.9468212550e+00	-4.9810084096e+00	-4.9614946187e+00
