# N	E	RS2	RS3	EN2	EN3
4	4.1823582781e-03	3.4089668428e-03	3.4858210309e-03	3.4421637159e-03	3.4790563290e-03
10	1.3787160883e-02	1.3202775229e-02	1.3286847822e-02	1.3241248003e-02	1.3276979002e-02
100	1.5248778136e-01	1.5198332721e-01	1.5206620957e-01	1.5202161804e-01	1.5205546433e-01
200	3.0642818053e-01	3.0592749699e-01	3.0601024906e-01	3.0596588114e-01	3.0599961161e-01
300	4.6036321440e-01	4.5986365101e-01	4.5994635852e-01	4.5990219172e-01	4.5993588342e-01
400	6.1429691816e-01	6.1379784031e-01	6.1388052532e-01	6.1383653199e-01	6.1387020428e-01
500	7.6823009165e-01	7.6773124017e-01	7.6781391162e-01	7.6777008699e-01	7.6780374762e-01
600	9.2216300050e-01	9.2166424608e-01	9.2174690846e-01	9.2170325012e-01	9.2173690297e-01
700	1.0760957583e+00	1.0755970272e+00	1.0756796830e+00	1.0756361896e+00	1.0756698369e+00
800	1.2300284218e+00	1.2295296678e+00	1.2296123188e+00	1.2295689895e+00	1.2296026326e+00
900	1.3839610224e+00	1.3834622150e+00	1.3835448622e+00	1.3835016963e+00	1.3835353362e+00
1000	1.5378935791e+00	1.5373946967e+00	1.5374773408e+00	1.5374343380e+00	1.5374679753e+00
1100	1.6918261038e+00	1.6913271308e+00	1.6914097725e+00	1.6913669324e+00	1.6914005676e+00
1200	1.8457586045e+00	1.8452595293e+00	1.8453421689e+00	1.8452994914e+00	1.8453331248e+00
1300	1.9996910868e+00	1.9991919003e+00	1.9992745381e+00	1.9992320230e+00	1.9992656549e+00
1400	2.1536235546e+00	2.1531242497e+00	2.1532068861e+00	2.1531645332e+00	2.1531981638e+00
1500	2.3075560109e+00	2.3070565820e+00	2.3071392170e+00	2.3070970263e+00	2.3071306558e+00
1600	2.4614884577e+00	2.4609889002e+00	2.4610715341e+00	2.4610295054e+00	2.4610631340e+00
1700	2.6154208968e+00	2.6149212069e+00	2.6150038398e+00	2.6149619731e+00	2.6149956008e+00
1800	2.7693533294e+00	2.7688535038e+00	2.7689361358e+00	2.7688944314e+00	2.7689280583e+00
1900	2.9232857566e+00	2.9227857928e+00	2.9228684240e+00	2.9228268815e+00	2.9228605077e+00
2000	3.0772181792e+00	3.0767180750e+00	3.0768007054e+00	3.0767593248e+00	3.0767929504e+00
