# N	E	RS2	RS3	EN2	EN3
4	1.9971756756e-02	1.9922206713e-02	1.9922206866e-02	1.9971644985e-02	1.9971645049e-02
10	4.9929391890e-02	4.9821330669e-02	4.9821334302e-02	4.9928634883e-02	4.9928636443e-02
100	4.9929391890e-01	4.9875482804e-01	4.9875923917e-01	4.9921677257e-01	4.9921859373e-01
200	9.9858783781e-01	9.9738608947e-01	9.9742173463e-01	9.9828713083e-01	9.9830111827e-01
300	1.4978817567e+00	1.4968473850e+00	1.4969679290e+00	1.4972223257e+00	1.4972674707e+00
400	1.9971756756e+00	1.9935076772e+00	1.9937944556e+00	1.9960317280e+00	1.9961341595e+00
500	2.4964695945e+00	2.4932926439e+00	2.4938525075e+00	2.4947232714e+00	2.4949150951e+00
600	2.9957635134e+00	2.9919421313e+00	2.9929099182e+00	2.9933037696e+00	2.9936221553e+00
700	3.4950574323e+00	3.4893873607e+00	3.4909254786e+00	3.4917791470e+00	3.4922656002e+00
800	3.9943513512e+00	3.9875987388e+00	3.9898951044e+00	3.9901546114e+00	3.9908543814e+00
900	4.4936452701e+00	4.4856044466e+00	4.4888745857e+00	4.4884347842e+00	4.4893963772e+00
1000	4.9929391890e+00	4.9839982326e+00	4.9884835942e+00	4.9866238015e+00	4.9878985748e+00
1100	5.4922331079e+00	5.4815399364e+00	5.4875109942e+00	5.4847253918e+00	5.4863672126e+00
1200	5.9915270268e+00	5.9786243219e+00	5.9863782756e+00	5.9827429392e+00	5.9848078935e+00
1300	6.4908209458e+00	6.4762442158e+00	6.4861026150e+00	6.4806795327e+00	6.4832256762e+00
1400	6.9901148647e+00	6.9728239939e+00	6.9851399207e+00	6.9785380069e+00	6.9816251491e+00
1500	7.4894087836e+00	7.4694588534e+00	7.4846092591e+00	7.4763209757e+00	7.4800104924e+00
1600	7.9887027025e+00	7.9646898838e+00	7.9830850902e+00	7.9740308587e+00	7.9783855270e+00
1700	8.4879966214e+00	8.4630412557e+00	8.4850972902e+00	8.4716699049e+00	8.4767537580e+00
1800	8.9872905403e+00	8.9589372689e+00	8.9851235620e+00	8.9692402129e+00	8.9751184114e+00
1900	9.4865844592e+00	9.4552405960e+00	9.4860393621e+00	9.4667437444e+00	9.4734824619e+00
2000	9.9858783781e+00	9.9511219881e+00	9.9870472270e+00	9.9641823415e+00	9.9718486618e+00
