# N	E	RS2	RS3	EN2	EN3
200	6.1964162928e+00	6.1648394561e+00	6.1798800450e+00	6.1706648868e+00	6.1748023076e+00
225	6.9739533538e+00	6.9423993921e+00	6.9574335244e+00	6.9482224926e+00	6.9523564739e+00
250	7.7514874207e+00	7.7199517306e+00	7.7349806981e+00	7.7257729741e+00	7.7299042057e+00
275	8.5290193134e+00	8.4974984477e+00	8.5125232108e+00	8.5033181813e+00	8.5074471797e+00
300	9.3065495776e+00	9.2750411381e+00	9.2900623803e+00	9.2808596154e+00	9.2849867409e+00
325	1.0084078590e+01	1.0052580654e+01	1.0067598917e+01	1.0058398073e+01	1.0062523614e+01
350	1.0861606621e+01	1.0830117677e+01	1.0845133386e+01	1.0835934193e+01	1.0840058377e+01
375	1.1639133866e+01	1.1607652708e+01	1.1622666204e+01	1.1613468446e+01	1.1617591454e+01
400	1.2416660473e+01	1.2385186121e+01	1.2400197681e+01	1.2391001183e+01	1.2395123162e+01
425	1.3194186556e+01	1.3162718203e+01	1.3177728055e+01	1.3168532671e+01	1.3172653743e+01
450	1.3971712202e+01	1.3940249176e+01	1.3955257509e+01	1.3946063120e+01	1.3950183385e+01
475	1.4749237479e+01	1.4717779215e+01	1.4732786190e+01	1.4723592694e+01	1.4727712237e+01
500	1.5526762444e+01	1.5495308462e+01	1.5510314214e+01	1.5501121524e+01	1.5505240418e+01
