# N	E	RS2	RS3	EN2	EN3
4	1.9546317189e-02	1.9536874004e-02	1.9536965549e-02	1.9536926826e-02	1.9536964536e-02
6	2.9148671006e-02	2.9126680621e-02	2.9127092780e-02	2.9126911355e-02	2.9127084914e-02
10	4.8010407534e-02	4.7947752504e-02	4.7950045274e-02	4.7948998165e-02	4.7949964245e-02
15	7.0941667610e-02	7.0799155874e-02	7.0807517082e-02	7.0803574735e-02	7.0807060539e-02
20	9.3151185181e-02	9.2896806084e-02	9.2917294316e-02	9.2907371370e-02	9.2915804720e-02
40	1.7468249314e-01	1.7366589176e-01	1.7383480546e-01	1.7374571131e-01	1.7381185896e-01
60	2.4430034706e-01	2.4203129049e-01	2.4259590912e-01	2.4227849506e-01	2.4249045746e-01
80	3.0169299851e-01	2.9770013206e-01	2.9901215584e-01	2.9823662610e-01	2.9871232375e-01
100	3.4652938368e-01	3.4036156500e-01	3.4286218642e-01	3.4132272198e-01	3.4220397072e-01
120	3.7845798388e-01	3.6968581123e-01	3.7389082386e-01	3.7121316414e-01	3.7266141332e-01
140	3.9710571982e-01	3.8532292310e-01	3.9180790752e-01	3.8755900559e-01	3.8975197332e-01
160	4.0207691862e-01	3.8690201830e-01	3.9628768828e-01	3.8998626924e-01	3.9311502851e-01
180	3.9295240205e-01	3.7403029178e-01	3.8696807587e-01	3.7809597058e-01	3.8236221105e-01
200	3.6928875542e-01	3.4629250378e-01	3.6345002965e-01	3.5146407783e-01	3.5707739472e-01
300	3.6790027550e+00	-3.7386255558e+00	-3.7120587311e+00	3.6457289384e+00	3.6548544050e+00
400	1.4082952083e+01	-1.6317380191e+01	-1.6284816920e+01	1.4214348436e+01	1.4228431431e+01
500	2.8435180484e+01	-3.4534518345e+01	-3.4492276794e+01	2.8484481952e+01	2.8442903824e+01
