4	2.0027471039e-01
6	-2.0009429072e-01
8	-1.9991444320e-01
10	-1.9973539506e-01
15	1.9928675356e-01
20	1.9884206927e-01
25	1.9840128754e-01
30	1.9796437695e-01
35	-1.9753130190e-01
40	1.9710211863e-01
45	-1.9667661917e-01
50	-1.9625486469e-01
55	-1.9583678739e-01
60	-1.9542236025e-01
65	1.9501155015e-01
70	1.9460432067e-01
4	2.0046149139e-01
6	-2.0037017807e-01
8	2.0027471039e-01
10	2.0018441993e-01
15	1.9995940117e-01
20	1.9973539506e-01
25	-1.9951239315e-01
30	1.9928675356e-01
35	-1.9906392259e-01
40	1.9884206927e-01
45	1.9862119202e-01
50	-1.9840128754e-01
55	1.9818235013e-01
60	1.9796437695e-01
65	1.9774736231e-01
70	-1.9753130190e-01
4	2.0060794214e-01
6	2.0058961262e-01
8	2.0057128957e-01
10	2.0055297303e-01
15	2.0050721346e-01
20	-2.0046149139e-01
25	2.0041582097e-01
30	-2.0036910229e-01
35	2.0031991660e-01
40	-2.0027471039e-01
45	-2.0022954488e-01
50	-2.0018441993e-01
55	-2.0013933471e-01
60	-2.0009429072e-01
65	2.0004928752e-01
70	-2.0000432253e-01
