# N	E	RS2	RS3	EN2	EN3
4	3.9797602983e-03	3.9785837668e-03	3.9785864089e-03	3.9793387054e-03	3.9793398234e-03
10	9.9683838006e-03	9.9648548469e-03	9.9649167329e-03	9.9655327515e-03	9.9655590484e-03
100	1.0251938376e-01	1.0221080222e-01	1.0228691269e-01	1.0224979979e-01	1.0227622309e-01
200	2.1128842782e-01	2.1005561573e-01	2.1067958074e-01	2.1030302294e-01	2.1048195749e-01
300	3.2622765377e-01	3.2344156183e-01	3.2558485104e-01	3.2417364626e-01	3.2469517986e-01
400	4.4726014130e-01	4.4228525302e-01	4.4744171688e-01	4.4384324759e-01	4.4492927989e-01
500	5.7431145981e-01	5.6650137349e-01	5.7672095608e-01	5.6927886646e-01	5.7116639426e-01
600	7.0730954315e-01	6.9600308793e-01	7.1391298708e-01	7.0044027619e-01	7.0337212692e-01
700	8.4618461372e-01	8.3072726521e-01	8.5955927780e-01	8.3728247888e-01	8.4150166310e-01
800	9.9086909072e-01	9.7058111103e-01	1.0141987864e+00	9.7975866517e-01	9.8550441584e-01
900	1.1412975236e+00	1.1154978352e+00	1.1784226003e+00	1.1278207070e+00	1.1353262111e+00
1000	1.2974064156e+00	1.2654168922e+00	1.3528482904e+00	1.2814202096e+00	1.2909103755e+00
1100	1.4591343325e+00	1.4202595059e+00	1.5381095790e+00	1.4405084493e+00	1.4521997663e+00
1200	1.6264216385e+00	1.5799571042e+00	1.7348634173e+00	1.6050371796e+00	1.6191364831e+00
1300	1.7992105166e+00	1.7444431431e+00	1.9438243370e+00	1.7749585969e+00	1.7916628847e+00
1400	1.9774448794e+00	1.9136667529e+00	2.1657011641e+00	1.9502255265e+00	1.9697218340e+00
1500	2.1610703030e+00	2.0875583263e+00	2.4012408256e+00	2.1307915363e+00	2.1532569367e+00
1600	2.3500339591e+00	2.2660662257e+00	2.6512236492e+00	2.3166110012e+00	2.3422127526e+00
1700	2.5442845521e+00	2.4491136090e+00	2.9164346898e+00	2.5076391163e+00	2.5365349216e+00
1800	2.7437722611e+00	2.6366690150e+00	3.1977172458e+00	2.7038319870e+00	2.7361701846e+00
# N	E	RS2	RS3	EN2	EN3
4	3.9898938324e-03	3.9883120727e-03	3.9883124024e-03	3.9897884123e-03	3.9897885521e-03
10	9.9842111854e-03	9.9795983583e-03	9.9796060813e-03	9.9834954241e-03	9.9834987373e-03
100	1.0126062590e-01	1.0117944747e-01	1.0118887740e-01	1.0118959247e-01	1.0119323821e-01
200	2.0566050565e-01	2.0534959888e-01	2.0542635269e-01	2.0539082541e-01	2.0541741357e-01
300	3.1317936688e-01	3.1248284971e-01	3.1274464606e-01	3.1260092704e-01	3.1268301583e-01
400	4.2379726527e-01	4.2256256413e-01	4.2318863280e-01	4.2281272017e-01	4.2299187437e-01
500	5.3749458328e-01	5.3556262957e-01	5.3679542365e-01	5.3601641508e-01	5.3634049848e-01
600	6.5425201569e-01	6.5145737888e-01	6.5360290752e-01	6.5220053817e-01	6.5272195532e-01
700	7.7405058390e-01	7.7024154276e-01	7.7367386077e-01	7.7135266852e-01	7.7212691075e-01
800	8.9687160612e-01	8.9189778952e-01	8.9705831116e-01	8.9345960317e-01	8.9454440856e-01
900	1.0226967044e+00	1.0163805716e+00	1.0237807681e+00	1.0185076133e+00	1.0199622342e+00
1000	1.1515077960e+00	1.1436978397e+00	1.1539201303e+00	1.1464829200e+00	1.1483674591e+00
1100	1.2832870882e+00	1.2738128621e+00	1.2875128550e+00	1.2773714563e+00	1.2797465275e+00
1200	1.4180170717e+00	1.4067223180e+00	1.4246302070e+00	1.4111587597e+00	1.4140851616e+00
1300	1.5556805159e+00	1.5423830350e+00	1.5653057276e+00	1.5478306637e+00	1.5513690098e+00
1400	1.6962604630e+00	1.6808220722e+00	1.7096432566e+00	1.6873728967e+00	1.6915834182e+00
1500	1.8397402227e+00	1.8219580926e+00	1.8576427280e+00	1.8297712185e+00	1.8347135824e+00
1600	1.9861033672e+00	1.9658359878e+00	2.0094283186e+00	1.9750114409e+00	1.9807445996e+00
1700	2.1353337576e+00	2.1124008048e+00	2.1650277151e+00	2.1230795220e+00	2.1296617675e+00
1800	2.2874154187e+00	2.2616493613e+00	2.3245266173e+00	2.2739613081e+00	2.2814496059e+00
1900	2.4423326582e+00	2.4135545280e+00	2.4879775667e+00	2.4276428475e+00	2.4360933849e+00
