# N	E	RS2	RS3	EN2	EN3
4	1.8133635018e-02	1.7442769315e-02	1.7519391244e-02	1.7481559831e-02	1.7511713018e-02
8	3.7209661195e-02	3.4224180700e-02	3.5099207484e-02	3.4607468744e-02	3.4908405729e-02
10	4.7098149394e-02	4.2357581886e-02	4.4180833609e-02	4.3109286019e-02	4.3696160251e-02
15	7.2832428098e-02	6.1911502423e-02	6.8635275352e-02	6.4339046611e-02	6.6197098384e-02
20	1.0000000000e-01	8.0307537796e-02	9.7052369571e-02	8.5703205647e-02	8.9739657872e-02
25	1.2858389280e-01	9.7492103538e-02	1.3133950166e-01	1.0735966799e-01	1.1456578812e-01
30	1.5856764058e-01	1.1341329074e-01	1.7349754746e-01	1.2942566175e-01	1.4083411447e-01
35	1.8993526636e-01	1.2802081728e-01	2.2562051702e-01	1.5199230593e-01	1.6864996376e-01
40	2.2267126509e-01	1.4126627362e-01	2.8989468509e-01	1.7513262660e-01	1.9808247378e-01
45	2.5676058720e-01	1.5310266986e-01	3.6859843318e-01	1.9890646906e-01	2.2917522007e-01
50	2.9218862248e-01	1.6348434245e-01	4.6410229069e-01	2.2336363119e-01	2.6195315708e-01
55	3.2894118452e-01	1.7236742544e-01	5.7886665349e-01	2.4854612892e-01	2.9642760033e-01
60	3.6700449566e-01	1.7970920594e-01	7.1544294784e-01	2.7448966468e-01	3.3259955900e-01
# N	E	RS2	RS3	EN2	EN3
4	1.9072919290e-02	1.8898708214e-02	1.8908498207e-02	1.8903972806e-02	1.8907965558e-02
8	3.8611632387e-02	3.7860494813e-02	3.7971677263e-02	3.7915258608e-02	3.7957646916e-02
10	4.8554952066e-02	4.7363548390e-02	4.7594569984e-02	4.7473224684e-02	4.7558057824e-02
15	7.3918394495e-02	7.1181035396e-02	7.2027205685e-02	7.1550558471e-02	7.1834346629e-02
20	1.0000000000e-01	9.5076884071e-02	9.7169988037e-02	9.5925066215e-02	9.6570031879e-02
25	1.2679549675e-01	1.1904198754e-01	1.2324521075e-01	1.2063295268e-01	1.2182953210e-01
30	1.5430067137e-01	1.4306756207e-01	1.5048109541e-01	1.4570276309e-01	1.4766198397e-01
35	1.8251137500e-01	1.6714489682e-01	1.7911173971e-01	1.7115748944e-01	1.7410553251e-01
40	2.1142352078e-01	1.9126544792e-01	2.0937711120e-01	1.9701609979e-01	2.0119022432e-01
45	2.4103308275e-01	2.1542075582e-01	2.4152306816e-01	2.2329448791e-01	2.2893992140e-01
50	2.7133609479e-01	2.3960259972e-01	2.7580125676e-01	2.5000615566e-01	2.5737365494e-01
55	3.0232864961e-01	2.6380280417e-01	3.1246919618e-01	2.7716269696e-01	2.8650660797e-01
60	3.3400689764e-01	2.8801334744e-01	3.5179020810e-01	3.0477415194e-01	3.1635084609e-01
# N	E	RS2	RS3	EN2	EN3
4	1.9542639374e-02	1.9499780913e-02	1.9500980935e-02	1.9500447680e-02	1.9500947218e-02
8	3.9314506272e-02	3.9129913594e-02	3.9143505559e-02	3.9137075485e-02	3.9142581000e-02
10	4.9286227662e-02	4.8993595226e-02	4.9021798466e-02	4.9008149654e-02	4.9019355024e-02
15	7.4465201150e-02	7.3793756778e-02	7.3896699641e-02	7.3844380458e-02	7.3883312152e-02
20	1.0000000000e-01	9.8793959580e-02	9.9047748965e-02	9.8913343731e-02	9.9004805297e-02
25	1.2588957335e-01	1.2399259446e-01	1.2450052857e-01	1.2422173968e-01	1.2439647829e-01
30	1.5213287526e-01	1.4938799558e-01	1.5028094376e-01	1.4977518777e-01	1.5006894774e-01
35	1.7872887156e-01	1.7497860802e-01	1.7641529618e-01	1.7557854899e-01	1.7603127986e-01
40	2.0567653335e-01	2.0076282521e-01	2.0293022221e-01	2.0163596240e-01	2.0229120133e-01
45	2.3297483998e-01	2.2673906314e-01	2.2985271974e-01	2.2795102625e-01	2.2885537247e-01
50	2.6062277838e-01	2.5290575855e-01	2.5721014522e-01	2.5452688955e-01	2.5572956297e-01
55	2.8861934296e-01	2.7926135599e-01	2.8503021193e-01	2.8136631637e-01	2.8291878712e-01
60	3.1696353561e-01	3.0580431281e-01	3.1334098901e-01	3.0847174821e-01	3.1042741793e-01
