# N	E	RS2	RS3	EN2	EN3
200	5.5925045125e+00	5.5580436521e+00	5.5738262925e+00	5.5640953173e+00	5.5687178387e+00
300	8.4026086761e+00	8.3682194674e+00	8.3839856938e+00	8.3742702519e+00	8.3788825872e+00
400	1.1212686263e+01	1.1178330038e+01	1.1194088047e+01	1.1184383106e+01	1.1188990354e+01
500	1.4022753256e+01	1.3988414602e+01	1.4004167678e+01	1.3994471222e+01	1.3999075420e+01
600	1.6832814963e+01	1.6798486190e+01	1.6814235975e+01	1.6804546995e+01	1.6809149160e+01
700	1.9642873653e+01	1.9608550372e+01	1.9624297806e+01	1.9614615725e+01	1.9619216438e+01
800	2.2452930459e+01	2.2418609930e+01	2.2434355600e+01	2.2424680056e+01	2.2429279681e+01
900	2.5262986009e+01	2.5228666406e+01	2.5244410704e+01	2.5234741458e+01	2.5239340236e+01
1000	2.8073040682e+01	2.8038720727e+01	2.8054463927e+01	2.8044800809e+01	2.8049398910e+01
1100	3.0883094716e+01	3.0848773527e+01	3.0864515818e+01	3.0854858671e+01	3.0859456218e+01
1200	3.3693148271e+01	3.3658825109e+01	3.3674566651e+01	3.3664915415e+01	3.3669512500e+01
1300	3.6503201458e+01	3.6468875786e+01	3.6484616695e+01	3.6474971300e+01	3.6479567994e+01
1400	3.9313254356e+01	3.9278925754e+01	3.9294666120e+01	3.9285026510e+01	3.9289622870e+01
1500	4.2123307023e+01	4.2088975155e+01	4.2104715050e+01	4.2095081180e+01	4.2099677250e+01
