# N	E	RS2	RS3	EN2	EN3
4	6.7850701586e-03	6.3024288719e-03	6.3690300813e-03	6.3349379956e-03	6.3610224621e-03
10	1.9001918461e-02	1.8630571851e-02	1.8691755758e-02	1.8660654889e-02	1.8683821859e-02
100	1.9909836358e-01	1.9875891815e-01	1.9881607202e-01	1.9880225852e-01	1.9882352771e-01
200	3.9910317641e-01	3.9876299659e-01	3.9881992169e-01	3.9880926732e-01	3.9883043340e-01
300	5.9910476924e-01	5.9873668707e-01	5.9879354076e-01	5.9881158564e-01	5.9883271748e-01
400	7.9910556353e-01	7.9871808729e-01	7.9877490381e-01	7.9881274185e-01	7.9883385654e-01
500	9.9910603943e-01	9.9870571187e-01	9.9876250535e-01	9.9881343449e-01	9.9883453890e-01
600	1.1991063564e+00	1.1986902521e+00	1.1987470307e+00	1.1988138958e+00	1.1988349933e+00
700	1.3991065827e+00	1.3986687951e+00	1.3987255636e+00	1.3988142249e+00	1.3988353176e+00
800	1.5991067523e+00	1.5986713927e+00	1.5987281517e+00	1.5988144718e+00	1.5988355608e+00
900	1.7991068842e+00	1.7986432458e+00	1.7986999994e+00	1.7988146637e+00	1.7988357499e+00
1000	1.9991069897e+00	1.9986354314e+00	1.9986921795e+00	1.9988148173e+00	1.9988359011e+00
1100	2.1991070760e+00	2.1986204262e+00	2.1986771701e+00	2.1988149428e+00	2.1988360247e+00
1200	2.3991071479e+00	2.3986534747e+00	2.3987102129e+00	2.3988150474e+00	2.3988361278e+00
1300	2.5991072087e+00	2.5985903583e+00	2.5986470959e+00	2.5988151358e+00	2.5988362149e+00
1400	2.7991072608e+00	2.7985753051e+00	2.7986320402e+00	2.7988152117e+00	2.7988362897e+00
1500	2.9991073060e+00	2.9985602515e+00	2.9986169845e+00	2.9988152774e+00	2.9988363544e+00
1600	3.1991073455e+00	3.1985499935e+00	3.1986067246e+00	3.1988153350e+00	3.1988364111e+00
1700	3.3991073804e+00	3.3985349451e+00	3.3985916746e+00	3.3988153857e+00	3.3988364611e+00
1800	3.5991074114e+00	3.5985334795e+00	3.5985902071e+00	3.5988154309e+00	3.5988365056e+00
1900	3.7991074392e+00	3.7985191479e+00	3.7985758740e+00	3.7988154713e+00	3.7988365454e+00
2000	3.9991074641e+00	3.9985048110e+00	3.9985615359e+00	3.9988155076e+00	3.9988365812e+00
