# N	E	RS2	RS3	EN2	EN3
4	1.9932197628e-02	1.9904231526e-02	1.9904232795e-02	1.9931724877e-02	1.9931725410e-02
10	4.9788092674e-02	4.9747527071e-02	4.9747557393e-02	4.9784911279e-02	4.9784924276e-02
100	4.9150870609e-01	4.9108927311e-01	4.9112604226e-01	4.9119389309e-01	4.9120843301e-01
200	9.6880361962e-01	9.6734040762e-01	9.6763559851e-01	9.6760646636e-01	9.6771350245e-01
300	1.4317997915e+00	1.4286820108e+00	1.4296749545e+00	1.4292274107e+00	1.4295609135e+00
400	1.8804109460e+00	1.8748720988e+00	1.8772142140e+00	1.8760244879e+00	1.8767590115e+00
500	2.3145495254e+00	2.3062246872e+00	2.3107720610e+00	2.3079512943e+00	2.3092922670e+00
600	2.7341266768e+00	2.7221241360e+00	2.7299345139e+00	2.7249515084e+00	2.7271287422e+00
700	3.1390521218e+00	3.1228690120e+00	3.1351923222e+00	3.1269614601e+00	3.1302245934e+00
800	3.5292343524e+00	3.5081388607e+00	3.5264146894e+00	3.5139117329e+00	3.5185269073e+00
900	3.9045803914e+00	3.8780010461e+00	3.9038495544e+00	3.8857282248e+00	3.8919755802e+00
1000	4.2649958787e+00	4.2322801027e+00	4.2674986323e+00	4.2423328639e+00	4.2505046086e+00
1100	4.6103850281e+00	4.5709252926e+00	4.6174813676e+00	4.5836440267e+00	4.5940429613e+00
1200	4.9406506044e+00	4.8938164839e+00	4.9538406644e+00	4.9095774099e+00	4.9225154633e+00
1300	5.2556939013e+00	5.2009007139e+00	5.2766825051e+00	5.2200452850e+00	5.2358428530e+00
1400	5.5554147190e+00	5.4920507779e+00	5.5860324588e+00	5.5149577199e+00	5.5339425900e+00
1500	5.8397113418e+00	5.7671896210e+00	5.8819590966e+00	5.7942222101e+00	5.8167289207e+00
1600	6.1084805161e+00	6.0262120457e+00	6.1644980022e+00	6.0577439421e+00	6.0841131576e+00
1700	6.3616174273e+00	6.2690216978e+00	6.4336871525e+00	6.3054258921e+00	6.3360039025e+00
1800	6.5990156784e+00	6.4955232309e+00	6.6895589865e+00	6.5371687753e+00	6.5723069138e+00
1900	6.8205672678e+00	6.7056120983e+00	6.9321322697e+00	6.7528712134e+00	6.7929256815e+00
2000	7.0261625670e+00	6.8991861435e+00	7.1614212093e+00	6.9524297925e+00	6.9977611092e+00
