# OMEGA	E	RS2	RS3	EN2	EN3
0.100000	3.6595703295e-01	3.1623778567e-01	3.2533338884e-01	3.2032374189e-01	3.2381236629e-01
0.090000	3.2768292931e-01	2.7798554227e-01	2.8755414982e-01	2.8224360595e-01	2.8588796179e-01
0.080000	2.8950762220e-01	2.3983610241e-01	2.4996132930e-01	2.4429261619e-01	2.4811777145e-01
0.070000	2.5145031140e-01	2.0181011906e-01	2.1260371924e-01	2.0649922817e-01	2.1053811363e-01
0.060000	2.1353736062e-01	1.6393612414e-01	1.7555340152e-01	1.6890366235e-01	1.7320114033e-01
0.050000	1.7580671309e-01	1.2625579293e-01	1.3892393163e-01	1.3156598470e-01	1.3618616132e-01
0.040000	1.3831657791e-01	8.8834163169e-02	1.0290988315e-01	9.4582456642e-02	9.9623202274e-02
0.030000	1.0116487688e-01	5.1783516395e-02	6.7888604662e-02	5.8124452930e-02	6.3750552684e-02
0.020000	6.4542321399e-02	1.5332361084e-02	3.4753365194e-02	2.2552473984e-02	2.9090184528e-02
0.010000	2.8939982395e-02	-1.9874507834e-02	6.6275125953e-03	-1.1088761302e-02	-2.7367058626e-03
0.009000	2.5484227443e-02	-2.3255886021e-02	4.4931893177e-03	-1.4232435699e-02	-5.5734387933e-03
0.008000	2.2059421811e-02	-2.6592242310e-02	2.6067523507e-03	-1.7305275551e-02	-8.2924264232e-03
0.007000	1.8671531391e-02	-2.9872573862e-02	1.0421005963e-03	-2.0290920598e-02	-1.0862548207e-02
0.006000	1.6995992234e-02	-3.4124825299e-02	-1.7861011810e-03	-2.1768222029e-02	-1.1576056014e-02
0.005000	3.3149879987e-02	-4.9950572386e-02	-2.2423907928e-02	-1.2886582656e-02	5.5146301020e-03
0.004000	4.5865994588e-02	-6.4133150228e-02	-3.9423506190e-02	-3.0423911915e-03	4.4961562412e-02
0.003000	5.4609352900e-02	-7.5707694877e-02	-5.2198458721e-02	1.6965041886e-02	-1.0512616824e-02
0.002000	5.8554381897e-02	-8.3200867422e-02	-5.9763252314e-02	5.0782660186e-02	3.8668921669e-01
0.001000	5.6307650446e-02	-8.3728911792e-02	-6.0063468355e-02	1.3003598747e-01	8.5033567533e-01
# OMEGA	E	RS2	RS3	EN2	EN3
0.100000	4.8178081949e-01
# OMEGA	E	RS2	RS3	EN2	EN3
# OMEGA	E	RS2	RS3	EN2	EN3
# OMEGA	E	RS2	RS3	EN2	EN3
# OMEGA	E	RS2	RS3	EN2	EN3
# OMEGA	E	RS2	RS3	EN2	EN3
