-10.000000	0.004369	0.004369
-9.990000	0.004377	0.004377
-9.980000	0.004386	0.004386
-9.970000	0.004395	0.004395
-9.960000	0.004403	0.004403
-9.950000	0.004412	0.004412
-9.940000	0.004421	0.004421
-9.930000	0.004430	0.004430
-9.920000	0.004438	0.004438
-9.910000	0.004447	0.004447
-9.900000	0.004456	0.004456
-9.890000	0.004465	0.004465
-9.880000	0.004474	0.004474
-9.870000	0.004483	0.004483
-9.860000	0.004491	0.004491
-9.850000	0.004500	0.004500
-9.840000	0.004509	0.004509
-9.830000	0.004518	0.004518
-9.820000	0.004527	0.004527
-9.810000	0.004536	0.004536
-9.800000	0.004545	0.004545
-9.790000	0.004554	0.004554
-9.780000	0.004563	0.004563
-9.770000	0.004572	0.004572
-9.760000	0.004581	0.004581
-9.750000	0.004590	0.004590
-9.740000	0.004599	0.004599
-9.730000	0.004608	0.004608
-9.720000	0.004618	0.004618
-9.710000	0.004627	0.004627
-9.700000	0.004636	0.004636
-9.690000	0.004645	0.004645
-9.680000	0.004654	0.004654
-9.670000	0.004664	0.004664
-9.660000	0.004673	0.004673
-9.650000	0.004682	0.004682
-9.640000	0.004691	0.004691
-9.630000	0.004701	0.004701
-9.620000	0.004710	0.004710
-9.610000	0.004719	0.004719
-9.600000	0.004729	0.004729
-9.590000	0.004738	0.004738
-9.580000	0.004748	0.004748
-9.570000	0.004757	0.004757
-9.560000	0.004767	0.004767
-9.550000	0.004776	0.004776
-9.540000	0.004785	0.004785
-9.530000	0.004795	0.004795
-9.520000	0.004805	0.004805
-9.510000	0.004814	0.004814
-9.500000	0.004824	0.004824
-9.490000	0.004833	0.004833
-9.480000	0.004843	0.004843
-9.470000	0.004852	0.004852
-9.460000	0.004862	0.004862
-9.450000	0.004872	0.004872
-9.440000	0.004882	0.004882
-9.430000	0.004891	0.004891
-9.420000	0.004901	0.004901
-9.410000	0.004911	0.004911
-9.400000	0.004920	0.004920
-9.390000	0.004930	0.004930
-9.380000	0.004940	0.004940
-9.370000	0.004950	0.004950
-9.360000	0.004960	0.004960
-9.350000	0.004970	0.004970
-9.340000	0.004980	0.004980
-9.330000	0.004989	0.004989
-9.320000	0.004999	0.004999
-9.310000	0.005009	0.005009
-9.300000	0.005019	0.005019
-9.290000	0.005029	0.005029
-9.280000	0.005039	0.005039
-9.270000	0.005049	0.005049
-9.260000	0.005060	0.005060
-9.250000	0.005070	0.005070
-9.240000	0.005080	0.005080
-9.230000	0.005090	0.005090
-9.220000	0.005100	0.005100
-9.210000	0.005110	0.005110
-9.200000	0.005120	0.005120
-9.190000	0.005131	0.005131
-9.180000	0.005141	0.005141
-9.170000	0.005151	0.005151
-9.160000	0.005161	0.005161
-9.150000	0.005172	0.005172
-9.140000	0.005182	0.005182
-9.130000	0.005192	0.005192
-9.120000	0.005203	0.005203
-9.110000	0.005213	0.005213
-9.100000	0.005223	0.005223
-9.090000	0.005234	0.005234
-9.080000	0.005244	0.005244
-9.070000	0.005255	0.005255
-9.060000	0.005265	0.005265
-9.050000	0.005276	0.005276
-9.040000	0.005286	0.005286
-9.030000	0.005297	0.005297
-9.020000	0.005307	0.005307
-9.010000	0.005318	0.005318
-9.000000	0.005329	0.005329
-8.990000	0.005339	0.005339
-8.980000	0.005350	0.005350
-8.970000	0.005361	0.005361
-8.960000	0.005371	0.005371
-8.950000	0.005382	0.005382
-8.940000	0.005393	0.005393
-8.930000	0.005404	0.005404
-8.920000	0.005414	0.005414
-8.910000	0.005425	0.005425
-8.900000	0.005436	0.005436
-8.890000	0.005447	0.005447
-8.880000	0.005458	0.005458
-8.870000	0.005469	0.005469
-8.860000	0.005480	0.005480
-8.850000	0.005491	0.005491
-8.840000	0.005502	0.005502
-8.830000	0.005513	0.005513
-8.820000	0.005524	0.005524
-8.810000	0.005535	0.005535
-8.800000	0.005546	0.005546
-8.790000	0.005557	0.005557
-8.780000	0.005568	0.005568
-8.770000	0.005579	0.005579
-8.760000	0.005590	0.005590
-8.750000	0.005601	0.005601
-8.740000	0.005613	0.005613
-8.730000	0.005624	0.005624
-8.720000	0.005635	0.005635
-8.710000	0.005646	0.005646
-8.700000	0.005658	0.005658
-8.690000	0.005669	0.005669
-8.680000	0.005680	0.005680
-8.670000	0.005692	0.005692
-8.660000	0.005703	0.005703
-8.650000	0.005715	0.005715
-8.640000	0.005726	0.005726
-8.630000	0.005737	0.005737
-8.620000	0.005749	0.005749
-8.610000	0.005760	0.005760
-8.600000	0.005772	0.005772
-8.590000	0.005784	0.005784
-8.580000	0.005795	0.005795
-8.570000	0.005807	0.005807
-8.560000	0.005818	0.005818
-8.550000	0.005830	0.005830
-8.540000	0.005842	0.005842
-8.530000	0.005853	0.005853
-8.520000	0.005865	0.005865
-8.510000	0.005877	0.005877
-8.500000	0.005889	0.005889
-8.490000	0.005900	0.005900
-8.480000	0.005912	0.005912
-8.470000	0.005924	0.005924
-8.460000	0.005936	0.005936
-8.450000	0.005948	0.005948
-8.440000	0.005960	0.005960
-8.430000	0.005972	0.005972
-8.420000	0.005984	0.005984
-8.410000	0.005996	0.005996
-8.400000	0.006008	0.006008
-8.390000	0.006020	0.006020
-8.380000	0.006032	0.006032
-8.370000	0.006044	0.006044
-8.360000	0.006056	0.006056
-8.350000	0.006068	0.006068
-8.340000	0.006080	0.006080
-8.330000	0.006092	0.006092
-8.320000	0.006105	0.006105
-8.310000	0.006117	0.006117
-8.300000	0.006129	0.006129
-8.290000	0.006141	0.006141
-8.280000	0.006154	0.006154
-8.270000	0.006166	0.006166
-8.260000	0.006178	0.006178
-8.250000	0.006191	0.006191
-8.240000	0.006203	0.006203
-8.230000	0.006215	0.006215
-8.220000	0.006228	0.006228
-8.210000	0.006240	0.006240
-8.200000	0.006253	0.006253
-8.190000	0.006265	0.006265
-8.180000	0.006278	0.006278
-8.170000	0.006291	0.006291
-8.160000	0.006303	0.006303
-8.150000	0.006316	0.006316
-8.140000	0.006328	0.006328
-8.130000	0.006341	0.006341
-8.120000	0.006354	0.006354
-8.110000	0.006367	0.006367
-8.100000	0.006379	0.006379
-8.090000	0.006392	0.006392
-8.080000	0.006405	0.006405
-8.070000	0.006418	0.006418
-8.060000	0.006431	0.006431
-8.050000	0.006443	0.006443
-8.040000	0.006456	0.006456
-8.030000	0.006469	0.006469
-8.020000	0.006482	0.006482
-8.010000	0.006495	0.006495
-8.000000	0.006508	0.006508
-7.990000	0.006521	0.006521
-7.980000	0.006534	0.006534
-7.970000	0.006547	0.006547
-7.960000	0.006561	0.006561
-7.950000	0.006574	0.006574
-7.940000	0.006587	0.006587
-7.930000	0.006600	0.006600
-7.920000	0.006613	0.006613
-7.910000	0.006626	0.006626
-7.900000	0.006640	0.006640
-7.890000	0.006653	0.006653
-7.880000	0.006666	0.006666
-7.870000	0.006680	0.006680
-7.860000	0.006693	0.006693
-7.850000	0.006706	0.006706
-7.840000	0.006720	0.006720
-7.830000	0.006733	0.006733
-7.820000	0.006747	0.006747
-7.810000	0.006760	0.006760
-7.800000	0.006774	0.006774
-7.790000	0.006787	0.006787
-7.780000	0.006801	0.006801
-7.770000	0.006815	0.006815
-7.760000	0.006828	0.006828
-7.750000	0.006842	0.006842
-7.740000	0.006856	0.006856
-7.730000	0.006869	0.006869
-7.720000	0.006883	0.006883
-7.710000	0.006897	0.006897
-7.700000	0.006911	0.006911
-7.690000	0.006925	0.006925
-7.680000	0.006938	0.006938
-7.670000	0.006952	0.006952
-7.660000	0.006966	0.006966
-7.650000	0.006980	0.006980
-7.640000	0.006994	0.006994
-7.630000	0.007008	0.007008
-7.620000	0.007022	0.007022
-7.610000	0.007036	0.007036
-7.600000	0.007050	0.007050
-7.590000	0.007064	0.007064
-7.580000	0.007078	0.007078
-7.570000	0.007093	0.007093
-7.560000	0.007107	0.007107
-7.550000	0.007121	0.007121
-7.540000	0.007135	0.007135
-7.530000	0.007149	0.007149
-7.520000	0.007164	0.007164
-7.510000	0.007178	0.007178
-7.500000	0.007192	0.007192
-7.490000	0.007207	0.007207
-7.480000	0.007221	0.007221
-7.470000	0.007236	0.007236
-7.460000	0.007250	0.007250
-7.450000	0.007265	0.007265
-7.440000	0.007279	0.007279
-7.430000	0.007294	0.007294
-7.420000	0.007308	0.007308
-7.410000	0.007323	0.007323
-7.400000	0.007337	0.007337
-7.390000	0.007352	0.007352
-7.380000	0.007367	0.007367
-7.370000	0.007381	0.007381
-7.360000	0.007396	0.007396
-7.350000	0.007411	0.007411
-7.340000	0.007426	0.007426
-7.330000	0.007441	0.007441
-7.320000	0.007455	0.007455
-7.310000	0.007470	0.007470
-7.300000	0.007485	0.007485
-7.290000	0.007500	0.007500
-7.280000	0.007515	0.007515
-7.270000	0.007530	0.007530
-7.260000	0.007545	0.007545
-7.250000	0.007560	0.007560
-7.240000	0.007575	0.007575
-7.230000	0.007590	0.007590
-7.220000	0.007606	0.007606
-7.210000	0.007621	0.007621
-7.200000	0.007636	0.007636
-7.190000	0.007651	0.007651
-7.180000	0.007666	0.007666
-7.170000	0.007682	0.007682
-7.160000	0.007697	0.007697
-7.150000	0.007712	0.007712
-7.140000	0.007728	0.007728
-7.130000	0.007743	0.007743
-7.120000	0.007758	0.007758
-7.110000	0.007774	0.007774
-7.100000	0.007789	0.007789
-7.090000	0.007805	0.007805
-7.080000	0.007820	0.007820
-7.070000	0.007836	0.007836
-7.060000	0.007852	0.007852
-7.050000	0.007867	0.007867
-7.040000	0.007883	0.007883
-7.030000	0.007899	0.007899
-7.020000	0.007914	0.007914
-7.010000	0.007930	0.007930
-7.000000	0.007946	0.007946
-6.990000	0.007962	0.007962
-6.980000	0.007977	0.007977
-6.970000	0.007993	0.007993
-6.960000	0.008009	0.008009
-6.950000	0.008025	0.008025
-6.940000	0.008041	0.008041
-6.930000	0.008057	0.008057
-6.920000	0.008073	0.008073
-6.910000	0.008089	0.008089
-6.900000	0.008105	0.008105
-6.890000	0.008121	0.008121
-6.880000	0.008137	0.008137
-6.870000	0.008154	0.008154
-6.860000	0.008170	0.008170
-6.850000	0.008186	0.008186
-6.840000	0.008202	0.008202
-6.830000	0.008219	0.008219
-6.820000	0.008235	0.008235
-6.810000	0.008251	0.008251
-6.800000	0.008268	0.008268
-6.790000	0.008284	0.008284
-6.780000	0.008300	0.008300
-6.770000	0.008317	0.008317
-6.760000	0.008333	0.008333
-6.750000	0.008350	0.008350
-6.740000	0.008366	0.008366
-6.730000	0.008383	0.008383
-6.720000	0.008400	0.008400
-6.710000	0.008416	0.008416
-6.700000	0.008433	0.008433
-6.690000	0.008450	0.008450
-6.680000	0.008466	0.008466
-6.670000	0.008483	0.008483
-6.660000	0.008500	0.008500
-6.650000	0.008517	0.008517
-6.640000	0.008534	0.008534
-6.630000	0.008551	0.008551
-6.620000	0.008567	0.008567
-6.610000	0.008584	0.008584
-6.600000	0.008601	0.008601
-6.590000	0.008618	0.008618
-6.580000	0.008635	0.008635
-6.570000	0.008653	0.008653
-6.560000	0.008670	0.008670
-6.550000	0.008687	0.008687
-6.540000	0.008704	0.008704
-6.530000	0.008721	0.008721
-6.520000	0.008738	0.008738
-6.510000	0.008756	0.008756
-6.500000	0.008773	0.008773
-6.490000	0.008790	0.008790
-6.480000	0.008808	0.008808
-6.470000	0.008825	0.008825
-6.460000	0.008842	0.008842
-6.450000	0.008860	0.008860
-6.440000	0.008877	0.008877
-6.430000	0.008895	0.008895
-6.420000	0.008912	0.008912
-6.410000	0.008930	0.008930
-6.400000	0.008948	0.008948
-6.390000	0.008965	0.008965
-6.380000	0.008983	0.008983
-6.370000	0.009001	0.009001
-6.360000	0.009018	0.009018
-6.350000	0.009036	0.009036
-6.340000	0.009054	0.009054
-6.330000	0.009072	0.009072
-6.320000	0.009089	0.009089
-6.310000	0.009107	0.009107
-6.300000	0.009125	0.009125
-6.290000	0.009143	0.009143
-6.280000	0.009161	0.009161
-6.270000	0.009179	0.009179
-6.260000	0.009197	0.009197
-6.250000	0.009215	0.009215
-6.240000	0.009233	0.009233
-6.230000	0.009252	0.009252
-6.220000	0.009270	0.009270
-6.210000	0.009288	0.009288
-6.200000	0.009306	0.009306
-6.190000	0.009324	0.009324
-6.180000	0.009343	0.009343
-6.170000	0.009361	0.009361
-6.160000	0.009379	0.009379
-6.150000	0.009398	0.009398
-6.140000	0.009416	0.009416
-6.130000	0.009435	0.009435
-6.120000	0.009453	0.009453
-6.110000	0.009472	0.009472
-6.100000	0.009490	0.009490
-6.090000	0.009509	0.009509
-6.080000	0.009527	0.009527
-6.070000	0.009546	0.009546
-6.060000	0.009565	0.009565
-6.050000	0.009584	0.009584
-6.040000	0.009602	0.009602
-6.030000	0.009621	0.009621
-6.020000	0.009640	0.009640
-6.010000	0.009659	0.009659
-6.000000	0.009678	0.009678
-5.990000	0.009697	0.009697
-5.980000	0.009715	0.009715
-5.970000	0.009734	0.009734
-5.960000	0.009753	0.009753
-5.950000	0.009772	0.009772
-5.940000	0.009792	0.009792
-5.930000	0.009811	0.009811
-5.920000	0.009830	0.009830
-5.910000	0.009849	0.009849
-5.900000	0.009868	0.009868
-5.890000	0.009887	0.009887
-5.880000	0.009907	0.009907
-5.870000	0.009926	0.009926
-5.860000	0.009945	0.009945
-5.850000	0.009965	0.009965
-5.840000	0.009984	0.009984
-5.830000	0.010004	0.010004
-5.820000	0.010023	0.010023
-5.810000	0.010042	0.010042
-5.800000	0.010062	0.010062
-5.790000	0.010082	0.010082
-5.780000	0.010101	0.010101
-5.770000	0.010121	0.010121
-5.760000	0.010140	0.010140
-5.750000	0.010160	0.010160
-5.740000	0.010180	0.010180
-5.730000	0.010200	0.010200
-5.720000	0.010219	0.010219
-5.710000	0.010239	0.010239
-5.700000	0.010259	0.010259
-5.690000	0.010279	0.010279
-5.680000	0.010299	0.010299
-5.670000	0.010319	0.010319
-5.660000	0.010339	0.010339
-5.650000	0.010359	0.010359
-5.640000	0.010379	0.010379
-5.630000	0.010399	0.010399
-5.620000	0.010419	0.010419
-5.610000	0.010439	0.010439
-5.600000	0.010460	0.010460
-5.590000	0.010480	0.010480
-5.580000	0.010500	0.010500
-5.570000	0.010520	0.010520
-5.560000	0.010541	0.010541
-5.550000	0.010561	0.010561
-5.540000	0.010581	0.010581
-5.530000	0.010602	0.010602
-5.520000	0.010622	0.010622
-5.510000	0.010643	0.010643
-5.500000	0.010663	0.010663
-5.490000	0.010684	0.010684
-5.480000	0.010705	0.010705
-5.470000	0.010725	0.010725
-5.460000	0.010746	0.010746
-5.450000	0.010766	0.010766
-5.440000	0.010787	0.010787
-5.430000	0.010808	0.010808
-5.420000	0.010829	0.010829
-5.410000	0.010850	0.010850
-5.400000	0.010870	0.010870
-5.390000	0.010891	0.010891
-5.380000	0.010912	0.010912
-5.370000	0.010933	0.010933
-5.360000	0.010954	0.010954
-5.350000	0.010975	0.010975
-5.340000	0.010996	0.010996
-5.330000	0.011017	0.011017
-5.320000	0.011039	0.011039
-5.310000	0.011060	0.011060
-5.300000	0.011081	0.011081
-5.290000	0.011102	0.011102
-5.280000	0.011123	0.011123
-5.270000	0.011145	0.011145
-5.260000	0.011166	0.011166
-5.250000	0.011187	0.011187
-5.240000	0.011209	0.011209
-5.230000	0.011230	0.011230
-5.220000	0.011252	0.011252
-5.210000	0.011273	0.011273
-5.200000	0.011295	0.011295
-5.190000	0.011316	0.011316
-5.180000	0.011338	0.011338
-5.170000	0.011360	0.011360
-5.160000	0.011381	0.011381
-5.150000	0.011403	0.011403
-5.140000	0.011425	0.011425
-5.130000	0.011446	0.011446
-5.120000	0.011468	0.011468
-5.110000	0.011490	0.011490
-5.100000	0.011512	0.011512
-5.090000	0.011534	0.011534
-5.080000	0.011556	0.011556
-5.070000	0.011578	0.011578
-5.060000	0.011600	0.011600
-5.050000	0.011622	0.011622
-5.040000	0.011644	0.011644
-5.030000	0.011666	0.011666
-5.020000	0.011688	0.011688
-5.010000	0.011710	0.011710
-5.000000	0.011733	0.011733
-4.990000	0.011755	0.011755
-4.980000	0.011777	0.011777
-4.970000	0.011799	0.011799
-4.960000	0.011822	0.011822
-4.950000	0.011844	0.011844
-4.940000	0.011867	0.011867
-4.930000	0.011889	0.011889
-4.920000	0.011912	0.011912
-4.910000	0.011934	0.011934
-4.900000	0.011957	0.011957
-4.890000	0.011979	0.011979
-4.880000	0.012002	0.012002
-4.870000	0.012025	0.012025
-4.860000	0.012047	0.012047
-4.850000	0.012070	0.012070
-4.840000	0.012093	0.012093
-4.830000	0.012116	0.012116
-4.820000	0.012138	0.012138
-4.810000	0.012161	0.012161
-4.800000	0.012184	0.012184
-4.790000	0.012207	0.012207
-4.780000	0.012230	0.012230
-4.770000	0.012253	0.012253
-4.760000	0.012276	0.012276
-4.750000	0.012299	0.012299
-4.740000	0.012322	0.012322
-4.730000	0.012345	0.012345
-4.720000	0.012369	0.012369
-4.710000	0.012392	0.012392
-4.700000	0.012415	0.012415
-4.690000	0.012438	0.012438
-4.680000	0.012462	0.012462
-4.670000	0.012485	0.012485
-4.660000	0.012508	0.012508
-4.650000	0.012532	0.012532
-4.640000	0.012555	0.012555
-4.630000	0.012579	0.012579
-4.620000	0.012602	0.012602
-4.610000	0.012626	0.012626
-4.600000	0.012649	0.012649
-4.590000	0.012673	0.012673
-4.580000	0.012697	0.012697
-4.570000	0.012720	0.012720
-4.560000	0.012744	0.012744
-4.550000	0.012768	0.012768
-4.540000	0.012791	0.012791
-4.530000	0.012815	0.012815
-4.520000	0.012839	0.012839
-4.510000	0.012863	0.012863
-4.500000	0.012887	0.012887
-4.490000	0.012911	0.012911
-4.480000	0.012935	0.012935
-4.470000	0.012959	0.012959
-4.460000	0.012983	0.012983
-4.450000	0.013007	0.013007
-4.440000	0.013031	0.013031
-4.430000	0.013055	0.013055
-4.420000	0.013080	0.013080
-4.410000	0.013104	0.013104
-4.400000	0.013128	0.013128
-4.390000	0.013152	0.013152
-4.380000	0.013177	0.013177
-4.370000	0.013201	0.013201
-4.360000	0.013225	0.013225
-4.350000	0.013250	0.013250
-4.340000	0.013274	0.013274
-4.330000	0.013299	0.013299
-4.320000	0.013323	0.013323
-4.310000	0.013348	0.013348
-4.300000	0.013373	0.013373
-4.290000	0.013397	0.013397
-4.280000	0.013422	0.013422
-4.270000	0.013447	0.013447
-4.260000	0.013471	0.013471
-4.250000	0.013496	0.013496
-4.240000	0.013521	0.013521
-4.230000	0.013546	0.013546
-4.220000	0.013571	0.013571
-4.210000	0.013596	0.013596
-4.200000	0.013621	0.013621
-4.190000	0.013645	0.013645
-4.180000	0.013671	0.013671
-4.170000	0.013696	0.013696
-4.160000	0.013721	0.013721
-4.150000	0.013746	0.013746
-4.140000	0.013771	0.013771
-4.130000	0.013796	0.013796
-4.120000	0.013821	0.013821
-4.110000	0.013847	0.013847
-4.100000	0.013872	0.013872
-4.090000	0.013897	0.013897
-4.080000	0.013922	0.013922
-4.070000	0.013948	0.013948
-4.060000	0.013973	0.013973
-4.050000	0.013999	0.013999
-4.040000	0.014024	0.014024
-4.030000	0.014050	0.014050
-4.020000	0.014075	0.014075
-4.010000	0.014101	0.014101
-4.000000	0.014127	0.014127
-3.990000	0.014152	0.014152
-3.980000	0.014178	0.014178
-3.970000	0.014204	0.014204
-3.960000	0.014229	0.014229
-3.950000	0.014255	0.014255
-3.940000	0.014281	0.014281
-3.930000	0.014307	0.014307
-3.920000	0.014333	0.014333
-3.910000	0.014359	0.014359
-3.900000	0.014385	0.014385
-3.890000	0.014411	0.014411
-3.880000	0.014437	0.014437
-3.870000	0.014463	0.014463
-3.860000	0.014489	0.014489
-3.850000	0.014515	0.014515
-3.840000	0.014541	0.014541
-3.830000	0.014567	0.014567
-3.820000	0.014593	0.014593
-3.810000	0.014620	0.014620
-3.800000	0.014646	0.014646
-3.790000	0.014672	0.014672
-3.780000	0.014699	0.014699
-3.770000	0.014725	0.014725
-3.760000	0.014751	0.014751
-3.750000	0.014778	0.014778
-3.740000	0.014804	0.014804
-3.730000	0.014831	0.014831
-3.720000	0.014858	0.014858
-3.710000	0.014884	0.014884
-3.700000	0.014911	0.014911
-3.690000	0.014937	0.014937
-3.680000	0.014964	0.014964
-3.670000	0.014991	0.014991
-3.660000	0.015018	0.015018
-3.650000	0.015044	0.015044
-3.640000	0.015071	0.015071
-3.630000	0.015098	0.015098
-3.620000	0.015125	0.015125
-3.610000	0.015152	0.015152
-3.600000	0.015179	0.015179
-3.590000	0.015206	0.015206
-3.580000	0.015233	0.015233
-3.570000	0.015260	0.015260
-3.560000	0.015287	0.015287
-3.550000	0.015314	0.015314
-3.540000	0.015341	0.015341
-3.530000	0.015368	0.015368
-3.520000	0.015396	0.015396
-3.510000	0.015423	0.015423
-3.500000	0.015450	0.015450
-3.490000	0.015477	0.015477
-3.480000	0.015505	0.015505
-3.470000	0.015532	0.015532
-3.460000	0.015559	0.015559
-3.450000	0.015587	0.015587
-3.440000	0.015614	0.015614
-3.430000	0.015642	0.015642
-3.420000	0.015669	0.015669
-3.410000	0.015697	0.015697
-3.400000	0.015725	0.015725
-3.390000	0.015752	0.015752
-3.380000	0.015780	0.015780
-3.370000	0.015808	0.015808
-3.360000	0.015835	0.015835
-3.350000	0.015863	0.015863
-3.340000	0.015891	0.015891
-3.330000	0.015919	0.015919
-3.320000	0.015947	0.015947
-3.310000	0.015974	0.015974
-3.300000	0.016002	0.016002
-3.290000	0.016030	0.016030
-3.280000	0.016058	0.016058
-3.270000	0.016086	0.016086
-3.260000	0.016114	0.016114
-3.250000	0.016142	0.016142
-3.240000	0.016171	0.016171
-3.230000	0.016199	0.016199
-3.220000	0.016227	0.016227
-3.210000	0.016255	0.016255
-3.200000	0.016283	0.016283
-3.190000	0.016312	0.016312
-3.180000	0.016340	0.016340
-3.170000	0.016368	0.016368
-3.160000	0.016397	0.016397
-3.150000	0.016425	0.016425
-3.140000	0.016453	0.016453
-3.130000	0.016482	0.016482
-3.120000	0.016510	0.016510
-3.110000	0.016539	0.016539
-3.100000	0.016567	0.016567
-3.090000	0.016596	0.016596
-3.080000	0.016625	0.016625
-3.070000	0.016653	0.016653
-3.060000	0.016682	0.016682
-3.050000	0.016711	0.016711
-3.040000	0.016739	0.016739
-3.030000	0.016768	0.016768
-3.020000	0.016797	0.016797
-3.010000	0.016826	0.016826
-3.000000	0.016855	0.016855
-2.990000	0.016884	0.016884
-2.980000	0.016912	0.016912
-2.970000	0.016941	0.016941
-2.960000	0.016970	0.016970
-2.950000	0.016999	0.016999
-2.940000	0.017028	0.017028
-2.930000	0.017058	0.017058
-2.920000	0.017087	0.017087
-2.910000	0.017116	0.017116
-2.900000	0.017145	0.017145
-2.890000	0.017174	0.017174
-2.880000	0.017203	0.017203
-2.870000	0.017233	0.017233
-2.860000	0.017262	0.017262
-2.850000	0.017291	0.017291
-2.840000	0.017321	0.017321
-2.830000	0.017350	0.017350
-2.820000	0.017379	0.017379
-2.810000	0.017409	0.017409
-2.800000	0.017438	0.017438
-2.790000	0.017468	0.017468
-2.780000	0.017497	0.017497
-2.770000	0.017527	0.017527
-2.760000	0.017556	0.017556
-2.750000	0.017586	0.017586
-2.740000	0.017616	0.017616
-2.730000	0.017645	0.017645
-2.720000	0.017675	0.017675
-2.710000	0.017705	0.017705
-2.700000	0.017734	0.017734
-2.690000	0.017764	0.017764
-2.680000	0.017794	0.017794
-2.670000	0.017824	0.017824
-2.660000	0.017854	0.017854
-2.650000	0.017884	0.017884
-2.640000	0.017914	0.017914
-2.630000	0.017944	0.017944
-2.620000	0.017974	0.017974
-2.610000	0.018004	0.018004
-2.600000	0.018034	0.018034
-2.590000	0.018064	0.018064
-2.580000	0.018094	0.018094
-2.570000	0.018124	0.018124
-2.560000	0.018154	0.018154
-2.550000	0.018184	0.018184
-2.540000	0.018214	0.018214
-2.530000	0.018245	0.018245
-2.520000	0.018275	0.018275
-2.510000	0.018305	0.018305
-2.500000	0.018336	0.018336
-2.490000	0.018366	0.018366
-2.480000	0.018396	0.018396
-2.470000	0.018427	0.018427
-2.460000	0.018457	0.018457
-2.450000	0.018488	0.018488
-2.440000	0.018518	0.018518
-2.430000	0.018549	0.018549
-2.420000	0.018579	0.018579
-2.410000	0.018610	0.018610
-2.400000	0.018640	0.018640
-2.390000	0.018671	0.018671
-2.380000	0.018702	0.018702
-2.370000	0.018732	0.018732
-2.360000	0.018763	0.018763
-2.350000	0.018794	0.018794
-2.340000	0.018825	0.018825
-2.330000	0.018855	0.018855
-2.320000	0.018886	0.018886
-2.310000	0.018917	0.018917
-2.300000	0.018948	0.018948
-2.290000	0.018979	0.018979
-2.280000	0.019010	0.019010
-2.270000	0.019041	0.019041
-2.260000	0.019072	0.019072
-2.250000	0.019103	0.019103
-2.240000	0.019134	0.019134
-2.230000	0.019165	0.019165
-2.220000	0.019196	0.019196
-2.210000	0.019227	0.019227
-2.200000	0.019258	0.019258
-2.190000	0.019289	0.019289
-2.180000	0.019320	0.019320
-2.170000	0.019352	0.019352
-2.160000	0.019383	0.019383
-2.150000	0.019414	0.019414
-2.140000	0.019445	0.019445
-2.130000	0.019477	0.019477
-2.120000	0.019508	0.019508
-2.110000	0.019539	0.019539
-2.100000	0.019571	0.019571
-2.090000	0.019602	0.019602
-2.080000	0.019634	0.019634
-2.070000	0.019665	0.019665
-2.060000	0.019697	0.019697
-2.050000	0.019728	0.019728
-2.040000	0.019760	0.019760
-2.030000	0.019791	0.019791
-2.020000	0.019823	0.019823
-2.010000	0.019854	0.019854
-2.000000	0.019886	0.019886
-1.990000	0.019918	0.019918
-1.980000	0.019949	0.019949
-1.970000	0.019981	0.019981
-1.960000	0.020013	0.020013
-1.950000	0.020045	0.020045
-1.940000	0.020076	0.020076
-1.930000	0.020108	0.020108
-1.920000	0.020140	0.020140
-1.910000	0.020172	0.020172
-1.900000	0.020204	0.020204
-1.890000	0.020236	0.020236
-1.880000	0.020268	0.020268
-1.870000	0.020300	0.020300
-1.860000	0.020332	0.020332
-1.850000	0.020364	0.020364
-1.840000	0.020396	0.020396
-1.830000	0.020428	0.020428
-1.820000	0.020460	0.020460
-1.810000	0.020492	0.020492
-1.800000	0.020524	0.020524
-1.790000	0.020556	0.020556
-1.780000	0.020588	0.020588
-1.770000	0.020620	0.020620
-1.760000	0.020653	0.020653
-1.750000	0.020685	0.020685
-1.740000	0.020717	0.020717
-1.730000	0.020749	0.020749
-1.720000	0.020782	0.020782
-1.710000	0.020814	0.020814
-1.700000	0.020846	0.020846
-1.690000	0.020879	0.020879
-1.680000	0.020911	0.020911
-1.670000	0.020944	0.020944
-1.660000	0.020976	0.020976
-1.650000	0.021008	0.021008
-1.640000	0.021041	0.021041
-1.630000	0.021073	0.021073
-1.620000	0.021106	0.021106
-1.610000	0.021138	0.021138
-1.600000	0.021171	0.021171
-1.590000	0.021204	0.021204
-1.580000	0.021236	0.021236
-1.570000	0.021269	0.021269
-1.560000	0.021301	0.021301
-1.550000	0.021334	0.021334
-1.540000	0.021367	0.021367
-1.530000	0.021400	0.021400
-1.520000	0.021432	0.021432
-1.510000	0.021465	0.021465
-1.500000	0.021498	0.021498
-1.490000	0.021531	0.021531
-1.480000	0.021563	0.021563
-1.470000	0.021596	0.021596
-1.460000	0.021629	0.021629
-1.450000	0.021662	0.021662
-1.440000	0.021695	0.021695
-1.430000	0.021728	0.021728
-1.420000	0.021761	0.021761
-1.410000	0.021794	0.021794
-1.400000	0.021827	0.021827
-1.390000	0.021860	0.021860
-1.380000	0.021893	0.021893
-1.370000	0.021926	0.021926
-1.360000	0.021959	0.021959
-1.350000	0.021992	0.021992
-1.340000	0.022025	0.022025
-1.330000	0.022058	0.022058
-1.320000	0.022091	0.022091
-1.310000	0.022124	0.022124
-1.300000	0.022157	0.022157
-1.290000	0.022190	0.022190
-1.280000	0.022224	0.022224
-1.270000	0.022257	0.022257
-1.260000	0.022290	0.022290
-1.250000	0.022323	0.022323
-1.240000	0.022357	0.022357
-1.230000	0.022390	0.022390
-1.220000	0.022423	0.022423
-1.210000	0.022457	0.022457
-1.200000	0.022490	0.022490
-1.190000	0.022523	0.022523
-1.180000	0.022557	0.022557
-1.170000	0.022590	0.022590
-1.160000	0.022623	0.022623
-1.150000	0.022657	0.022657
-1.140000	0.022690	0.022690
-1.130000	0.022724	0.022724
-1.120000	0.022757	0.022757
-1.110000	0.022791	0.022791
-1.100000	0.022824	0.022824
-1.090000	0.022858	0.022858
-1.080000	0.022891	0.022891
-1.070000	0.022925	0.022925
-1.060000	0.022958	0.022958
-1.050000	0.022992	0.022992
-1.040000	0.023026	0.023026
-1.030000	0.023059	0.023059
-1.020000	0.023093	0.023093
-1.010000	0.023126	0.023126
-1.000000	0.023160	0.023160
-0.990000	0.023194	0.023194
-0.980000	0.023227	0.023227
-0.970000	0.023261	0.023261
-0.960000	0.023295	0.023295
-0.950000	0.023329	0.023329
-0.940000	0.023362	0.023362
-0.930000	0.023396	0.023396
-0.920000	0.023430	0.023430
-0.910000	0.023464	0.023464
-0.900000	0.023498	0.023498
-0.890000	0.023531	0.023531
-0.880000	0.023565	0.023565
-0.870000	0.023599	0.023599
-0.860000	0.023633	0.023633
-0.850000	0.023667	0.023667
-0.840000	0.023701	0.023701
-0.830000	0.023735	0.023735
-0.820000	0.023769	0.023769
-0.810000	0.023803	0.023803
-0.800000	0.023837	0.023837
-0.790000	0.023871	0.023871
-0.780000	0.023904	0.023904
-0.770000	0.023938	0.023938
-0.760000	0.023972	0.023972
-0.750000	0.024007	0.024007
-0.740000	0.024041	0.024041
-0.730000	0.024075	0.024075
-0.720000	0.024109	0.024109
-0.710000	0.024143	0.024143
-0.700000	0.024177	0.024177
-0.690000	0.024211	0.024211
-0.680000	0.024245	0.024245
-0.670000	0.024279	0.024279
-0.660000	0.024313	0.024313
-0.650000	0.024347	0.024347
-0.640000	0.024382	0.024382
-0.630000	0.024416	0.024416
-0.620000	0.024450	0.024450
-0.610000	0.024484	0.024484
-0.600000	0.024518	0.024518
-0.590000	0.024553	0.024553
-0.580000	0.024587	0.024587
-0.570000	0.024621	0.024621
-0.560000	0.024655	0.024655
-0.550000	0.024689	0.024689
-0.540000	0.024724	0.024724
-0.530000	0.024758	0.024758
-0.520000	0.024792	0.024792
-0.510000	0.024827	0.024827
-0.500000	0.024861	0.024861
-0.490000	0.024895	0.024895
-0.480000	0.024930	0.024930
-0.470000	0.024964	0.024964
-0.460000	0.024998	0.024998
-0.450000	0.025033	0.025033
-0.440000	0.025067	0.025067
-0.430000	0.025101	0.025101
-0.420000	0.025136	0.025136
-0.410000	0.025170	0.025170
-0.400000	0.025205	0.025205
-0.390000	0.025239	0.025239
-0.380000	0.025273	0.025273
-0.370000	0.025308	0.025308
-0.360000	0.025342	0.025342
-0.350000	0.025377	0.025377
-0.340000	0.025411	0.025411
-0.330000	0.025446	0.025446
-0.320000	0.025480	0.025480
-0.310000	0.025514	0.025514
-0.300000	0.025549	0.025549
-0.290000	0.025583	0.025583
-0.280000	0.025618	0.025618
-0.270000	0.025652	0.025652
-0.260000	0.025687	0.025687
-0.250000	0.025722	0.025722
-0.240000	0.025756	0.025756
-0.230000	0.025791	0.025791
-0.220000	0.025825	0.025825
-0.210000	0.025860	0.025860
-0.200000	0.025894	0.025894
-0.190000	0.025929	0.025929
-0.180000	0.025963	0.025963
-0.170000	0.025998	0.025998
-0.160000	0.026032	0.026032
-0.150000	0.026067	0.026067
-0.140000	0.026102	0.026102
-0.130000	0.026136	0.026136
-0.120000	0.026171	0.026171
-0.110000	0.026205	0.026205
-0.100000	0.026240	0.026240
-0.090000	0.026275	0.026275
-0.080000	0.026309	0.026309
-0.070000	0.026344	0.026344
-0.060000	0.026379	0.026379
-0.050000	0.026413	0.026413
-0.040000	0.026448	0.026448
-0.030000	0.026483	0.026483
-0.020000	0.026517	0.026517
-0.010000	0.026552	0.026552
-0.000000	0.026586	0.026586
0.010000	0.026621	0.026621
0.020000	0.026656	0.026656
0.030000	0.026690	0.026690
0.040000	0.026725	0.026725
0.050000	0.026760	0.026760
0.060000	0.026795	0.026795
0.070000	0.026829	0.026829
0.080000	0.026864	0.026864
0.090000	0.026899	0.026899
0.100000	0.026933	0.026933
0.110000	0.026968	0.026968
0.120000	0.027003	0.027003
0.130000	0.027037	0.027037
0.140000	0.027072	0.027072
0.150000	0.027107	0.027107
0.160000	0.027141	0.027141
0.170000	0.027176	0.027176
0.180000	0.027211	0.027211
0.190000	0.027246	0.027246
0.200000	0.027280	0.027280
0.210000	0.027315	0.027315
0.220000	0.027350	0.027350
0.230000	0.027384	0.027384
0.240000	0.027419	0.027419
0.250000	0.027454	0.027454
0.260000	0.027489	0.027489
0.270000	0.027523	0.027523
0.280000	0.027558	0.027558
0.290000	0.027593	0.027593
0.300000	0.027628	0.027628
0.310000	0.027662	0.027662
0.320000	0.027697	0.027697
0.330000	0.027732	0.027732
0.340000	0.027766	0.027766
0.350000	0.027801	0.027801
0.360000	0.027836	0.027836
0.370000	0.027871	0.027871
0.380000	0.027905	0.027905
0.390000	0.027940	0.027940
0.400000	0.027975	0.027975
0.410000	0.028009	0.028009
0.420000	0.028044	0.028044
0.430000	0.028079	0.028079
0.440000	0.028114	0.028114
0.450000	0.028148	0.028148
0.460000	0.028183	0.028183
0.470000	0.028218	0.028218
0.480000	0.028252	0.028252
0.490000	0.028287	0.028287
0.500000	0.028322	0.028322
0.510000	0.028357	0.028357
0.520000	0.028391	0.028391
0.530000	0.028426	0.028426
0.540000	0.028461	0.028461
0.550000	0.028495	0.028495
0.560000	0.028530	0.028530
0.570000	0.028565	0.028565
0.580000	0.028599	0.028599
0.590000	0.028634	0.028634
0.600000	0.028669	0.028669
0.610000	0.028703	0.028703
0.620000	0.028738	0.028738
0.630000	0.028773	0.028773
0.640000	0.028807	0.028807
0.650000	0.028842	0.028842
0.660000	0.028877	0.028877
0.670000	0.028911	0.028911
0.680000	0.028946	0.028946
0.690000	0.028981	0.028981
0.700000	0.029015	0.029015
0.710000	0.029050	0.029050
0.720000	0.029084	0.029084
0.730000	0.029119	0.029119
0.740000	0.029154	0.029154
0.750000	0.029188	0.029188
0.760000	0.029223	0.029223
0.770000	0.029257	0.029257
0.780000	0.029292	0.029292
0.790000	0.029327	0.029327
0.800000	0.029361	0.029361
0.810000	0.029396	0.029396
0.820000	0.029430	0.029430
0.830000	0.029465	0.029465
0.840000	0.029499	0.029499
0.850000	0.029534	0.029534
0.860000	0.029569	0.029569
0.870000	0.029603	0.029603
0.880000	0.029638	0.029638
0.890000	0.029672	0.029672
0.900000	0.029707	0.029707
0.910000	0.029741	0.029741
0.920000	0.029776	0.029776
0.930000	0.029810	0.029810
0.940000	0.029845	0.029845
0.950000	0.029879	0.029879
0.960000	0.029913	0.029913
0.970000	0.029948	0.029948
0.980000	0.029982	0.029982
0.990000	0.030017	0.030017
1.000000	0.030051	0.030051
1.010000	0.030086	0.030086
1.020000	0.030120	0.030120
1.030000	0.030154	0.030154
1.040000	0.030189	0.030189
1.050000	0.030223	0.030223
1.060000	0.030258	0.030258
1.070000	0.030292	0.030292
1.080000	0.030326	0.030326
1.090000	0.030361	0.030361
1.100000	0.030395	0.030395
1.110000	0.030429	0.030429
1.120000	0.030464	0.030464
1.130000	0.030498	0.030498
1.140000	0.030532	0.030532
1.150000	0.030566	0.030566
1.160000	0.030601	0.030601
1.170000	0.030635	0.030635
1.180000	0.030669	0.030669
1.190000	0.030703	0.030703
1.200000	0.030738	0.030738
1.210000	0.030772	0.030772
1.220000	0.030806	0.030806
1.230000	0.030840	0.030840
1.240000	0.030874	0.030874
1.250000	0.030908	0.030908
1.260000	0.030943	0.030943
1.270000	0.030977	0.030977
1.280000	0.031011	0.031011
1.290000	0.031045	0.031045
1.300000	0.031079	0.031079
1.310000	0.031113	0.031113
1.320000	0.031147	0.031147
1.330000	0.031181	0.031181
1.340000	0.031215	0.031215
1.350000	0.031249	0.031249
1.360000	0.031283	0.031283
1.370000	0.031317	0.031317
1.380000	0.031351	0.031351
1.390000	0.031385	0.031385
1.400000	0.031419	0.031419
1.410000	0.031453	0.031453
1.420000	0.031487	0.031487
1.430000	0.031521	0.031521
1.440000	0.031555	0.031555
1.450000	0.031589	0.031589
1.460000	0.031623	0.031623
1.470000	0.031657	0.031657
1.480000	0.031690	0.031690
1.490000	0.031724	0.031724
1.500000	0.031758	0.031758
1.510000	0.031792	0.031792
1.520000	0.031826	0.031826
1.530000	0.031859	0.031859
1.540000	0.031893	0.031893
1.550000	0.031927	0.031927
1.560000	0.031961	0.031961
1.570000	0.031994	0.031994
1.580000	0.032028	0.032028
1.590000	0.032062	0.032062
1.600000	0.032095	0.032095
1.610000	0.032129	0.032129
1.620000	0.032163	0.032163
1.630000	0.032196	0.032196
1.640000	0.032230	0.032230
1.650000	0.032263	0.032263
1.660000	0.032297	0.032297
1.670000	0.032330	0.032330
1.680000	0.032364	0.032364
1.690000	0.032397	0.032397
1.700000	0.032431	0.032431
1.710000	0.032464	0.032464
1.720000	0.032498	0.032498
1.730000	0.032531	0.032531
1.740000	0.032565	0.032565
1.750000	0.032598	0.032598
1.760000	0.032631	0.032631
1.770000	0.032665	0.032665
1.780000	0.032698	0.032698
1.790000	0.032731	0.032731
1.800000	0.032765	0.032765
1.810000	0.032798	0.032798
1.820000	0.032831	0.032831
1.830000	0.032864	0.032864
1.840000	0.032898	0.032898
1.850000	0.032931	0.032931
1.860000	0.032964	0.032964
1.870000	0.032997	0.032997
1.880000	0.033030	0.033030
1.890000	0.033063	0.033063
1.900000	0.033096	0.033096
1.910000	0.033129	0.033129
1.920000	0.033162	0.033162
1.930000	0.033196	0.033196
1.940000	0.033229	0.033229
1.950000	0.033261	0.033261
1.960000	0.033294	0.033294
1.970000	0.033327	0.033327
1.980000	0.033360	0.033360
1.990000	0.033393	0.033393
2.000000	0.033426	0.033426
2.010000	0.033459	0.033459
2.020000	0.033492	0.033492
2.030000	0.033525	0.033525
2.040000	0.033557	0.033557
2.050000	0.033590	0.033590
2.060000	0.033623	0.033623
2.070000	0.033656	0.033656
2.080000	0.033688	0.033688
2.090000	0.033721	0.033721
2.100000	0.033754	0.033754
2.110000	0.033786	0.033786
2.120000	0.033819	0.033819
2.130000	0.033851	0.033851
2.140000	0.033884	0.033884
2.150000	0.033916	0.033916
2.160000	0.033949	0.033949
2.170000	0.033981	0.033981
2.180000	0.034014	0.034014
2.190000	0.034046	0.034046
2.200000	0.034079	0.034079
2.210000	0.034111	0.034111
2.220000	0.034143	0.034143
2.230000	0.034176	0.034176
2.240000	0.034208	0.034208
2.250000	0.034240	0.034240
2.260000	0.034273	0.034273
2.270000	0.034305	0.034305
2.280000	0.034337	0.034337
2.290000	0.034369	0.034369
2.300000	0.034401	0.034401
2.310000	0.034434	0.034434
2.320000	0.034466	0.034466
2.330000	0.034498	0.034498
2.340000	0.034530	0.034530
2.350000	0.034562	0.034562
2.360000	0.034594	0.034594
2.370000	0.034626	0.034626
2.380000	0.034658	0.034658
2.390000	0.034690	0.034690
2.400000	0.034722	0.034722
2.410000	0.034753	0.034753
2.420000	0.034785	0.034785
2.430000	0.034817	0.034817
2.440000	0.034849	0.034849
2.450000	0.034881	0.034881
2.460000	0.034912	0.034912
2.470000	0.034944	0.034944
2.480000	0.034976	0.034976
2.490000	0.035007	0.035007
2.500000	0.035039	0.035039
2.510000	0.035071	0.035071
2.520000	0.035102	0.035102
2.530000	0.035134	0.035134
2.540000	0.035165	0.035165
2.550000	0.035197	0.035197
2.560000	0.035228	0.035228
2.570000	0.035260	0.035260
2.580000	0.035291	0.035291
2.590000	0.035322	0.035322
2.600000	0.035354	0.035354
2.610000	0.035385	0.035385
2.620000	0.035416	0.035416
2.630000	0.035447	0.035447
2.640000	0.035479	0.035479
2.650000	0.035510	0.035510
2.660000	0.035541	0.035541
2.670000	0.035572	0.035572
2.680000	0.035603	0.035603
2.690000	0.035634	0.035634
2.700000	0.035665	0.035665
2.710000	0.035696	0.035696
2.720000	0.035727	0.035727
2.730000	0.035758	0.035758
2.740000	0.035789	0.035789
2.750000	0.035820	0.035820
2.760000	0.035851	0.035851
2.770000	0.035882	0.035882
2.780000	0.035912	0.035912
2.790000	0.035943	0.035943
2.800000	0.035974	0.035974
2.810000	0.036005	0.036005
2.820000	0.036035	0.036035
2.830000	0.036066	0.036066
2.840000	0.036096	0.036096
2.850000	0.036127	0.036127
2.860000	0.036157	0.036157
2.870000	0.036188	0.036188
2.880000	0.036218	0.036218
2.890000	0.036249	0.036249
2.900000	0.036279	0.036279
2.910000	0.036310	0.036310
2.920000	0.036340	0.036340
2.930000	0.036370	0.036370
2.940000	0.036400	0.036400
2.950000	0.036431	0.036431
2.960000	0.036461	0.036461
2.970000	0.036491	0.036491
2.980000	0.036521	0.036521
2.990000	0.036551	0.036551
3.000000	0.036581	0.036581
3.010000	0.036611	0.036611
3.020000	0.036641	0.036641
3.030000	0.036671	0.036671
3.040000	0.036701	0.036701
3.050000	0.036731	0.036731
3.060000	0.036761	0.036761
3.070000	0.036791	0.036791
3.080000	0.036821	0.036821
3.090000	0.036850	0.036850
3.100000	0.036880	0.036880
3.110000	0.036910	0.036910
3.120000	0.036939	0.036939
3.130000	0.036969	0.036969
3.140000	0.036999	0.036999
3.150000	0.037028	0.037028
3.160000	0.037058	0.037058
3.170000	0.037087	0.037087
3.180000	0.037117	0.037117
3.190000	0.037146	0.037146
3.200000	0.037175	0.037175
3.210000	0.037205	0.037205
3.220000	0.037234	0.037234
3.230000	0.037263	0.037263
3.240000	0.037292	0.037292
3.250000	0.037322	0.037322
3.260000	0.037351	0.037351
3.270000	0.037380	0.037380
3.280000	0.037409	0.037409
3.290000	0.037438	0.037438
3.300000	0.037467	0.037467
3.310000	0.037496	0.037496
3.320000	0.037525	0.037525
3.330000	0.037554	0.037554
3.340000	0.037582	0.037582
3.350000	0.037611	0.037611
3.360000	0.037640	0.037640
3.370000	0.037669	0.037669
3.380000	0.037697	0.037697
3.390000	0.037726	0.037726
3.400000	0.037755	0.037755
3.410000	0.037783	0.037783
3.420000	0.037812	0.037812
3.430000	0.037840	0.037840
3.440000	0.037869	0.037869
3.450000	0.037897	0.037897
3.460000	0.037926	0.037926
3.470000	0.037954	0.037954
3.480000	0.037982	0.037982
3.490000	0.038011	0.038011
3.500000	0.038039	0.038039
3.510000	0.038067	0.038067
3.520000	0.038095	0.038095
3.530000	0.038123	0.038123
3.540000	0.038151	0.038151
3.550000	0.038179	0.038179
3.560000	0.038207	0.038207
3.570000	0.038235	0.038235
3.580000	0.038263	0.038263
3.590000	0.038291	0.038291
3.600000	0.038319	0.038319
3.610000	0.038347	0.038347
3.620000	0.038374	0.038374
3.630000	0.038402	0.038402
3.640000	0.038430	0.038430
3.650000	0.038457	0.038457
3.660000	0.038485	0.038485
3.670000	0.038513	0.038513
3.680000	0.038540	0.038540
3.690000	0.038568	0.038568
3.700000	0.038595	0.038595
3.710000	0.038622	0.038622
3.720000	0.038650	0.038650
3.730000	0.038677	0.038677
3.740000	0.038704	0.038704
3.750000	0.038731	0.038731
3.760000	0.038759	0.038759
3.770000	0.038786	0.038786
3.780000	0.038813	0.038813
3.790000	0.038840	0.038840
3.800000	0.038867	0.038867
3.810000	0.038894	0.038894
3.820000	0.038921	0.038921
3.830000	0.038948	0.038948
3.840000	0.038975	0.038975
3.850000	0.039001	0.039001
3.860000	0.039028	0.039028
3.870000	0.039055	0.039055
3.880000	0.039081	0.039081
3.890000	0.039108	0.039108
3.900000	0.039135	0.039135
3.910000	0.039161	0.039161
3.920000	0.039188	0.039188
3.930000	0.039214	0.039214
3.940000	0.039241	0.039241
3.950000	0.039267	0.039267
3.960000	0.039293	0.039293
3.970000	0.039320	0.039320
3.980000	0.039346	0.039346
3.990000	0.039372	0.039372
4.000000	0.039398	0.039398
4.010000	0.039424	0.039424
4.020000	0.039450	0.039450
4.030000	0.039476	0.039476
4.040000	0.039502	0.039502
4.050000	0.039528	0.039528
4.060000	0.039554	0.039554
4.070000	0.039580	0.039580
4.080000	0.039606	0.039606
4.090000	0.039631	0.039631
4.100000	0.039657	0.039657
4.110000	0.039683	0.039683
4.120000	0.039708	0.039708
4.130000	0.039734	0.039734
4.140000	0.039760	0.039760
4.150000	0.039785	0.039785
4.160000	0.039810	0.039810
4.170000	0.039836	0.039836
4.180000	0.039861	0.039861
4.190000	0.039886	0.039886
4.200000	0.039912	0.039912
4.210000	0.039937	0.039937
4.220000	0.039962	0.039962
4.230000	0.039987	0.039987
4.240000	0.040012	0.040012
4.250000	0.040037	0.040037
4.260000	0.040062	0.040062
4.270000	0.040087	0.040087
4.280000	0.040112	0.040112
4.290000	0.040137	0.040137
4.300000	0.040162	0.040162
4.310000	0.040186	0.040186
4.320000	0.040211	0.040211
4.330000	0.040236	0.040236
4.340000	0.040260	0.040260
4.350000	0.040285	0.040285
4.360000	0.040310	0.040310
4.370000	0.040334	0.040334
4.380000	0.040358	0.040358
4.390000	0.040383	0.040383
4.400000	0.040407	0.040407
4.410000	0.040431	0.040431
4.420000	0.040456	0.040456
4.430000	0.040480	0.040480
4.440000	0.040504	0.040504
4.450000	0.040528	0.040528
4.460000	0.040552	0.040552
4.470000	0.040576	0.040576
4.480000	0.040600	0.040600
4.490000	0.040624	0.040624
4.500000	0.040648	0.040648
4.510000	0.040672	0.040672
4.520000	0.040695	0.040695
4.530000	0.040719	0.040719
4.540000	0.040743	0.040743
4.550000	0.040766	0.040766
4.560000	0.040790	0.040790
4.570000	0.040813	0.040813
4.580000	0.040837	0.040837
4.590000	0.040860	0.040860
4.600000	0.040884	0.040884
4.610000	0.040907	0.040907
4.620000	0.040930	0.040930
4.630000	0.040954	0.040954
4.640000	0.040977	0.040977
4.650000	0.041000	0.041000
4.660000	0.041023	0.041023
4.670000	0.041046	0.041046
4.680000	0.041069	0.041069
4.690000	0.041092	0.041092
4.700000	0.041115	0.041115
4.710000	0.041138	0.041138
4.720000	0.041160	0.041160
4.730000	0.041183	0.041183
4.740000	0.041206	0.041206
4.750000	0.041228	0.041228
4.760000	0.041251	0.041251
4.770000	0.041274	0.041274
4.780000	0.041296	0.041296
4.790000	0.041318	0.041318
4.800000	0.041341	0.041341
4.810000	0.041363	0.041363
4.820000	0.041386	0.041386
4.830000	0.041408	0.041408
4.840000	0.041430	0.041430
4.850000	0.041452	0.041452
4.860000	0.041474	0.041474
4.870000	0.041496	0.041496
4.880000	0.041518	0.041518
4.890000	0.041540	0.041540
4.900000	0.041562	0.041562
4.910000	0.041584	0.041584
4.920000	0.041606	0.041606
4.930000	0.041627	0.041627
4.940000	0.041649	0.041649
4.950000	0.041671	0.041671
4.960000	0.041692	0.041692
4.970000	0.041714	0.041714
4.980000	0.041735	0.041735
4.990000	0.041757	0.041757
5.000000	0.041778	0.041778
5.010000	0.041799	0.041799
5.020000	0.041821	0.041821
5.030000	0.041842	0.041842
5.040000	0.041863	0.041863
5.050000	0.041884	0.041884
5.060000	0.041905	0.041905
5.070000	0.041926	0.041926
5.080000	0.041947	0.041947
5.090000	0.041968	0.041968
5.100000	0.041989	0.041989
5.110000	0.042010	0.042010
5.120000	0.042031	0.042031
5.130000	0.042051	0.042051
5.140000	0.042072	0.042072
5.150000	0.042093	0.042093
5.160000	0.042113	0.042113
5.170000	0.042134	0.042134
5.180000	0.042154	0.042154
5.190000	0.042175	0.042175
5.200000	0.042195	0.042195
5.210000	0.042215	0.042215
5.220000	0.042235	0.042235
5.230000	0.042256	0.042256
5.240000	0.042276	0.042276
5.250000	0.042296	0.042296
5.260000	0.042316	0.042316
5.270000	0.042336	0.042336
5.280000	0.042356	0.042356
5.290000	0.042376	0.042376
5.300000	0.042396	0.042396
5.310000	0.042415	0.042415
5.320000	0.042435	0.042435
5.330000	0.042455	0.042455
5.340000	0.042474	0.042474
5.350000	0.042494	0.042494
5.360000	0.042513	0.042513
5.370000	0.042533	0.042533
5.380000	0.042552	0.042552
5.390000	0.042572	0.042572
5.400000	0.042591	0.042591
5.410000	0.042610	0.042610
5.420000	0.042629	0.042629
5.430000	0.042648	0.042648
5.440000	0.042668	0.042668
5.450000	0.042687	0.042687
5.460000	0.042706	0.042706
5.470000	0.042724	0.042724
5.480000	0.042743	0.042743
5.490000	0.042762	0.042762
5.500000	0.042781	0.042781
5.510000	0.042800	0.042800
5.520000	0.042818	0.042818
5.530000	0.042837	0.042837
5.540000	0.042855	0.042855
5.550000	0.042874	0.042874
5.560000	0.042892	0.042892
5.570000	0.042911	0.042911
5.580000	0.042929	0.042929
5.590000	0.042947	0.042947
5.600000	0.042966	0.042966
5.610000	0.042984	0.042984
5.620000	0.043002	0.043002
5.630000	0.043020	0.043020
5.640000	0.043038	0.043038
5.650000	0.043056	0.043056
5.660000	0.043074	0.043074
5.670000	0.043092	0.043092
5.680000	0.043109	0.043109
5.690000	0.043127	0.043127
5.700000	0.043145	0.043145
5.710000	0.043163	0.043163
5.720000	0.043180	0.043180
5.730000	0.043198	0.043198
5.740000	0.043215	0.043215
5.750000	0.043233	0.043233
5.760000	0.043250	0.043250
5.770000	0.043267	0.043267
5.780000	0.043284	0.043284
5.790000	0.043302	0.043302
5.800000	0.043319	0.043319
5.810000	0.043336	0.043336
5.820000	0.043353	0.043353
5.830000	0.043370	0.043370
5.840000	0.043387	0.043387
5.850000	0.043404	0.043404
5.860000	0.043420	0.043420
5.870000	0.043437	0.043437
5.880000	0.043454	0.043454
5.890000	0.043471	0.043471
5.900000	0.043487	0.043487
5.910000	0.043504	0.043504
5.920000	0.043520	0.043520
5.930000	0.043537	0.043537
5.940000	0.043553	0.043553
5.950000	0.043569	0.043569
5.960000	0.043586	0.043586
5.970000	0.043602	0.043602
5.980000	0.043618	0.043618
5.990000	0.043634	0.043634
6.000000	0.043650	0.043650
6.010000	0.043666	0.043666
6.020000	0.043682	0.043682
6.030000	0.043698	0.043698
6.040000	0.043714	0.043714
6.050000	0.043729	0.043729
6.060000	0.043745	0.043745
6.070000	0.043761	0.043761
6.080000	0.043776	0.043776
6.090000	0.043792	0.043792
6.100000	0.043807	0.043807
6.110000	0.043823	0.043823
6.120000	0.043838	0.043838
6.130000	0.043853	0.043853
6.140000	0.043869	0.043869
6.150000	0.043884	0.043884
6.160000	0.043899	0.043899
6.170000	0.043914	0.043914
6.180000	0.043929	0.043929
6.190000	0.043944	0.043944
6.200000	0.043959	0.043959
6.210000	0.043974	0.043974
6.220000	0.043989	0.043989
6.230000	0.044004	0.044004
6.240000	0.044018	0.044018
6.250000	0.044033	0.044033
6.260000	0.044047	0.044047
6.270000	0.044062	0.044062
6.280000	0.044076	0.044076
6.290000	0.044091	0.044091
6.300000	0.044105	0.044105
6.310000	0.044120	0.044120
6.320000	0.044134	0.044134
6.330000	0.044148	0.044148
6.340000	0.044162	0.044162
6.350000	0.044176	0.044176
6.360000	0.044190	0.044190
6.370000	0.044204	0.044204
6.380000	0.044218	0.044218
6.390000	0.044232	0.044232
6.400000	0.044246	0.044246
6.410000	0.044260	0.044260
6.420000	0.044273	0.044273
6.430000	0.044287	0.044287
6.440000	0.044300	0.044300
6.450000	0.044314	0.044314
6.460000	0.044327	0.044327
6.470000	0.044341	0.044341
6.480000	0.044354	0.044354
6.490000	0.044368	0.044368
6.500000	0.044381	0.044381
6.510000	0.044394	0.044394
6.520000	0.044407	0.044407
6.530000	0.044420	0.044420
6.540000	0.044433	0.044433
6.550000	0.044446	0.044446
6.560000	0.044459	0.044459
6.570000	0.044472	0.044472
6.580000	0.044485	0.044485
6.590000	0.044497	0.044497
6.600000	0.044510	0.044510
6.610000	0.044523	0.044523
6.620000	0.044535	0.044535
6.630000	0.044548	0.044548
6.640000	0.044560	0.044560
6.650000	0.044573	0.044573
6.660000	0.044585	0.044585
6.670000	0.044597	0.044597
6.680000	0.044609	0.044609
6.690000	0.044622	0.044622
6.700000	0.044634	0.044634
6.710000	0.044646	0.044646
6.720000	0.044658	0.044658
6.730000	0.044670	0.044670
6.740000	0.044681	0.044681
6.750000	0.044693	0.044693
6.760000	0.044705	0.044705
6.770000	0.044717	0.044717
6.780000	0.044728	0.044728
6.790000	0.044740	0.044740
6.800000	0.044752	0.044752
6.810000	0.044763	0.044763
6.820000	0.044774	0.044774
6.830000	0.044786	0.044786
6.840000	0.044797	0.044797
6.850000	0.044808	0.044808
6.860000	0.044820	0.044820
6.870000	0.044831	0.044831
6.880000	0.044842	0.044842
6.890000	0.044853	0.044853
6.900000	0.044864	0.044864
6.910000	0.044875	0.044875
6.920000	0.044886	0.044886
6.930000	0.044896	0.044896
6.940000	0.044907	0.044907
6.950000	0.044918	0.044918
6.960000	0.044928	0.044928
6.970000	0.044939	0.044939
6.980000	0.044949	0.044949
6.990000	0.044960	0.044960
7.000000	0.044970	0.044970
7.010000	0.044981	0.044981
7.020000	0.044991	0.044991
7.030000	0.045001	0.045001
7.040000	0.045011	0.045011
7.050000	0.045021	0.045021
7.060000	0.045031	0.045031
7.070000	0.045041	0.045041
7.080000	0.045051	0.045051
7.090000	0.045061	0.045061
7.100000	0.045071	0.045071
7.110000	0.045081	0.045081
7.120000	0.045091	0.045091
7.130000	0.045100	0.045100
7.140000	0.045110	0.045110
7.150000	0.045119	0.045119
7.160000	0.045129	0.045129
7.170000	0.045138	0.045138
7.180000	0.045148	0.045148
7.190000	0.045157	0.045157
7.200000	0.045166	0.045166
7.210000	0.045175	0.045175
7.220000	0.045185	0.045185
7.230000	0.045194	0.045194
7.240000	0.045203	0.045203
7.250000	0.045212	0.045212
7.260000	0.045220	0.045220
7.270000	0.045229	0.045229
7.280000	0.045238	0.045238
7.290000	0.045247	0.045247
7.300000	0.045256	0.045256
7.310000	0.045264	0.045264
7.320000	0.045273	0.045273
7.330000	0.045281	0.045281
7.340000	0.045290	0.045290
7.350000	0.045298	0.045298
7.360000	0.045306	0.045306
7.370000	0.045315	0.045315
7.380000	0.045323	0.045323
7.390000	0.045331	0.045331
7.400000	0.045339	0.045339
7.410000	0.045347	0.045347
7.420000	0.045355	0.045355
7.430000	0.045363	0.045363
7.440000	0.045371	0.045371
7.450000	0.045379	0.045379
7.460000	0.045387	0.045387
7.470000	0.045394	0.045394
7.480000	0.045402	0.045402
7.490000	0.045410	0.045410
7.500000	0.045417	0.045417
7.510000	0.045425	0.045425
7.520000	0.045432	0.045432
7.530000	0.045439	0.045439
7.540000	0.045447	0.045447
7.550000	0.045454	0.045454
7.560000	0.045461	0.045461
7.570000	0.045468	0.045468
7.580000	0.045475	0.045475
7.590000	0.045482	0.045482
7.600000	0.045489	0.045489
7.610000	0.045496	0.045496
7.620000	0.045503	0.045503
7.630000	0.045510	0.045510
7.640000	0.045517	0.045517
7.650000	0.045523	0.045523
7.660000	0.045530	0.045530
7.670000	0.045537	0.045537
7.680000	0.045543	0.045543
7.690000	0.045550	0.045550
7.700000	0.045556	0.045556
7.710000	0.045562	0.045562
7.720000	0.045569	0.045569
7.730000	0.045575	0.045575
7.740000	0.045581	0.045581
7.750000	0.045587	0.045587
7.760000	0.045593	0.045593
7.770000	0.045599	0.045599
7.780000	0.045605	0.045605
7.790000	0.045611	0.045611
7.800000	0.045617	0.045617
7.810000	0.045623	0.045623
7.820000	0.045628	0.045628
7.830000	0.045634	0.045634
7.840000	0.045639	0.045639
7.850000	0.045645	0.045645
7.860000	0.045651	0.045651
7.870000	0.045656	0.045656
7.880000	0.045661	0.045661
7.890000	0.045667	0.045667
7.900000	0.045672	0.045672
7.910000	0.045677	0.045677
7.920000	0.045682	0.045682
7.930000	0.045687	0.045687
7.940000	0.045692	0.045692
7.950000	0.045697	0.045697
7.960000	0.045702	0.045702
7.970000	0.045707	0.045707
7.980000	0.045712	0.045712
7.990000	0.045717	0.045717
8.000000	0.045721	0.045721
8.010000	0.045726	0.045726
8.020000	0.045731	0.045731
8.030000	0.045735	0.045735
8.040000	0.045740	0.045740
8.050000	0.045744	0.045744
8.060000	0.045748	0.045748
8.070000	0.045753	0.045753
8.080000	0.045757	0.045757
8.090000	0.045761	0.045761
8.100000	0.045765	0.045765
8.110000	0.045769	0.045769
8.120000	0.045773	0.045773
8.130000	0.045777	0.045777
8.140000	0.045781	0.045781
8.150000	0.045785	0.045785
8.160000	0.045789	0.045789
8.170000	0.045792	0.045792
8.180000	0.045796	0.045796
8.190000	0.045800	0.045800
8.200000	0.045803	0.045803
8.210000	0.045807	0.045807
8.220000	0.045810	0.045810
8.230000	0.045814	0.045814
8.240000	0.045817	0.045817
8.250000	0.045820	0.045820
8.260000	0.045823	0.045823
8.270000	0.045827	0.045827
8.280000	0.045830	0.045830
8.290000	0.045833	0.045833
8.300000	0.045836	0.045836
8.310000	0.045839	0.045839
8.320000	0.045842	0.045842
8.330000	0.045844	0.045844
8.340000	0.045847	0.045847
8.350000	0.045850	0.045850
8.360000	0.045853	0.045853
8.370000	0.045855	0.045855
8.380000	0.045858	0.045858
8.390000	0.045860	0.045860
8.400000	0.045863	0.045863
8.410000	0.045865	0.045865
8.420000	0.045867	0.045867
8.430000	0.045870	0.045870
8.440000	0.045872	0.045872
8.450000	0.045874	0.045874
8.460000	0.045876	0.045876
8.470000	0.045878	0.045878
8.480000	0.045880	0.045880
8.490000	0.045882	0.045882
8.500000	0.045884	0.045884
8.510000	0.045886	0.045886
8.520000	0.045887	0.045887
8.530000	0.045889	0.045889
8.540000	0.045891	0.045891
8.550000	0.045892	0.045892
8.560000	0.045894	0.045894
8.570000	0.045895	0.045895
8.580000	0.045897	0.045897
8.590000	0.045898	0.045898
8.600000	0.045900	0.045900
8.610000	0.045901	0.045901
8.620000	0.045902	0.045902
8.630000	0.045903	0.045903
8.640000	0.045904	0.045904
8.650000	0.045905	0.045905
8.660000	0.045906	0.045906
8.670000	0.045907	0.045907
8.680000	0.045908	0.045908
8.690000	0.045909	0.045909
8.700000	0.045910	0.045910
8.710000	0.045910	0.045910
8.720000	0.045911	0.045911
8.730000	0.045912	0.045912
8.740000	0.045912	0.045912
8.750000	0.045913	0.045913
8.760000	0.045913	0.045913
8.770000	0.045913	0.045913
8.780000	0.045914	0.045914
8.790000	0.045914	0.045914
8.800000	0.045914	0.045914
8.810000	0.045914	0.045914
8.820000	0.045914	0.045914
8.830000	0.045914	0.045914
8.840000	0.045914	0.045914
8.850000	0.045914	0.045914
8.860000	0.045914	0.045914
8.870000	0.045914	0.045914
8.880000	0.045914	0.045914
8.890000	0.045914	0.045914
8.900000	0.045913	0.045913
8.910000	0.045913	0.045913
8.920000	0.045912	0.045912
8.930000	0.045912	0.045912
8.940000	0.045911	0.045911
8.950000	0.045911	0.045911
8.960000	0.045910	0.045910
8.970000	0.045909	0.045909
8.980000	0.045908	0.045908
8.990000	0.045908	0.045908
9.000000	0.045907	0.045907
9.010000	0.045906	0.045906
9.020000	0.045905	0.045905
9.030000	0.045904	0.045904
9.040000	0.045903	0.045903
9.050000	0.045901	0.045901
9.060000	0.045900	0.045900
9.070000	0.045899	0.045899
9.080000	0.045898	0.045898
9.090000	0.045896	0.045896
9.100000	0.045895	0.045895
9.110000	0.045893	0.045893
9.120000	0.045892	0.045892
9.130000	0.045890	0.045890
9.140000	0.045889	0.045889
9.150000	0.045887	0.045887
9.160000	0.045885	0.045885
9.170000	0.045883	0.045883
9.180000	0.045881	0.045881
9.190000	0.045879	0.045879
9.200000	0.045877	0.045877
9.210000	0.045875	0.045875
9.220000	0.045873	0.045873
9.230000	0.045871	0.045871
9.240000	0.045869	0.045869
9.250000	0.045867	0.045867
9.260000	0.045864	0.045864
9.270000	0.045862	0.045862
9.280000	0.045860	0.045860
9.290000	0.045857	0.045857
9.300000	0.045855	0.045855
9.310000	0.045852	0.045852
9.320000	0.045849	0.045849
9.330000	0.045847	0.045847
9.340000	0.045844	0.045844
9.350000	0.045841	0.045841
9.360000	0.045838	0.045838
9.370000	0.045836	0.045836
9.380000	0.045833	0.045833
9.390000	0.045830	0.045830
9.400000	0.045827	0.045827
9.410000	0.045823	0.045823
9.420000	0.045820	0.045820
9.430000	0.045817	0.045817
9.440000	0.045814	0.045814
9.450000	0.045810	0.045810
9.460000	0.045807	0.045807
9.470000	0.045804	0.045804
9.480000	0.045800	0.045800
9.490000	0.045797	0.045797
9.500000	0.045793	0.045793
9.510000	0.045789	0.045789
9.520000	0.045786	0.045786
9.530000	0.045782	0.045782
9.540000	0.045778	0.045778
9.550000	0.045774	0.045774
9.560000	0.045770	0.045770
9.570000	0.045766	0.045766
9.580000	0.045762	0.045762
9.590000	0.045758	0.045758
9.600000	0.045754	0.045754
9.610000	0.045750	0.045750
9.620000	0.045746	0.045746
9.630000	0.045741	0.045741
9.640000	0.045737	0.045737
9.650000	0.045733	0.045733
9.660000	0.045728	0.045728
9.670000	0.045724	0.045724
9.680000	0.045719	0.045719
9.690000	0.045715	0.045715
9.700000	0.045710	0.045710
9.710000	0.045705	0.045705
9.720000	0.045700	0.045700
9.730000	0.045696	0.045696
9.740000	0.045691	0.045691
9.750000	0.045686	0.045686
9.760000	0.045681	0.045681
9.770000	0.045676	0.045676
9.780000	0.045671	0.045671
9.790000	0.045666	0.045666
9.800000	0.045661	0.045661
9.810000	0.045655	0.045655
9.820000	0.045650	0.045650
9.830000	0.045645	0.045645
9.840000	0.045639	0.045639
9.850000	0.045634	0.045634
9.860000	0.045628	0.045628
9.870000	0.045623	0.045623
9.880000	0.045617	0.045617
9.890000	0.045612	0.045612
9.900000	0.045606	0.045606
9.910000	0.045600	0.045600
9.920000	0.045594	0.045594
9.930000	0.045588	0.045588
9.940000	0.045583	0.045583
9.950000	0.045577	0.045577
9.960000	0.045571	0.045571
9.970000	0.045565	0.045565
9.980000	0.045558	0.045558
9.990000	0.045552	0.045552
10.000000	0.045546	0.045546
