-10.000000	0.045652	0.045652
-9.990000	0.045658	0.045658
-9.980000	0.045664	0.045664
-9.970000	0.045669	0.045669
-9.960000	0.045675	0.045675
-9.950000	0.045681	0.045681
-9.940000	0.045686	0.045686
-9.930000	0.045692	0.045692
-9.920000	0.045697	0.045697
-9.910000	0.045703	0.045703
-9.900000	0.045708	0.045708
-9.890000	0.045713	0.045713
-9.880000	0.045719	0.045719
-9.870000	0.045724	0.045724
-9.860000	0.045729	0.045729
-9.850000	0.045734	0.045734
-9.840000	0.045739	0.045739
-9.830000	0.045744	0.045744
-9.820000	0.045749	0.045749
-9.810000	0.045754	0.045754
-9.800000	0.045759	0.045759
-9.790000	0.045764	0.045764
-9.780000	0.045768	0.045768
-9.770000	0.045773	0.045773
-9.760000	0.045778	0.045778
-9.750000	0.045782	0.045782
-9.740000	0.045787	0.045787
-9.730000	0.045791	0.045791
-9.720000	0.045796	0.045796
-9.710000	0.045800	0.045800
-9.700000	0.045804	0.045804
-9.690000	0.045809	0.045809
-9.680000	0.045813	0.045813
-9.670000	0.045817	0.045817
-9.660000	0.045821	0.045821
-9.650000	0.045825	0.045825
-9.640000	0.045829	0.045829
-9.630000	0.045833	0.045833
-9.620000	0.045837	0.045837
-9.610000	0.045841	0.045841
-9.600000	0.045845	0.045845
-9.590000	0.045849	0.045849
-9.580000	0.045852	0.045852
-9.570000	0.045856	0.045856
-9.560000	0.045860	0.045860
-9.550000	0.045863	0.045863
-9.540000	0.045867	0.045867
-9.530000	0.045870	0.045870
-9.520000	0.045873	0.045873
-9.510000	0.045877	0.045877
-9.500000	0.045880	0.045880
-9.490000	0.045883	0.045883
-9.480000	0.045886	0.045886
-9.470000	0.045889	0.045889
-9.460000	0.045893	0.045893
-9.450000	0.045896	0.045896
-9.440000	0.045899	0.045899
-9.430000	0.045901	0.045901
-9.420000	0.045904	0.045904
-9.410000	0.045907	0.045907
-9.400000	0.045910	0.045910
-9.390000	0.045912	0.045912
-9.380000	0.045915	0.045915
-9.370000	0.045918	0.045918
-9.360000	0.045920	0.045920
-9.350000	0.045923	0.045923
-9.340000	0.045925	0.045925
-9.330000	0.045927	0.045927
-9.320000	0.045930	0.045930
-9.310000	0.045932	0.045932
-9.300000	0.045934	0.045934
-9.290000	0.045936	0.045936
-9.280000	0.045939	0.045939
-9.270000	0.045941	0.045941
-9.260000	0.045943	0.045943
-9.250000	0.045945	0.045945
-9.240000	0.045946	0.045946
-9.230000	0.045948	0.045948
-9.220000	0.045950	0.045950
-9.210000	0.045952	0.045952
-9.200000	0.045953	0.045953
-9.190000	0.045955	0.045955
-9.180000	0.045957	0.045957
-9.170000	0.045958	0.045958
-9.160000	0.045960	0.045960
-9.150000	0.045961	0.045961
-9.140000	0.045962	0.045962
-9.130000	0.045964	0.045964
-9.120000	0.045965	0.045965
-9.110000	0.045966	0.045966
-9.100000	0.045967	0.045967
-9.090000	0.045968	0.045968
-9.080000	0.045969	0.045969
-9.070000	0.045970	0.045970
-9.060000	0.045971	0.045971
-9.050000	0.045972	0.045972
-9.040000	0.045973	0.045973
-9.030000	0.045974	0.045974
-9.020000	0.045974	0.045974
-9.010000	0.045975	0.045975
-9.000000	0.045975	0.045975
-8.990000	0.045976	0.045976
-8.980000	0.045976	0.045976
-8.970000	0.045977	0.045977
-8.960000	0.045977	0.045977
-8.950000	0.045978	0.045978
-8.940000	0.045978	0.045978
-8.930000	0.045978	0.045978
-8.920000	0.045978	0.045978
-8.910000	0.045978	0.045978
-8.900000	0.045978	0.045978
-8.890000	0.045978	0.045978
-8.880000	0.045978	0.045978
-8.870000	0.045978	0.045978
-8.860000	0.045978	0.045978
-8.850000	0.045978	0.045978
-8.840000	0.045977	0.045977
-8.830000	0.045977	0.045977
-8.820000	0.045977	0.045977
-8.810000	0.045976	0.045976
-8.800000	0.045976	0.045976
-8.790000	0.045975	0.045975
-8.780000	0.045974	0.045974
-8.770000	0.045974	0.045974
-8.760000	0.045973	0.045973
-8.750000	0.045972	0.045972
-8.740000	0.045971	0.045971
-8.730000	0.045971	0.045971
-8.720000	0.045970	0.045970
-8.710000	0.045969	0.045969
-8.700000	0.045968	0.045968
-8.690000	0.045966	0.045966
-8.680000	0.045965	0.045965
-8.670000	0.045964	0.045964
-8.660000	0.045963	0.045963
-8.650000	0.045961	0.045961
-8.640000	0.045960	0.045960
-8.630000	0.045959	0.045959
-8.620000	0.045957	0.045957
-8.610000	0.045956	0.045956
-8.600000	0.045954	0.045954
-8.590000	0.045952	0.045952
-8.580000	0.045950	0.045950
-8.570000	0.045949	0.045949
-8.560000	0.045947	0.045947
-8.550000	0.045945	0.045945
-8.540000	0.045943	0.045943
-8.530000	0.045941	0.045941
-8.520000	0.045939	0.045939
-8.510000	0.045937	0.045937
-8.500000	0.045935	0.045935
-8.490000	0.045932	0.045932
-8.480000	0.045930	0.045930
-8.470000	0.045928	0.045928
-8.460000	0.045925	0.045925
-8.450000	0.045923	0.045923
-8.440000	0.045920	0.045920
-8.430000	0.045918	0.045918
-8.420000	0.045915	0.045915
-8.410000	0.045913	0.045913
-8.400000	0.045910	0.045910
-8.390000	0.045907	0.045907
-8.380000	0.045904	0.045904
-8.370000	0.045901	0.045901
-8.360000	0.045898	0.045898
-8.350000	0.045895	0.045895
-8.340000	0.045892	0.045892
-8.330000	0.045889	0.045889
-8.320000	0.045886	0.045886
-8.310000	0.045883	0.045883
-8.300000	0.045879	0.045879
-8.290000	0.045876	0.045876
-8.280000	0.045873	0.045873
-8.270000	0.045869	0.045869
-8.260000	0.045866	0.045866
-8.250000	0.045862	0.045862
-8.240000	0.045859	0.045859
-8.230000	0.045855	0.045855
-8.220000	0.045851	0.045851
-8.210000	0.045847	0.045847
-8.200000	0.045843	0.045843
-8.190000	0.045840	0.045840
-8.180000	0.045836	0.045836
-8.170000	0.045832	0.045832
-8.160000	0.045827	0.045827
-8.150000	0.045823	0.045823
-8.140000	0.045819	0.045819
-8.130000	0.045815	0.045815
-8.120000	0.045811	0.045811
-8.110000	0.045806	0.045806
-8.100000	0.045802	0.045802
-8.090000	0.045797	0.045797
-8.080000	0.045793	0.045793
-8.070000	0.045788	0.045788
-8.060000	0.045784	0.045784
-8.050000	0.045779	0.045779
-8.040000	0.045774	0.045774
-8.030000	0.045769	0.045769
-8.020000	0.045764	0.045764
-8.010000	0.045759	0.045759
-8.000000	0.045754	0.045754
-7.990000	0.045749	0.045749
-7.980000	0.045744	0.045744
-7.970000	0.045739	0.045739
-7.960000	0.045734	0.045734
-7.950000	0.045729	0.045729
-7.940000	0.045723	0.045723
-7.930000	0.045718	0.045718
-7.920000	0.045712	0.045712
-7.910000	0.045707	0.045707
-7.900000	0.045701	0.045701
-7.890000	0.045696	0.045696
-7.880000	0.045690	0.045690
-7.870000	0.045684	0.045684
-7.860000	0.045679	0.045679
-7.850000	0.045673	0.045673
-7.840000	0.045667	0.045667
-7.830000	0.045661	0.045661
-7.820000	0.045655	0.045655
-7.810000	0.045649	0.045649
-7.800000	0.045643	0.045643
-7.790000	0.045637	0.045637
-7.780000	0.045630	0.045630
-7.770000	0.045624	0.045624
-7.760000	0.045618	0.045618
-7.750000	0.045611	0.045611
-7.740000	0.045605	0.045605
-7.730000	0.045598	0.045598
-7.720000	0.045592	0.045592
-7.710000	0.045585	0.045585
-7.700000	0.045578	0.045578
-7.690000	0.045572	0.045572
-7.680000	0.045565	0.045565
-7.670000	0.045558	0.045558
-7.660000	0.045551	0.045551
-7.650000	0.045544	0.045544
-7.640000	0.045537	0.045537
-7.630000	0.045530	0.045530
-7.620000	0.045523	0.045523
-7.610000	0.045515	0.045515
-7.600000	0.045508	0.045508
-7.590000	0.045501	0.045501
-7.580000	0.045493	0.045493
-7.570000	0.045486	0.045486
-7.560000	0.045479	0.045479
-7.550000	0.045471	0.045471
-7.540000	0.045463	0.045463
-7.530000	0.045456	0.045456
-7.520000	0.045448	0.045448
-7.510000	0.045440	0.045440
-7.500000	0.045432	0.045432
-7.490000	0.045424	0.045424
-7.480000	0.045417	0.045417
-7.470000	0.045408	0.045408
-7.460000	0.045400	0.045400
-7.450000	0.045392	0.045392
-7.440000	0.045384	0.045384
-7.430000	0.045376	0.045376
-7.420000	0.045368	0.045368
-7.410000	0.045359	0.045359
-7.400000	0.045351	0.045351
-7.390000	0.045342	0.045342
-7.380000	0.045334	0.045334
-7.370000	0.045325	0.045325
-7.360000	0.045317	0.045317
-7.350000	0.045308	0.045308
-7.340000	0.045299	0.045299
-7.330000	0.045290	0.045290
-7.320000	0.045281	0.045281
-7.310000	0.045272	0.045272
-7.300000	0.045263	0.045263
-7.290000	0.045254	0.045254
-7.280000	0.045245	0.045245
-7.270000	0.045236	0.045236
-7.260000	0.045227	0.045227
-7.250000	0.045218	0.045218
-7.240000	0.045208	0.045208
-7.230000	0.045199	0.045199
-7.220000	0.045189	0.045189
-7.210000	0.045180	0.045180
-7.200000	0.045170	0.045170
-7.190000	0.045161	0.045161
-7.180000	0.045151	0.045151
-7.170000	0.045141	0.045141
-7.160000	0.045132	0.045132
-7.150000	0.045122	0.045122
-7.140000	0.045112	0.045112
-7.130000	0.045102	0.045102
-7.120000	0.045092	0.045092
-7.110000	0.045082	0.045082
-7.100000	0.045072	0.045072
-7.090000	0.045061	0.045061
-7.080000	0.045051	0.045051
-7.070000	0.045041	0.045041
-7.060000	0.045030	0.045030
-7.050000	0.045020	0.045020
-7.040000	0.045010	0.045010
-7.030000	0.044999	0.044999
-7.020000	0.044988	0.044988
-7.010000	0.044978	0.044978
-7.000000	0.044967	0.044967
-6.990000	0.044956	0.044956
-6.980000	0.044945	0.044945
-6.970000	0.044935	0.044935
-6.960000	0.044924	0.044924
-6.950000	0.044913	0.044913
-6.940000	0.044902	0.044902
-6.930000	0.044890	0.044890
-6.920000	0.044879	0.044879
-6.910000	0.044868	0.044868
-6.900000	0.044857	0.044857
-6.890000	0.044845	0.044845
-6.880000	0.044834	0.044834
-6.870000	0.044823	0.044823
-6.860000	0.044811	0.044811
-6.850000	0.044799	0.044799
-6.840000	0.044788	0.044788
-6.830000	0.044776	0.044776
-6.820000	0.044764	0.044764
-6.810000	0.044753	0.044753
-6.800000	0.044741	0.044741
-6.790000	0.044729	0.044729
-6.780000	0.044717	0.044717
-6.770000	0.044705	0.044705
-6.760000	0.044693	0.044693
-6.750000	0.044681	0.044681
-6.740000	0.044668	0.044668
-6.730000	0.044656	0.044656
-6.720000	0.044644	0.044644
-6.710000	0.044631	0.044631
-6.700000	0.044619	0.044619
-6.690000	0.044607	0.044607
-6.680000	0.044594	0.044594
-6.670000	0.044581	0.044581
-6.660000	0.044569	0.044569
-6.650000	0.044556	0.044556
-6.640000	0.044543	0.044543
-6.630000	0.044530	0.044530
-6.620000	0.044517	0.044517
-6.610000	0.044505	0.044505
-6.600000	0.044492	0.044492
-6.590000	0.044478	0.044478
-6.580000	0.044465	0.044465
-6.570000	0.044452	0.044452
-6.560000	0.044439	0.044439
-6.550000	0.044426	0.044426
-6.540000	0.044412	0.044412
-6.530000	0.044399	0.044399
-6.520000	0.044385	0.044385
-6.510000	0.044372	0.044372
-6.500000	0.044358	0.044358
-6.490000	0.044345	0.044345
-6.480000	0.044331	0.044331
-6.470000	0.044317	0.044317
-6.460000	0.044303	0.044303
-6.450000	0.044290	0.044290
-6.440000	0.044276	0.044276
-6.430000	0.044262	0.044262
-6.420000	0.044248	0.044248
-6.410000	0.044234	0.044234
-6.400000	0.044219	0.044219
-6.390000	0.044205	0.044205
-6.380000	0.044191	0.044191
-6.370000	0.044177	0.044177
-6.360000	0.044162	0.044162
-6.350000	0.044148	0.044148
-6.340000	0.044133	0.044133
-6.330000	0.044119	0.044119
-6.320000	0.044104	0.044104
-6.310000	0.044090	0.044090
-6.300000	0.044075	0.044075
-6.290000	0.044060	0.044060
-6.280000	0.044045	0.044045
-6.270000	0.044030	0.044030
-6.260000	0.044015	0.044015
-6.250000	0.044000	0.044000
-6.240000	0.043985	0.043985
-6.230000	0.043970	0.043970
-6.220000	0.043955	0.043955
-6.210000	0.043940	0.043940
-6.200000	0.043925	0.043925
-6.190000	0.043909	0.043909
-6.180000	0.043894	0.043894
-6.170000	0.043878	0.043878
-6.160000	0.043863	0.043863
-6.150000	0.043847	0.043847
-6.140000	0.043832	0.043832
-6.130000	0.043816	0.043816
-6.120000	0.043800	0.043800
-6.110000	0.043785	0.043785
-6.100000	0.043769	0.043769
-6.090000	0.043753	0.043753
-6.080000	0.043737	0.043737
-6.070000	0.043721	0.043721
-6.060000	0.043705	0.043705
-6.050000	0.043689	0.043689
-6.040000	0.043673	0.043673
-6.030000	0.043656	0.043656
-6.020000	0.043640	0.043640
-6.010000	0.043624	0.043624
-6.000000	0.043607	0.043607
-5.990000	0.043591	0.043591
-5.980000	0.043574	0.043574
-5.970000	0.043558	0.043558
-5.960000	0.043541	0.043541
-5.950000	0.043524	0.043524
-5.940000	0.043508	0.043508
-5.930000	0.043491	0.043491
-5.920000	0.043474	0.043474
-5.910000	0.043457	0.043457
-5.900000	0.043440	0.043440
-5.890000	0.043423	0.043423
-5.880000	0.043406	0.043406
-5.870000	0.043389	0.043389
-5.860000	0.043372	0.043372
-5.850000	0.043355	0.043355
-5.840000	0.043337	0.043337
-5.830000	0.043320	0.043320
-5.820000	0.043302	0.043302
-5.810000	0.043285	0.043285
-5.800000	0.043267	0.043267
-5.790000	0.043250	0.043250
-5.780000	0.043232	0.043232
-5.770000	0.043215	0.043215
-5.760000	0.043197	0.043197
-5.750000	0.043179	0.043179
-5.740000	0.043161	0.043161
-5.730000	0.043143	0.043143
-5.720000	0.043125	0.043125
-5.710000	0.043107	0.043107
-5.700000	0.043089	0.043089
-5.690000	0.043071	0.043071
-5.680000	0.043053	0.043053
-5.670000	0.043035	0.043035
-5.660000	0.043016	0.043016
-5.650000	0.042998	0.042998
-5.640000	0.042980	0.042980
-5.630000	0.042961	0.042961
-5.620000	0.042943	0.042943
-5.610000	0.042924	0.042924
-5.600000	0.042906	0.042906
-5.590000	0.042887	0.042887
-5.580000	0.042868	0.042868
-5.570000	0.042849	0.042849
-5.560000	0.042831	0.042831
-5.550000	0.042812	0.042812
-5.540000	0.042793	0.042793
-5.530000	0.042774	0.042774
-5.520000	0.042755	0.042755
-5.510000	0.042736	0.042736
-5.500000	0.042716	0.042716
-5.490000	0.042697	0.042697
-5.480000	0.042678	0.042678
-5.470000	0.042659	0.042659
-5.460000	0.042639	0.042639
-5.450000	0.042620	0.042620
-5.440000	0.042600	0.042600
-5.430000	0.042581	0.042581
-5.420000	0.042561	0.042561
-5.410000	0.042542	0.042542
-5.400000	0.042522	0.042522
-5.390000	0.042502	0.042502
-5.380000	0.042482	0.042482
-5.370000	0.042463	0.042463
-5.360000	0.042443	0.042443
-5.350000	0.042423	0.042423
-5.340000	0.042403	0.042403
-5.330000	0.042383	0.042383
-5.320000	0.042362	0.042362
-5.310000	0.042342	0.042342
-5.300000	0.042322	0.042322
-5.290000	0.042302	0.042302
-5.280000	0.042281	0.042281
-5.270000	0.042261	0.042261
-5.260000	0.042241	0.042241
-5.250000	0.042220	0.042220
-5.240000	0.042199	0.042199
-5.230000	0.042179	0.042179
-5.220000	0.042158	0.042158
-5.210000	0.042137	0.042137
-5.200000	0.042117	0.042117
-5.190000	0.042096	0.042096
-5.180000	0.042075	0.042075
-5.170000	0.042054	0.042054
-5.160000	0.042033	0.042033
-5.150000	0.042012	0.042012
-5.140000	0.041991	0.041991
-5.130000	0.041970	0.041970
-5.120000	0.041949	0.041949
-5.110000	0.041927	0.041927
-5.100000	0.041906	0.041906
-5.090000	0.041885	0.041885
-5.080000	0.041863	0.041863
-5.070000	0.041842	0.041842
-5.060000	0.041821	0.041821
-5.050000	0.041799	0.041799
-5.040000	0.041777	0.041777
-5.030000	0.041756	0.041756
-5.020000	0.041734	0.041734
-5.010000	0.041712	0.041712
-5.000000	0.041690	0.041690
-4.990000	0.041669	0.041669
-4.980000	0.041647	0.041647
-4.970000	0.041625	0.041625
-4.960000	0.041603	0.041603
-4.950000	0.041581	0.041581
-4.940000	0.041558	0.041558
-4.930000	0.041536	0.041536
-4.920000	0.041514	0.041514
-4.910000	0.041492	0.041492
-4.900000	0.041469	0.041469
-4.890000	0.041447	0.041447
-4.880000	0.041425	0.041425
-4.870000	0.041402	0.041402
-4.860000	0.041380	0.041380
-4.850000	0.041357	0.041357
-4.840000	0.041334	0.041334
-4.830000	0.041312	0.041312
-4.820000	0.041289	0.041289
-4.810000	0.041266	0.041266
-4.800000	0.041243	0.041243
-4.790000	0.041221	0.041221
-4.780000	0.041198	0.041198
-4.770000	0.041175	0.041175
-4.760000	0.041152	0.041152
-4.750000	0.041129	0.041129
-4.740000	0.041105	0.041105
-4.730000	0.041082	0.041082
-4.720000	0.041059	0.041059
-4.710000	0.041036	0.041036
-4.700000	0.041012	0.041012
-4.690000	0.040989	0.040989
-4.680000	0.040966	0.040966
-4.670000	0.040942	0.040942
-4.660000	0.040918	0.040918
-4.650000	0.040895	0.040895
-4.640000	0.040871	0.040871
-4.630000	0.040848	0.040848
-4.620000	0.040824	0.040824
-4.610000	0.040800	0.040800
-4.600000	0.040776	0.040776
-4.590000	0.040752	0.040752
-4.580000	0.040728	0.040728
-4.570000	0.040704	0.040704
-4.560000	0.040680	0.040680
-4.550000	0.040656	0.040656
-4.540000	0.040632	0.040632
-4.530000	0.040608	0.040608
-4.520000	0.040584	0.040584
-4.510000	0.040560	0.040560
-4.500000	0.040535	0.040535
-4.490000	0.040511	0.040511
-4.480000	0.040486	0.040486
-4.470000	0.040462	0.040462
-4.460000	0.040437	0.040437
-4.450000	0.040413	0.040413
-4.440000	0.040388	0.040388
-4.430000	0.040364	0.040364
-4.420000	0.040339	0.040339
-4.410000	0.040314	0.040314
-4.400000	0.040289	0.040289
-4.390000	0.040265	0.040265
-4.380000	0.040240	0.040240
-4.370000	0.040215	0.040215
-4.360000	0.040190	0.040190
-4.350000	0.040165	0.040165
-4.340000	0.040140	0.040140
-4.330000	0.040114	0.040114
-4.320000	0.040089	0.040089
-4.310000	0.040064	0.040064
-4.300000	0.040039	0.040039
-4.290000	0.040013	0.040013
-4.280000	0.039988	0.039988
-4.270000	0.039963	0.039963
-4.260000	0.039937	0.039937
-4.250000	0.039912	0.039912
-4.240000	0.039886	0.039886
-4.230000	0.039860	0.039860
-4.220000	0.039835	0.039835
-4.210000	0.039809	0.039809
-4.200000	0.039783	0.039783
-4.190000	0.039758	0.039758
-4.180000	0.039732	0.039732
-4.170000	0.039706	0.039706
-4.160000	0.039680	0.039680
-4.150000	0.039654	0.039654
-4.140000	0.039628	0.039628
-4.130000	0.039602	0.039602
-4.120000	0.039576	0.039576
-4.110000	0.039550	0.039550
-4.100000	0.039523	0.039523
-4.090000	0.039497	0.039497
-4.080000	0.039471	0.039471
-4.070000	0.039445	0.039445
-4.060000	0.039418	0.039418
-4.050000	0.039392	0.039392
-4.040000	0.039365	0.039365
-4.030000	0.039339	0.039339
-4.020000	0.039312	0.039312
-4.010000	0.039286	0.039286
-4.000000	0.039259	0.039259
-3.990000	0.039232	0.039232
-3.980000	0.039205	0.039205
-3.970000	0.039179	0.039179
-3.960000	0.039152	0.039152
-3.950000	0.039125	0.039125
-3.940000	0.039098	0.039098
-3.930000	0.039071	0.039071
-3.920000	0.039044	0.039044
-3.910000	0.039017	0.039017
-3.900000	0.038990	0.038990
-3.890000	0.038963	0.038963
-3.880000	0.038936	0.038936
-3.870000	0.038908	0.038908
-3.860000	0.038881	0.038881
-3.850000	0.038854	0.038854
-3.840000	0.038827	0.038827
-3.830000	0.038799	0.038799
-3.820000	0.038772	0.038772
-3.810000	0.038744	0.038744
-3.800000	0.038717	0.038717
-3.790000	0.038689	0.038689
-3.780000	0.038661	0.038661
-3.770000	0.038634	0.038634
-3.760000	0.038606	0.038606
-3.750000	0.038578	0.038578
-3.740000	0.038551	0.038551
-3.730000	0.038523	0.038523
-3.720000	0.038495	0.038495
-3.710000	0.038467	0.038467
-3.700000	0.038439	0.038439
-3.690000	0.038411	0.038411
-3.680000	0.038383	0.038383
-3.670000	0.038355	0.038355
-3.660000	0.038327	0.038327
-3.650000	0.038299	0.038299
-3.640000	0.038271	0.038271
-3.630000	0.038242	0.038242
-3.620000	0.038214	0.038214
-3.610000	0.038186	0.038186
-3.600000	0.038157	0.038157
-3.590000	0.038129	0.038129
-3.580000	0.038100	0.038100
-3.570000	0.038072	0.038072
-3.560000	0.038043	0.038043
-3.550000	0.038015	0.038015
-3.540000	0.037986	0.037986
-3.530000	0.037958	0.037958
-3.520000	0.037929	0.037929
-3.510000	0.037900	0.037900
-3.500000	0.037871	0.037871
-3.490000	0.037843	0.037843
-3.480000	0.037814	0.037814
-3.470000	0.037785	0.037785
-3.460000	0.037756	0.037756
-3.450000	0.037727	0.037727
-3.440000	0.037698	0.037698
-3.430000	0.037669	0.037669
-3.420000	0.037640	0.037640
-3.410000	0.037611	0.037611
-3.400000	0.037582	0.037582
-3.390000	0.037552	0.037552
-3.380000	0.037523	0.037523
-3.370000	0.037494	0.037494
-3.360000	0.037465	0.037465
-3.350000	0.037435	0.037435
-3.340000	0.037406	0.037406
-3.330000	0.037376	0.037376
-3.320000	0.037347	0.037347
-3.310000	0.037317	0.037317
-3.300000	0.037288	0.037288
-3.290000	0.037258	0.037258
-3.280000	0.037229	0.037229
-3.270000	0.037199	0.037199
-3.260000	0.037169	0.037169
-3.250000	0.037140	0.037140
-3.240000	0.037110	0.037110
-3.230000	0.037080	0.037080
-3.220000	0.037050	0.037050
-3.210000	0.037020	0.037020
-3.200000	0.036990	0.036990
-3.190000	0.036961	0.036961
-3.180000	0.036931	0.036931
-3.170000	0.036901	0.036901
-3.160000	0.036870	0.036870
-3.150000	0.036840	0.036840
-3.140000	0.036810	0.036810
-3.130000	0.036780	0.036780
-3.120000	0.036750	0.036750
-3.110000	0.036720	0.036720
-3.100000	0.036689	0.036689
-3.090000	0.036659	0.036659
-3.080000	0.036629	0.036629
-3.070000	0.036598	0.036598
-3.060000	0.036568	0.036568
-3.050000	0.036537	0.036537
-3.040000	0.036507	0.036507
-3.030000	0.036476	0.036476
-3.020000	0.036446	0.036446
-3.010000	0.036415	0.036415
-3.000000	0.036385	0.036385
-2.990000	0.036354	0.036354
-2.980000	0.036323	0.036323
-2.970000	0.036293	0.036293
-2.960000	0.036262	0.036262
-2.950000	0.036231	0.036231
-2.940000	0.036200	0.036200
-2.930000	0.036169	0.036169
-2.920000	0.036138	0.036138
-2.910000	0.036107	0.036107
-2.900000	0.036076	0.036076
-2.890000	0.036045	0.036045
-2.880000	0.036014	0.036014
-2.870000	0.035983	0.035983
-2.860000	0.035952	0.035952
-2.850000	0.035921	0.035921
-2.840000	0.035890	0.035890
-2.830000	0.035859	0.035859
-2.820000	0.035828	0.035828
-2.810000	0.035796	0.035796
-2.800000	0.035765	0.035765
-2.790000	0.035734	0.035734
-2.780000	0.035702	0.035702
-2.770000	0.035671	0.035671
-2.760000	0.035640	0.035640
-2.750000	0.035608	0.035608
-2.740000	0.035577	0.035577
-2.730000	0.035545	0.035545
-2.720000	0.035513	0.035513
-2.710000	0.035482	0.035482
-2.700000	0.035450	0.035450
-2.690000	0.035419	0.035419
-2.680000	0.035387	0.035387
-2.670000	0.035355	0.035355
-2.660000	0.035324	0.035324
-2.650000	0.035292	0.035292
-2.640000	0.035260	0.035260
-2.630000	0.035228	0.035228
-2.620000	0.035196	0.035196
-2.610000	0.035164	0.035164
-2.600000	0.035133	0.035133
-2.590000	0.035101	0.035101
-2.580000	0.035069	0.035069
-2.570000	0.035037	0.035037
-2.560000	0.035005	0.035005
-2.550000	0.034973	0.034973
-2.540000	0.034940	0.034940
-2.530000	0.034908	0.034908
-2.520000	0.034876	0.034876
-2.510000	0.034844	0.034844
-2.500000	0.034812	0.034812
-2.490000	0.034780	0.034780
-2.480000	0.034747	0.034747
-2.470000	0.034715	0.034715
-2.460000	0.034683	0.034683
-2.450000	0.034650	0.034650
-2.440000	0.034618	0.034618
-2.430000	0.034586	0.034586
-2.420000	0.034553	0.034553
-2.410000	0.034521	0.034521
-2.400000	0.034488	0.034488
-2.390000	0.034456	0.034456
-2.380000	0.034423	0.034423
-2.370000	0.034391	0.034391
-2.360000	0.034358	0.034358
-2.350000	0.034325	0.034325
-2.340000	0.034293	0.034293
-2.330000	0.034260	0.034260
-2.320000	0.034227	0.034227
-2.310000	0.034195	0.034195
-2.300000	0.034162	0.034162
-2.290000	0.034129	0.034129
-2.280000	0.034096	0.034096
-2.270000	0.034063	0.034063
-2.260000	0.034031	0.034031
-2.250000	0.033998	0.033998
-2.240000	0.033965	0.033965
-2.230000	0.033932	0.033932
-2.220000	0.033899	0.033899
-2.210000	0.033866	0.033866
-2.200000	0.033833	0.033833
-2.190000	0.033800	0.033800
-2.180000	0.033767	0.033767
-2.170000	0.033734	0.033734
-2.160000	0.033701	0.033701
-2.150000	0.033668	0.033668
-2.140000	0.033634	0.033634
-2.130000	0.033601	0.033601
-2.120000	0.033568	0.033568
-2.110000	0.033535	0.033535
-2.100000	0.033502	0.033502
-2.090000	0.033468	0.033468
-2.080000	0.033435	0.033435
-2.070000	0.033402	0.033402
-2.060000	0.033368	0.033368
-2.050000	0.033335	0.033335
-2.040000	0.033302	0.033302
-2.030000	0.033268	0.033268
-2.020000	0.033235	0.033235
-2.010000	0.033201	0.033201
-2.000000	0.033168	0.033168
-1.990000	0.033134	0.033134
-1.980000	0.033101	0.033101
-1.970000	0.033067	0.033067
-1.960000	0.033034	0.033034
-1.950000	0.033000	0.033000
-1.940000	0.032966	0.032966
-1.930000	0.032933	0.032933
-1.920000	0.032899	0.032899
-1.910000	0.032866	0.032866
-1.900000	0.032832	0.032832
-1.890000	0.032798	0.032798
-1.880000	0.032764	0.032764
-1.870000	0.032731	0.032731
-1.860000	0.032697	0.032697
-1.850000	0.032663	0.032663
-1.840000	0.032629	0.032629
-1.830000	0.032595	0.032595
-1.820000	0.032562	0.032562
-1.810000	0.032528	0.032528
-1.800000	0.032494	0.032494
-1.790000	0.032460	0.032460
-1.780000	0.032426	0.032426
-1.770000	0.032392	0.032392
-1.760000	0.032358	0.032358
-1.750000	0.032324	0.032324
-1.740000	0.032290	0.032290
-1.730000	0.032256	0.032256
-1.720000	0.032222	0.032222
-1.710000	0.032188	0.032188
-1.700000	0.032154	0.032154
-1.690000	0.032120	0.032120
-1.680000	0.032086	0.032086
-1.670000	0.032052	0.032052
-1.660000	0.032017	0.032017
-1.650000	0.031983	0.031983
-1.640000	0.031949	0.031949
-1.630000	0.031915	0.031915
-1.620000	0.031881	0.031881
-1.610000	0.031846	0.031846
-1.600000	0.031812	0.031812
-1.590000	0.031778	0.031778
-1.580000	0.031744	0.031744
-1.570000	0.031709	0.031709
-1.560000	0.031675	0.031675
-1.550000	0.031641	0.031641
-1.540000	0.031606	0.031606
-1.530000	0.031572	0.031572
-1.520000	0.031538	0.031538
-1.510000	0.031503	0.031503
-1.500000	0.031469	0.031469
-1.490000	0.031434	0.031434
-1.480000	0.031400	0.031400
-1.470000	0.031365	0.031365
-1.460000	0.031331	0.031331
-1.450000	0.031296	0.031296
-1.440000	0.031262	0.031262
-1.430000	0.031227	0.031227
-1.420000	0.031193	0.031193
-1.410000	0.031158	0.031158
-1.400000	0.031124	0.031124
-1.390000	0.031089	0.031089
-1.380000	0.031055	0.031055
-1.370000	0.031020	0.031020
-1.360000	0.030985	0.030985
-1.350000	0.030951	0.030951
-1.340000	0.030916	0.030916
-1.330000	0.030881	0.030881
-1.320000	0.030847	0.030847
-1.310000	0.030812	0.030812
-1.300000	0.030777	0.030777
-1.290000	0.030743	0.030743
-1.280000	0.030708	0.030708
-1.270000	0.030673	0.030673
-1.260000	0.030638	0.030638
-1.250000	0.030604	0.030604
-1.240000	0.030569	0.030569
-1.230000	0.030534	0.030534
-1.220000	0.030499	0.030499
-1.210000	0.030465	0.030465
-1.200000	0.030430	0.030430
-1.190000	0.030395	0.030395
-1.180000	0.030360	0.030360
-1.170000	0.030325	0.030325
-1.160000	0.030290	0.030290
-1.150000	0.030255	0.030255
-1.140000	0.030221	0.030221
-1.130000	0.030186	0.030186
-1.120000	0.030151	0.030151
-1.110000	0.030116	0.030116
-1.100000	0.030081	0.030081
-1.090000	0.030046	0.030046
-1.080000	0.030011	0.030011
-1.070000	0.029976	0.029976
-1.060000	0.029941	0.029941
-1.050000	0.029906	0.029906
-1.040000	0.029871	0.029871
-1.030000	0.029836	0.029836
-1.020000	0.029801	0.029801
-1.010000	0.029766	0.029766
-1.000000	0.029731	0.029731
-0.990000	0.029696	0.029696
-0.980000	0.029661	0.029661
-0.970000	0.029626	0.029626
-0.960000	0.029591	0.029591
-0.950000	0.029556	0.029556
-0.940000	0.029521	0.029521
-0.930000	0.029486	0.029486
-0.920000	0.029451	0.029451
-0.910000	0.029416	0.029416
-0.900000	0.029381	0.029381
-0.890000	0.029345	0.029345
-0.880000	0.029310	0.029310
-0.870000	0.029275	0.029275
-0.860000	0.029240	0.029240
-0.850000	0.029205	0.029205
-0.840000	0.029170	0.029170
-0.830000	0.029135	0.029135
-0.820000	0.029100	0.029100
-0.810000	0.029064	0.029064
-0.800000	0.029029	0.029029
-0.790000	0.028994	0.028994
-0.780000	0.028959	0.028959
-0.770000	0.028924	0.028924
-0.760000	0.028889	0.028889
-0.750000	0.028853	0.028853
-0.740000	0.028818	0.028818
-0.730000	0.028783	0.028783
-0.720000	0.028748	0.028748
-0.710000	0.028713	0.028713
-0.700000	0.028677	0.028677
-0.690000	0.028642	0.028642
-0.680000	0.028607	0.028607
-0.670000	0.028572	0.028572
-0.660000	0.028536	0.028536
-0.650000	0.028501	0.028501
-0.640000	0.028466	0.028466
-0.630000	0.028431	0.028431
-0.620000	0.028396	0.028396
-0.610000	0.028360	0.028360
-0.600000	0.028325	0.028325
-0.590000	0.028290	0.028290
-0.580000	0.028255	0.028255
-0.570000	0.028219	0.028219
-0.560000	0.028184	0.028184
-0.550000	0.028149	0.028149
-0.540000	0.028113	0.028113
-0.530000	0.028078	0.028078
-0.520000	0.028043	0.028043
-0.510000	0.028008	0.028008
-0.500000	0.027972	0.027972
-0.490000	0.027937	0.027937
-0.480000	0.027902	0.027902
-0.470000	0.027867	0.027867
-0.460000	0.027831	0.027831
-0.450000	0.027796	0.027796
-0.440000	0.027761	0.027761
-0.430000	0.027725	0.027725
-0.420000	0.027690	0.027690
-0.410000	0.027655	0.027655
-0.400000	0.027620	0.027620
-0.390000	0.027584	0.027584
-0.380000	0.027549	0.027549
-0.370000	0.027514	0.027514
-0.360000	0.027478	0.027478
-0.350000	0.027443	0.027443
-0.340000	0.027408	0.027408
-0.330000	0.027373	0.027373
-0.320000	0.027337	0.027337
-0.310000	0.027302	0.027302
-0.300000	0.027267	0.027267
-0.290000	0.027231	0.027231
-0.280000	0.027196	0.027196
-0.270000	0.027161	0.027161
-0.260000	0.027126	0.027126
-0.250000	0.027090	0.027090
-0.240000	0.027055	0.027055
-0.230000	0.027020	0.027020
-0.220000	0.026984	0.026984
-0.210000	0.026949	0.026949
-0.200000	0.026914	0.026914
-0.190000	0.026879	0.026879
-0.180000	0.026843	0.026843
-0.170000	0.026808	0.026808
-0.160000	0.026773	0.026773
-0.150000	0.026738	0.026738
-0.140000	0.026702	0.026702
-0.130000	0.026667	0.026667
-0.120000	0.026632	0.026632
-0.110000	0.026597	0.026597
-0.100000	0.026561	0.026561
-0.090000	0.026526	0.026526
-0.080000	0.026491	0.026491
-0.070000	0.026456	0.026456
-0.060000	0.026420	0.026420
-0.050000	0.026385	0.026385
-0.040000	0.026350	0.026350
-0.030000	0.026315	0.026315
-0.020000	0.026280	0.026280
-0.010000	0.026244	0.026244
-0.000000	0.026209	0.026209
0.010000	0.026174	0.026174
0.020000	0.026139	0.026139
0.030000	0.026104	0.026104
0.040000	0.026068	0.026068
0.050000	0.026033	0.026033
0.060000	0.025998	0.025998
0.070000	0.025963	0.025963
0.080000	0.025928	0.025928
0.090000	0.025893	0.025893
0.100000	0.025858	0.025858
0.110000	0.025822	0.025822
0.120000	0.025787	0.025787
0.130000	0.025752	0.025752
0.140000	0.025717	0.025717
0.150000	0.025682	0.025682
0.160000	0.025647	0.025647
0.170000	0.025612	0.025612
0.180000	0.025577	0.025577
0.190000	0.025542	0.025542
0.200000	0.025506	0.025506
0.210000	0.025471	0.025471
0.220000	0.025436	0.025436
0.230000	0.025401	0.025401
0.240000	0.025366	0.025366
0.250000	0.025331	0.025331
0.260000	0.025296	0.025296
0.270000	0.025261	0.025261
0.280000	0.025226	0.025226
0.290000	0.025191	0.025191
0.300000	0.025156	0.025156
0.310000	0.025121	0.025121
0.320000	0.025086	0.025086
0.330000	0.025051	0.025051
0.340000	0.025016	0.025016
0.350000	0.024981	0.024981
0.360000	0.024946	0.024946
0.370000	0.024911	0.024911
0.380000	0.024877	0.024877
0.390000	0.024842	0.024842
0.400000	0.024807	0.024807
0.410000	0.024772	0.024772
0.420000	0.024737	0.024737
0.430000	0.024702	0.024702
0.440000	0.024667	0.024667
0.450000	0.024632	0.024632
0.460000	0.024597	0.024597
0.470000	0.024563	0.024563
0.480000	0.024528	0.024528
0.490000	0.024493	0.024493
0.500000	0.024458	0.024458
0.510000	0.024423	0.024423
0.520000	0.024389	0.024389
0.530000	0.024354	0.024354
0.540000	0.024319	0.024319
0.550000	0.024284	0.024284
0.560000	0.024250	0.024250
0.570000	0.024215	0.024215
0.580000	0.024180	0.024180
0.590000	0.024146	0.024146
0.600000	0.024111	0.024111
0.610000	0.024076	0.024076
0.620000	0.024042	0.024042
0.630000	0.024007	0.024007
0.640000	0.023972	0.023972
0.650000	0.023938	0.023938
0.660000	0.023903	0.023903
0.670000	0.023868	0.023868
0.680000	0.023834	0.023834
0.690000	0.023799	0.023799
0.700000	0.023765	0.023765
0.710000	0.023730	0.023730
0.720000	0.023696	0.023696
0.730000	0.023661	0.023661
0.740000	0.023627	0.023627
0.750000	0.023592	0.023592
0.760000	0.023558	0.023558
0.770000	0.023523	0.023523
0.780000	0.023489	0.023489
0.790000	0.023454	0.023454
0.800000	0.023420	0.023420
0.810000	0.023386	0.023386
0.820000	0.023351	0.023351
0.830000	0.023317	0.023317
0.840000	0.023282	0.023282
0.850000	0.023248	0.023248
0.860000	0.023214	0.023214
0.870000	0.023179	0.023179
0.880000	0.023145	0.023145
0.890000	0.023111	0.023111
0.900000	0.023077	0.023077
0.910000	0.023042	0.023042
0.920000	0.023008	0.023008
0.930000	0.022974	0.022974
0.940000	0.022940	0.022940
0.950000	0.022905	0.022905
0.960000	0.022871	0.022871
0.970000	0.022837	0.022837
0.980000	0.022803	0.022803
0.990000	0.022769	0.022769
1.000000	0.022735	0.022735
1.010000	0.022701	0.022701
1.020000	0.022667	0.022667
1.030000	0.022633	0.022633
1.040000	0.022599	0.022599
1.050000	0.022565	0.022565
1.060000	0.022531	0.022531
1.070000	0.022497	0.022497
1.080000	0.022463	0.022463
1.090000	0.022429	0.022429
1.100000	0.022395	0.022395
1.110000	0.022361	0.022361
1.120000	0.022327	0.022327
1.130000	0.022293	0.022293
1.140000	0.022259	0.022259
1.150000	0.022225	0.022225
1.160000	0.022191	0.022191
1.170000	0.022158	0.022158
1.180000	0.022124	0.022124
1.190000	0.022090	0.022090
1.200000	0.022056	0.022056
1.210000	0.022023	0.022023
1.220000	0.021989	0.021989
1.230000	0.021955	0.021955
1.240000	0.021922	0.021922
1.250000	0.021888	0.021888
1.260000	0.021854	0.021854
1.270000	0.021821	0.021821
1.280000	0.021787	0.021787
1.290000	0.021753	0.021753
1.300000	0.021720	0.021720
1.310000	0.021686	0.021686
1.320000	0.021653	0.021653
1.330000	0.021619	0.021619
1.340000	0.021586	0.021586
1.350000	0.021552	0.021552
1.360000	0.021519	0.021519
1.370000	0.021486	0.021486
1.380000	0.021452	0.021452
1.390000	0.021419	0.021419
1.400000	0.021385	0.021385
1.410000	0.021352	0.021352
1.420000	0.021319	0.021319
1.430000	0.021286	0.021286
1.440000	0.021252	0.021252
1.450000	0.021219	0.021219
1.460000	0.021186	0.021186
1.470000	0.021153	0.021153
1.480000	0.021119	0.021119
1.490000	0.021086	0.021086
1.500000	0.021053	0.021053
1.510000	0.021020	0.021020
1.520000	0.020987	0.020987
1.530000	0.020954	0.020954
1.540000	0.020921	0.020921
1.550000	0.020888	0.020888
1.560000	0.020855	0.020855
1.570000	0.020822	0.020822
1.580000	0.020789	0.020789
1.590000	0.020756	0.020756
1.600000	0.020723	0.020723
1.610000	0.020690	0.020690
1.620000	0.020657	0.020657
1.630000	0.020624	0.020624
1.640000	0.020591	0.020591
1.650000	0.020559	0.020559
1.660000	0.020526	0.020526
1.670000	0.020493	0.020493
1.680000	0.020460	0.020460
1.690000	0.020428	0.020428
1.700000	0.020395	0.020395
1.710000	0.020362	0.020362
1.720000	0.020330	0.020330
1.730000	0.020297	0.020297
1.740000	0.020264	0.020264
1.750000	0.020232	0.020232
1.760000	0.020199	0.020199
1.770000	0.020167	0.020167
1.780000	0.020134	0.020134
1.790000	0.020102	0.020102
1.800000	0.020069	0.020069
1.810000	0.020037	0.020037
1.820000	0.020005	0.020005
1.830000	0.019972	0.019972
1.840000	0.019940	0.019940
1.850000	0.019908	0.019908
1.860000	0.019875	0.019875
1.870000	0.019843	0.019843
1.880000	0.019811	0.019811
1.890000	0.019778	0.019778
1.900000	0.019746	0.019746
1.910000	0.019714	0.019714
1.920000	0.019682	0.019682
1.930000	0.019650	0.019650
1.940000	0.019618	0.019618
1.950000	0.019586	0.019586
1.960000	0.019554	0.019554
1.970000	0.019522	0.019522
1.980000	0.019490	0.019490
1.990000	0.019458	0.019458
2.000000	0.019426	0.019426
2.010000	0.019394	0.019394
2.020000	0.019362	0.019362
2.030000	0.019330	0.019330
2.040000	0.019298	0.019298
2.050000	0.019266	0.019266
2.060000	0.019235	0.019235
2.070000	0.019203	0.019203
2.080000	0.019171	0.019171
2.090000	0.019139	0.019139
2.100000	0.019108	0.019108
2.110000	0.019076	0.019076
2.120000	0.019044	0.019044
2.130000	0.019013	0.019013
2.140000	0.018981	0.018981
2.150000	0.018950	0.018950
2.160000	0.018918	0.018918
2.170000	0.018887	0.018887
2.180000	0.018855	0.018855
2.190000	0.018824	0.018824
2.200000	0.018792	0.018792
2.210000	0.018761	0.018761
2.220000	0.018730	0.018730
2.230000	0.018698	0.018698
2.240000	0.018667	0.018667
2.250000	0.018636	0.018636
2.260000	0.018604	0.018604
2.270000	0.018573	0.018573
2.280000	0.018542	0.018542
2.290000	0.018511	0.018511
2.300000	0.018480	0.018480
2.310000	0.018449	0.018449
2.320000	0.018418	0.018418
2.330000	0.018387	0.018387
2.340000	0.018356	0.018356
2.350000	0.018325	0.018325
2.360000	0.018294	0.018294
2.370000	0.018263	0.018263
2.380000	0.018232	0.018232
2.390000	0.018201	0.018201
2.400000	0.018170	0.018170
2.410000	0.018139	0.018139
2.420000	0.018108	0.018108
2.430000	0.018078	0.018078
2.440000	0.018047	0.018047
2.450000	0.018016	0.018016
2.460000	0.017986	0.017986
2.470000	0.017955	0.017955
2.480000	0.017924	0.017924
2.490000	0.017894	0.017894
2.500000	0.017863	0.017863
2.510000	0.017833	0.017833
2.520000	0.017802	0.017802
2.530000	0.017772	0.017772
2.540000	0.017741	0.017741
2.550000	0.017711	0.017711
2.560000	0.017680	0.017680
2.570000	0.017650	0.017650
2.580000	0.017620	0.017620
2.590000	0.017589	0.017589
2.600000	0.017559	0.017559
2.610000	0.017529	0.017529
2.620000	0.017499	0.017499
2.630000	0.017469	0.017469
2.640000	0.017438	0.017438
2.650000	0.017408	0.017408
2.660000	0.017378	0.017378
2.670000	0.017348	0.017348
2.680000	0.017318	0.017318
2.690000	0.017288	0.017288
2.700000	0.017258	0.017258
2.710000	0.017228	0.017228
2.720000	0.017198	0.017198
2.730000	0.017169	0.017169
2.740000	0.017139	0.017139
2.750000	0.017109	0.017109
2.760000	0.017079	0.017079
2.770000	0.017049	0.017049
2.780000	0.017020	0.017020
2.790000	0.016990	0.016990
2.800000	0.016960	0.016960
2.810000	0.016931	0.016931
2.820000	0.016901	0.016901
2.830000	0.016872	0.016872
2.840000	0.016842	0.016842
2.850000	0.016813	0.016813
2.860000	0.016783	0.016783
2.870000	0.016754	0.016754
2.880000	0.016724	0.016724
2.890000	0.016695	0.016695
2.900000	0.016666	0.016666
2.910000	0.016636	0.016636
2.920000	0.016607	0.016607
2.930000	0.016578	0.016578
2.940000	0.016549	0.016549
2.950000	0.016520	0.016520
2.960000	0.016490	0.016490
2.970000	0.016461	0.016461
2.980000	0.016432	0.016432
2.990000	0.016403	0.016403
3.000000	0.016374	0.016374
3.010000	0.016345	0.016345
3.020000	0.016316	0.016316
3.030000	0.016287	0.016287
3.040000	0.016258	0.016258
3.050000	0.016230	0.016230
3.060000	0.016201	0.016201
3.070000	0.016172	0.016172
3.080000	0.016143	0.016143
3.090000	0.016114	0.016114
3.100000	0.016086	0.016086
3.110000	0.016057	0.016057
3.120000	0.016028	0.016028
3.130000	0.016000	0.016000
3.140000	0.015971	0.015971
3.150000	0.015943	0.015943
3.160000	0.015914	0.015914
3.170000	0.015886	0.015886
3.180000	0.015857	0.015857
3.190000	0.015829	0.015829
3.200000	0.015801	0.015801
3.210000	0.015772	0.015772
3.220000	0.015744	0.015744
3.230000	0.015716	0.015716
3.240000	0.015688	0.015688
3.250000	0.015659	0.015659
3.260000	0.015631	0.015631
3.270000	0.015603	0.015603
3.280000	0.015575	0.015575
3.290000	0.015547	0.015547
3.300000	0.015519	0.015519
3.310000	0.015491	0.015491
3.320000	0.015463	0.015463
3.330000	0.015435	0.015435
3.340000	0.015407	0.015407
3.350000	0.015379	0.015379
3.360000	0.015351	0.015351
3.370000	0.015324	0.015324
3.380000	0.015296	0.015296
3.390000	0.015268	0.015268
3.400000	0.015240	0.015240
3.410000	0.015213	0.015213
3.420000	0.015185	0.015185
3.430000	0.015157	0.015157
3.440000	0.015130	0.015130
3.450000	0.015102	0.015102
3.460000	0.015075	0.015075
3.470000	0.015047	0.015047
3.480000	0.015020	0.015020
3.490000	0.014993	0.014993
3.500000	0.014965	0.014965
3.510000	0.014938	0.014938
3.520000	0.014911	0.014911
3.530000	0.014883	0.014883
3.540000	0.014856	0.014856
3.550000	0.014829	0.014829
3.560000	0.014802	0.014802
3.570000	0.014775	0.014775
3.580000	0.014748	0.014748
3.590000	0.014721	0.014721
3.600000	0.014694	0.014694
3.610000	0.014667	0.014667
3.620000	0.014640	0.014640
3.630000	0.014613	0.014613
3.640000	0.014586	0.014586
3.650000	0.014559	0.014559
3.660000	0.014532	0.014532
3.670000	0.014505	0.014505
3.680000	0.014479	0.014479
3.690000	0.014452	0.014452
3.700000	0.014425	0.014425
3.710000	0.014399	0.014399
3.720000	0.014372	0.014372
3.730000	0.014345	0.014345
3.740000	0.014319	0.014319
3.750000	0.014292	0.014292
3.760000	0.014266	0.014266
3.770000	0.014240	0.014240
3.780000	0.014213	0.014213
3.790000	0.014187	0.014187
3.800000	0.014160	0.014160
3.810000	0.014134	0.014134
3.820000	0.014108	0.014108
3.830000	0.014082	0.014082
3.840000	0.014055	0.014055
3.850000	0.014029	0.014029
3.860000	0.014003	0.014003
3.870000	0.013977	0.013977
3.880000	0.013951	0.013951
3.890000	0.013925	0.013925
3.900000	0.013899	0.013899
3.910000	0.013873	0.013873
3.920000	0.013847	0.013847
3.930000	0.013821	0.013821
3.940000	0.013795	0.013795
3.950000	0.013770	0.013770
3.960000	0.013744	0.013744
3.970000	0.013718	0.013718
3.980000	0.013692	0.013692
3.990000	0.013667	0.013667
4.000000	0.013641	0.013641
4.010000	0.013616	0.013616
4.020000	0.013590	0.013590
4.030000	0.013564	0.013564
4.040000	0.013539	0.013539
4.050000	0.013514	0.013514
4.060000	0.013488	0.013488
4.070000	0.013463	0.013463
4.080000	0.013437	0.013437
4.090000	0.013412	0.013412
4.100000	0.013387	0.013387
4.110000	0.013362	0.013362
4.120000	0.013336	0.013336
4.130000	0.013311	0.013311
4.140000	0.013286	0.013286
4.150000	0.013261	0.013261
4.160000	0.013236	0.013236
4.170000	0.013211	0.013211
4.180000	0.013186	0.013186
4.190000	0.013161	0.013161
4.200000	0.013136	0.013136
4.210000	0.013111	0.013111
4.220000	0.013086	0.013086
4.230000	0.013061	0.013061
4.240000	0.013037	0.013037
4.250000	0.013012	0.013012
4.260000	0.012987	0.012987
4.270000	0.012962	0.012962
4.280000	0.012938	0.012938
4.290000	0.012913	0.012913
4.300000	0.012889	0.012889
4.310000	0.012864	0.012864
4.320000	0.012839	0.012839
4.330000	0.012815	0.012815
4.340000	0.012791	0.012791
4.350000	0.012766	0.012766
4.360000	0.012742	0.012742
4.370000	0.012717	0.012717
4.380000	0.012693	0.012693
4.390000	0.012669	0.012669
4.400000	0.012645	0.012645
4.410000	0.012621	0.012621
4.420000	0.012596	0.012596
4.430000	0.012572	0.012572
4.440000	0.012548	0.012548
4.450000	0.012524	0.012524
4.460000	0.012500	0.012500
4.470000	0.012476	0.012476
4.480000	0.012452	0.012452
4.490000	0.012428	0.012428
4.500000	0.012404	0.012404
4.510000	0.012381	0.012381
4.520000	0.012357	0.012357
4.530000	0.012333	0.012333
4.540000	0.012309	0.012309
4.550000	0.012286	0.012286
4.560000	0.012262	0.012262
4.570000	0.012238	0.012238
4.580000	0.012215	0.012215
4.590000	0.012191	0.012191
4.600000	0.012168	0.012168
4.610000	0.012144	0.012144
4.620000	0.012121	0.012121
4.630000	0.012097	0.012097
4.640000	0.012074	0.012074
4.650000	0.012051	0.012051
4.660000	0.012027	0.012027
4.670000	0.012004	0.012004
4.680000	0.011981	0.011981
4.690000	0.011958	0.011958
4.700000	0.011935	0.011935
4.710000	0.011911	0.011911
4.720000	0.011888	0.011888
4.730000	0.011865	0.011865
4.740000	0.011842	0.011842
4.750000	0.011819	0.011819
4.760000	0.011796	0.011796
4.770000	0.011773	0.011773
4.780000	0.011751	0.011751
4.790000	0.011728	0.011728
4.800000	0.011705	0.011705
4.810000	0.011682	0.011682
4.820000	0.011659	0.011659
4.830000	0.011637	0.011637
4.840000	0.011614	0.011614
4.850000	0.011591	0.011591
4.860000	0.011569	0.011569
4.870000	0.011546	0.011546
4.880000	0.011524	0.011524
4.890000	0.011501	0.011501
4.900000	0.011479	0.011479
4.910000	0.011456	0.011456
4.920000	0.011434	0.011434
4.930000	0.011412	0.011412
4.940000	0.011389	0.011389
4.950000	0.011367	0.011367
4.960000	0.011345	0.011345
4.970000	0.011323	0.011323
4.980000	0.011300	0.011300
4.990000	0.011278	0.011278
5.000000	0.011256	0.011256
5.010000	0.011234	0.011234
5.020000	0.011212	0.011212
5.030000	0.011190	0.011190
5.040000	0.011168	0.011168
5.050000	0.011146	0.011146
5.060000	0.011124	0.011124
5.070000	0.011102	0.011102
5.080000	0.011081	0.011081
5.090000	0.011059	0.011059
5.100000	0.011037	0.011037
5.110000	0.011015	0.011015
5.120000	0.010994	0.010994
5.130000	0.010972	0.010972
5.140000	0.010950	0.010950
5.150000	0.010929	0.010929
5.160000	0.010907	0.010907
5.170000	0.010886	0.010886
5.180000	0.010864	0.010864
5.190000	0.010843	0.010843
5.200000	0.010822	0.010822
5.210000	0.010800	0.010800
5.220000	0.010779	0.010779
5.230000	0.010758	0.010758
5.240000	0.010736	0.010736
5.250000	0.010715	0.010715
5.260000	0.010694	0.010694
5.270000	0.010673	0.010673
5.280000	0.010652	0.010652
5.290000	0.010630	0.010630
5.300000	0.010609	0.010609
5.310000	0.010588	0.010588
5.320000	0.010567	0.010567
5.330000	0.010546	0.010546
5.340000	0.010526	0.010526
5.350000	0.010505	0.010505
5.360000	0.010484	0.010484
5.370000	0.010463	0.010463
5.380000	0.010442	0.010442
5.390000	0.010422	0.010422
5.400000	0.010401	0.010401
5.410000	0.010380	0.010380
5.420000	0.010360	0.010360
5.430000	0.010339	0.010339
5.440000	0.010318	0.010318
5.450000	0.010298	0.010298
5.460000	0.010277	0.010277
5.470000	0.010257	0.010257
5.480000	0.010236	0.010236
5.490000	0.010216	0.010216
5.500000	0.010196	0.010196
5.510000	0.010175	0.010175
5.520000	0.010155	0.010155
5.530000	0.010135	0.010135
5.540000	0.010115	0.010115
5.550000	0.010094	0.010094
5.560000	0.010074	0.010074
5.570000	0.010054	0.010054
5.580000	0.010034	0.010034
5.590000	0.010014	0.010014
5.600000	0.009994	0.009994
5.610000	0.009974	0.009974
5.620000	0.009954	0.009954
5.630000	0.009934	0.009934
5.640000	0.009914	0.009914
5.650000	0.009894	0.009894
5.660000	0.009875	0.009875
5.670000	0.009855	0.009855
5.680000	0.009835	0.009835
5.690000	0.009815	0.009815
5.700000	0.009796	0.009796
5.710000	0.009776	0.009776
5.720000	0.009756	0.009756
5.730000	0.009737	0.009737
5.740000	0.009717	0.009717
5.750000	0.009698	0.009698
5.760000	0.009678	0.009678
5.770000	0.009659	0.009659
5.780000	0.009640	0.009640
5.790000	0.009620	0.009620
5.800000	0.009601	0.009601
5.810000	0.009582	0.009582
5.820000	0.009562	0.009562
5.830000	0.009543	0.009543
5.840000	0.009524	0.009524
5.850000	0.009505	0.009505
5.860000	0.009486	0.009486
5.870000	0.009466	0.009466
5.880000	0.009447	0.009447
5.890000	0.009428	0.009428
5.900000	0.009409	0.009409
5.910000	0.009390	0.009390
5.920000	0.009371	0.009371
5.930000	0.009353	0.009353
5.940000	0.009334	0.009334
5.950000	0.009315	0.009315
5.960000	0.009296	0.009296
5.970000	0.009277	0.009277
5.980000	0.009259	0.009259
5.990000	0.009240	0.009240
6.000000	0.009221	0.009221
6.010000	0.009203	0.009203
6.020000	0.009184	0.009184
6.030000	0.009165	0.009165
6.040000	0.009147	0.009147
6.050000	0.009128	0.009128
6.060000	0.009110	0.009110
6.070000	0.009091	0.009091
6.080000	0.009073	0.009073
6.090000	0.009055	0.009055
6.100000	0.009036	0.009036
6.110000	0.009018	0.009018
6.120000	0.009000	0.009000
6.130000	0.008982	0.008982
6.140000	0.008963	0.008963
6.150000	0.008945	0.008945
6.160000	0.008927	0.008927
6.170000	0.008909	0.008909
6.180000	0.008891	0.008891
6.190000	0.008873	0.008873
6.200000	0.008855	0.008855
6.210000	0.008837	0.008837
6.220000	0.008819	0.008819
6.230000	0.008801	0.008801
6.240000	0.008783	0.008783
6.250000	0.008765	0.008765
6.260000	0.008747	0.008747
6.270000	0.008730	0.008730
6.280000	0.008712	0.008712
6.290000	0.008694	0.008694
6.300000	0.008677	0.008677
6.310000	0.008659	0.008659
6.320000	0.008641	0.008641
6.330000	0.008624	0.008624
6.340000	0.008606	0.008606
6.350000	0.008589	0.008589
6.360000	0.008571	0.008571
6.370000	0.008554	0.008554
6.380000	0.008536	0.008536
6.390000	0.008519	0.008519
6.400000	0.008502	0.008502
6.410000	0.008484	0.008484
6.420000	0.008467	0.008467
6.430000	0.008450	0.008450
6.440000	0.008432	0.008432
6.450000	0.008415	0.008415
6.460000	0.008398	0.008398
6.470000	0.008381	0.008381
6.480000	0.008364	0.008364
6.490000	0.008347	0.008347
6.500000	0.008330	0.008330
6.510000	0.008313	0.008313
6.520000	0.008296	0.008296
6.530000	0.008279	0.008279
6.540000	0.008262	0.008262
6.550000	0.008245	0.008245
6.560000	0.008228	0.008228
6.570000	0.008211	0.008211
6.580000	0.008195	0.008195
6.590000	0.008178	0.008178
6.600000	0.008161	0.008161
6.610000	0.008144	0.008144
6.620000	0.008128	0.008128
6.630000	0.008111	0.008111
6.640000	0.008094	0.008094
6.650000	0.008078	0.008078
6.660000	0.008061	0.008061
6.670000	0.008045	0.008045
6.680000	0.008028	0.008028
6.690000	0.008012	0.008012
6.700000	0.007996	0.007996
6.710000	0.007979	0.007979
6.720000	0.007963	0.007963
6.730000	0.007946	0.007946
6.740000	0.007930	0.007930
6.750000	0.007914	0.007914
6.760000	0.007898	0.007898
6.770000	0.007882	0.007882
6.780000	0.007865	0.007865
6.790000	0.007849	0.007849
6.800000	0.007833	0.007833
6.810000	0.007817	0.007817
6.820000	0.007801	0.007801
6.830000	0.007785	0.007785
6.840000	0.007769	0.007769
6.850000	0.007753	0.007753
6.860000	0.007737	0.007737
6.870000	0.007721	0.007721
6.880000	0.007705	0.007705
6.890000	0.007690	0.007690
6.900000	0.007674	0.007674
6.910000	0.007658	0.007658
6.920000	0.007642	0.007642
6.930000	0.007627	0.007627
6.940000	0.007611	0.007611
6.950000	0.007595	0.007595
6.960000	0.007580	0.007580
6.970000	0.007564	0.007564
6.980000	0.007548	0.007548
6.990000	0.007533	0.007533
7.000000	0.007517	0.007517
7.010000	0.007502	0.007502
7.020000	0.007487	0.007487
7.030000	0.007471	0.007471
7.040000	0.007456	0.007456
7.050000	0.007440	0.007440
7.060000	0.007425	0.007425
7.070000	0.007410	0.007410
7.080000	0.007395	0.007395
7.090000	0.007379	0.007379
7.100000	0.007364	0.007364
7.110000	0.007349	0.007349
7.120000	0.007334	0.007334
7.130000	0.007319	0.007319
7.140000	0.007304	0.007304
7.150000	0.007289	0.007289
7.160000	0.007274	0.007274
7.170000	0.007259	0.007259
7.180000	0.007244	0.007244
7.190000	0.007229	0.007229
7.200000	0.007214	0.007214
7.210000	0.007199	0.007199
7.220000	0.007184	0.007184
7.230000	0.007169	0.007169
7.240000	0.007154	0.007154
7.250000	0.007140	0.007140
7.260000	0.007125	0.007125
7.270000	0.007110	0.007110
7.280000	0.007096	0.007096
7.290000	0.007081	0.007081
7.300000	0.007066	0.007066
7.310000	0.007052	0.007052
7.320000	0.007037	0.007037
7.330000	0.007023	0.007023
7.340000	0.007008	0.007008
7.350000	0.006994	0.006994
7.360000	0.006979	0.006979
7.370000	0.006965	0.006965
7.380000	0.006951	0.006951
7.390000	0.006936	0.006936
7.400000	0.006922	0.006922
7.410000	0.006908	0.006908
7.420000	0.006893	0.006893
7.430000	0.006879	0.006879
7.440000	0.006865	0.006865
7.450000	0.006851	0.006851
7.460000	0.006836	0.006836
7.470000	0.006822	0.006822
7.480000	0.006808	0.006808
7.490000	0.006794	0.006794
7.500000	0.006780	0.006780
7.510000	0.006766	0.006766
7.520000	0.006752	0.006752
7.530000	0.006738	0.006738
7.540000	0.006724	0.006724
7.550000	0.006710	0.006710
7.560000	0.006696	0.006696
7.570000	0.006683	0.006683
7.580000	0.006669	0.006669
7.590000	0.006655	0.006655
7.600000	0.006641	0.006641
7.610000	0.006627	0.006627
7.620000	0.006614	0.006614
7.630000	0.006600	0.006600
7.640000	0.006586	0.006586
7.650000	0.006573	0.006573
7.660000	0.006559	0.006559
7.670000	0.006546	0.006546
7.680000	0.006532	0.006532
7.690000	0.006519	0.006519
7.700000	0.006505	0.006505
7.710000	0.006492	0.006492
7.720000	0.006478	0.006478
7.730000	0.006465	0.006465
7.740000	0.006451	0.006451
7.750000	0.006438	0.006438
7.760000	0.006425	0.006425
7.770000	0.006411	0.006411
7.780000	0.006398	0.006398
7.790000	0.006385	0.006385
7.800000	0.006372	0.006372
7.810000	0.006359	0.006359
7.820000	0.006345	0.006345
7.830000	0.006332	0.006332
7.840000	0.006319	0.006319
7.850000	0.006306	0.006306
7.860000	0.006293	0.006293
7.870000	0.006280	0.006280
7.880000	0.006267	0.006267
7.890000	0.006254	0.006254
7.900000	0.006241	0.006241
7.910000	0.006228	0.006228
7.920000	0.006215	0.006215
7.930000	0.006202	0.006202
7.940000	0.006189	0.006189
7.950000	0.006177	0.006177
7.960000	0.006164	0.006164
7.970000	0.006151	0.006151
7.980000	0.006138	0.006138
7.990000	0.006126	0.006126
8.000000	0.006113	0.006113
8.010000	0.006100	0.006100
8.020000	0.006088	0.006088
8.030000	0.006075	0.006075
8.040000	0.006062	0.006062
8.050000	0.006050	0.006050
8.060000	0.006037	0.006037
8.070000	0.006025	0.006025
8.080000	0.006012	0.006012
8.090000	0.006000	0.006000
8.100000	0.005987	0.005987
8.110000	0.005975	0.005975
8.120000	0.005963	0.005963
8.130000	0.005950	0.005950
8.140000	0.005938	0.005938
8.150000	0.005926	0.005926
8.160000	0.005913	0.005913
8.170000	0.005901	0.005901
8.180000	0.005889	0.005889
8.190000	0.005877	0.005877
8.200000	0.005865	0.005865
8.210000	0.005852	0.005852
8.220000	0.005840	0.005840
8.230000	0.005828	0.005828
8.240000	0.005816	0.005816
8.250000	0.005804	0.005804
8.260000	0.005792	0.005792
8.270000	0.005780	0.005780
8.280000	0.005768	0.005768
8.290000	0.005756	0.005756
8.300000	0.005744	0.005744
8.310000	0.005732	0.005732
8.320000	0.005720	0.005720
8.330000	0.005709	0.005709
8.340000	0.005697	0.005697
8.350000	0.005685	0.005685
8.360000	0.005673	0.005673
8.370000	0.005661	0.005661
8.380000	0.005650	0.005650
8.390000	0.005638	0.005638
8.400000	0.005626	0.005626
8.410000	0.005615	0.005615
8.420000	0.005603	0.005603
8.430000	0.005591	0.005591
8.440000	0.005580	0.005580
8.450000	0.005568	0.005568
8.460000	0.005557	0.005557
8.470000	0.005545	0.005545
8.480000	0.005534	0.005534
8.490000	0.005522	0.005522
8.500000	0.005511	0.005511
8.510000	0.005499	0.005499
8.520000	0.005488	0.005488
8.530000	0.005477	0.005477
8.540000	0.005465	0.005465
8.550000	0.005454	0.005454
8.560000	0.005443	0.005443
8.570000	0.005431	0.005431
8.580000	0.005420	0.005420
8.590000	0.005409	0.005409
8.600000	0.005398	0.005398
8.610000	0.005387	0.005387
8.620000	0.005375	0.005375
8.630000	0.005364	0.005364
8.640000	0.005353	0.005353
8.650000	0.005342	0.005342
8.660000	0.005331	0.005331
8.670000	0.005320	0.005320
8.680000	0.005309	0.005309
8.690000	0.005298	0.005298
8.700000	0.005287	0.005287
8.710000	0.005276	0.005276
8.720000	0.005265	0.005265
8.730000	0.005254	0.005254
8.740000	0.005243	0.005243
8.750000	0.005233	0.005233
8.760000	0.005222	0.005222
8.770000	0.005211	0.005211
8.780000	0.005200	0.005200
8.790000	0.005189	0.005189
8.800000	0.005179	0.005179
8.810000	0.005168	0.005168
8.820000	0.005157	0.005157
8.830000	0.005147	0.005147
8.840000	0.005136	0.005136
8.850000	0.005125	0.005125
8.860000	0.005115	0.005115
8.870000	0.005104	0.005104
8.880000	0.005094	0.005094
8.890000	0.005083	0.005083
8.900000	0.005073	0.005073
8.910000	0.005062	0.005062
8.920000	0.005052	0.005052
8.930000	0.005041	0.005041
8.940000	0.005031	0.005031
8.950000	0.005020	0.005020
8.960000	0.005010	0.005010
8.970000	0.005000	0.005000
8.980000	0.004989	0.004989
8.990000	0.004979	0.004979
9.000000	0.004969	0.004969
9.010000	0.004958	0.004958
9.020000	0.004948	0.004948
9.030000	0.004938	0.004938
9.040000	0.004928	0.004928
9.050000	0.004918	0.004918
9.060000	0.004907	0.004907
9.070000	0.004897	0.004897
9.080000	0.004887	0.004887
9.090000	0.004877	0.004877
9.100000	0.004867	0.004867
9.110000	0.004857	0.004857
9.120000	0.004847	0.004847
9.130000	0.004837	0.004837
9.140000	0.004827	0.004827
9.150000	0.004817	0.004817
9.160000	0.004807	0.004807
9.170000	0.004797	0.004797
9.180000	0.004787	0.004787
9.190000	0.004777	0.004777
9.200000	0.004768	0.004768
9.210000	0.004758	0.004758
9.220000	0.004748	0.004748
9.230000	0.004738	0.004738
9.240000	0.004728	0.004728
9.250000	0.004719	0.004719
9.260000	0.004709	0.004709
9.270000	0.004699	0.004699
9.280000	0.004690	0.004690
9.290000	0.004680	0.004680
9.300000	0.004670	0.004670
9.310000	0.004661	0.004661
9.320000	0.004651	0.004651
9.330000	0.004641	0.004641
9.340000	0.004632	0.004632
9.350000	0.004622	0.004622
9.360000	0.004613	0.004613
9.370000	0.004603	0.004603
9.380000	0.004594	0.004594
9.390000	0.004584	0.004584
9.400000	0.004575	0.004575
9.410000	0.004565	0.004565
9.420000	0.004556	0.004556
9.430000	0.004547	0.004547
9.440000	0.004537	0.004537
9.450000	0.004528	0.004528
9.460000	0.004519	0.004519
9.470000	0.004509	0.004509
9.480000	0.004500	0.004500
9.490000	0.004491	0.004491
9.500000	0.004482	0.004482
9.510000	0.004472	0.004472
9.520000	0.004463	0.004463
9.530000	0.004454	0.004454
9.540000	0.004445	0.004445
9.550000	0.004436	0.004436
9.560000	0.004427	0.004427
9.570000	0.004418	0.004418
9.580000	0.004408	0.004408
9.590000	0.004399	0.004399
9.600000	0.004390	0.004390
9.610000	0.004381	0.004381
9.620000	0.004372	0.004372
9.630000	0.004363	0.004363
9.640000	0.004354	0.004354
9.650000	0.004346	0.004346
9.660000	0.004337	0.004337
9.670000	0.004328	0.004328
9.680000	0.004319	0.004319
9.690000	0.004310	0.004310
9.700000	0.004301	0.004301
9.710000	0.004292	0.004292
9.720000	0.004283	0.004283
9.730000	0.004275	0.004275
9.740000	0.004266	0.004266
9.750000	0.004257	0.004257
9.760000	0.004248	0.004248
9.770000	0.004240	0.004240
9.780000	0.004231	0.004231
9.790000	0.004222	0.004222
9.800000	0.004214	0.004214
9.810000	0.004205	0.004205
9.820000	0.004196	0.004196
9.830000	0.004188	0.004188
9.840000	0.004179	0.004179
9.850000	0.004171	0.004171
9.860000	0.004162	0.004162
9.870000	0.004154	0.004154
9.880000	0.004145	0.004145
9.890000	0.004137	0.004137
9.900000	0.004128	0.004128
9.910000	0.004120	0.004120
9.920000	0.004111	0.004111
9.930000	0.004103	0.004103
9.940000	0.004095	0.004095
9.950000	0.004086	0.004086
9.960000	0.004078	0.004078
9.970000	0.004070	0.004070
9.980000	0.004061	0.004061
9.990000	0.004053	0.004053
10.000000	0.004045	0.004045
