-10.000000	0.024780	0.024780
-9.990000	0.024811	0.024811
-9.980000	0.024842	0.024842
-9.970000	0.024872	0.024872
-9.960000	0.024903	0.024903
-9.950000	0.024934	0.024934
-9.940000	0.024964	0.024964
-9.930000	0.024995	0.024995
-9.920000	0.025026	0.025026
-9.910000	0.025057	0.025057
-9.900000	0.025087	0.025087
-9.890000	0.025118	0.025118
-9.880000	0.025149	0.025149
-9.870000	0.025179	0.025179
-9.860000	0.025210	0.025210
-9.850000	0.025241	0.025241
-9.840000	0.025272	0.025272
-9.830000	0.025302	0.025302
-9.820000	0.025333	0.025333
-9.810000	0.025364	0.025364
-9.800000	0.025394	0.025394
-9.790000	0.025425	0.025425
-9.780000	0.025456	0.025456
-9.770000	0.025486	0.025486
-9.760000	0.025517	0.025517
-9.750000	0.025548	0.025548
-9.740000	0.025579	0.025579
-9.730000	0.025609	0.025609
-9.720000	0.025640	0.025640
-9.710000	0.025671	0.025671
-9.700000	0.025701	0.025701
-9.690000	0.025732	0.025732
-9.680000	0.025763	0.025763
-9.670000	0.025793	0.025793
-9.660000	0.025824	0.025824
-9.650000	0.025855	0.025855
-9.640000	0.025885	0.025885
-9.630000	0.025916	0.025916
-9.620000	0.025947	0.025947
-9.610000	0.025977	0.025977
-9.600000	0.026008	0.026008
-9.590000	0.026039	0.026039
-9.580000	0.026069	0.026069
-9.570000	0.026100	0.026100
-9.560000	0.026131	0.026131
-9.550000	0.026161	0.026161
-9.540000	0.026192	0.026192
-9.530000	0.026223	0.026223
-9.520000	0.026253	0.026253
-9.510000	0.026284	0.026284
-9.500000	0.026315	0.026315
-9.490000	0.026345	0.026345
-9.480000	0.026376	0.026376
-9.470000	0.026406	0.026406
-9.460000	0.026437	0.026437
-9.450000	0.026468	0.026468
-9.440000	0.026498	0.026498
-9.430000	0.026529	0.026529
-9.420000	0.026559	0.026559
-9.410000	0.026590	0.026590
-9.400000	0.026621	0.026621
-9.390000	0.026651	0.026651
-9.380000	0.026682	0.026682
-9.370000	0.026712	0.026712
-9.360000	0.026743	0.026743
-9.350000	0.026774	0.026774
-9.340000	0.026804	0.026804
-9.330000	0.026835	0.026835
-9.320000	0.026865	0.026865
-9.310000	0.026896	0.026896
-9.300000	0.026926	0.026926
-9.290000	0.026957	0.026957
-9.280000	0.026987	0.026987
-9.270000	0.027018	0.027018
-9.260000	0.027048	0.027048
-9.250000	0.027079	0.027079
-9.240000	0.027110	0.027110
-9.230000	0.027140	0.027140
-9.220000	0.027171	0.027171
-9.210000	0.027201	0.027201
-9.200000	0.027232	0.027232
-9.190000	0.027262	0.027262
-9.180000	0.027292	0.027292
-9.170000	0.027323	0.027323
-9.160000	0.027353	0.027353
-9.150000	0.027384	0.027384
-9.140000	0.027414	0.027414
-9.130000	0.027445	0.027445
-9.120000	0.027475	0.027475
-9.110000	0.027506	0.027506
-9.100000	0.027536	0.027536
-9.090000	0.027567	0.027567
-9.080000	0.027597	0.027597
-9.070000	0.027627	0.027627
-9.060000	0.027658	0.027658
-9.050000	0.027688	0.027688
-9.040000	0.027719	0.027719
-9.030000	0.027749	0.027749
-9.020000	0.027779	0.027779
-9.010000	0.027810	0.027810
-9.000000	0.027840	0.027840
-8.990000	0.027870	0.027870
-8.980000	0.027901	0.027901
-8.970000	0.027931	0.027931
-8.960000	0.027961	0.027961
-8.950000	0.027992	0.027992
-8.940000	0.028022	0.028022
-8.930000	0.028052	0.028052
-8.920000	0.028083	0.028083
-8.910000	0.028113	0.028113
-8.900000	0.028143	0.028143
-8.890000	0.028173	0.028173
-8.880000	0.028204	0.028204
-8.870000	0.028234	0.028234
-8.860000	0.028264	0.028264
-8.850000	0.028294	0.028294
-8.840000	0.028325	0.028325
-8.830000	0.028355	0.028355
-8.820000	0.028385	0.028385
-8.810000	0.028415	0.028415
-8.800000	0.028446	0.028446
-8.790000	0.028476	0.028476
-8.780000	0.028506	0.028506
-8.770000	0.028536	0.028536
-8.760000	0.028566	0.028566
-8.750000	0.028596	0.028596
-8.740000	0.028627	0.028627
-8.730000	0.028657	0.028657
-8.720000	0.028687	0.028687
-8.710000	0.028717	0.028717
-8.700000	0.028747	0.028747
-8.690000	0.028777	0.028777
-8.680000	0.028807	0.028807
-8.670000	0.028837	0.028837
-8.660000	0.028867	0.028867
-8.650000	0.028897	0.028897
-8.640000	0.028927	0.028927
-8.630000	0.028957	0.028957
-8.620000	0.028988	0.028988
-8.610000	0.029018	0.029018
-8.600000	0.029048	0.029048
-8.590000	0.029078	0.029078
-8.580000	0.029107	0.029107
-8.570000	0.029137	0.029137
-8.560000	0.029167	0.029167
-8.550000	0.029197	0.029197
-8.540000	0.029227	0.029227
-8.530000	0.029257	0.029257
-8.520000	0.029287	0.029287
-8.510000	0.029317	0.029317
-8.500000	0.029347	0.029347
-8.490000	0.029377	0.029377
-8.480000	0.029407	0.029407
-8.470000	0.029437	0.029437
-8.460000	0.029466	0.029466
-8.450000	0.029496	0.029496
-8.440000	0.029526	0.029526
-8.430000	0.029556	0.029556
-8.420000	0.029586	0.029586
-8.410000	0.029616	0.029616
-8.400000	0.029645	0.029645
-8.390000	0.029675	0.029675
-8.380000	0.029705	0.029705
-8.370000	0.029735	0.029735
-8.360000	0.029764	0.029764
-8.350000	0.029794	0.029794
-8.340000	0.029824	0.029824
-8.330000	0.029853	0.029853
-8.320000	0.029883	0.029883
-8.310000	0.029913	0.029913
-8.300000	0.029942	0.029942
-8.290000	0.029972	0.029972
-8.280000	0.030002	0.030002
-8.270000	0.030031	0.030031
-8.260000	0.030061	0.030061
-8.250000	0.030090	0.030090
-8.240000	0.030120	0.030120
-8.230000	0.030150	0.030150
-8.220000	0.030179	0.030179
-8.210000	0.030209	0.030209
-8.200000	0.030238	0.030238
-8.190000	0.030268	0.030268
-8.180000	0.030297	0.030297
-8.170000	0.030327	0.030327
-8.160000	0.030356	0.030356
-8.150000	0.030386	0.030386
-8.140000	0.030415	0.030415
-8.130000	0.030445	0.030445
-8.120000	0.030474	0.030474
-8.110000	0.030503	0.030503
-8.100000	0.030533	0.030533
-8.090000	0.030562	0.030562
-8.080000	0.030591	0.030591
-8.070000	0.030621	0.030621
-8.060000	0.030650	0.030650
-8.050000	0.030679	0.030679
-8.040000	0.030709	0.030709
-8.030000	0.030738	0.030738
-8.020000	0.030767	0.030767
-8.010000	0.030797	0.030797
-8.000000	0.030826	0.030826
-7.990000	0.030855	0.030855
-7.980000	0.030884	0.030884
-7.970000	0.030913	0.030913
-7.960000	0.030943	0.030943
-7.950000	0.030972	0.030972
-7.940000	0.031001	0.031001
-7.930000	0.031030	0.031030
-7.920000	0.031059	0.031059
-7.910000	0.031088	0.031088
-7.900000	0.031117	0.031117
-7.890000	0.031146	0.031146
-7.880000	0.031175	0.031175
-7.870000	0.031205	0.031205
-7.860000	0.031234	0.031234
-7.850000	0.031263	0.031263
-7.840000	0.031292	0.031292
-7.830000	0.031321	0.031321
-7.820000	0.031349	0.031349
-7.810000	0.031378	0.031378
-7.800000	0.031407	0.031407
-7.790000	0.031436	0.031436
-7.780000	0.031465	0.031465
-7.770000	0.031494	0.031494
-7.760000	0.031523	0.031523
-7.750000	0.031552	0.031552
-7.740000	0.031581	0.031581
-7.730000	0.031609	0.031609
-7.720000	0.031638	0.031638
-7.710000	0.031667	0.031667
-7.700000	0.031696	0.031696
-7.690000	0.031724	0.031724
-7.680000	0.031753	0.031753
-7.670000	0.031782	0.031782
-7.660000	0.031811	0.031811
-7.650000	0.031839	0.031839
-7.640000	0.031868	0.031868
-7.630000	0.031896	0.031896
-7.620000	0.031925	0.031925
-7.610000	0.031954	0.031954
-7.600000	0.031982	0.031982
-7.590000	0.032011	0.032011
-7.580000	0.032039	0.032039
-7.570000	0.032068	0.032068
-7.560000	0.032096	0.032096
-7.550000	0.032125	0.032125
-7.540000	0.032153	0.032153
-7.530000	0.032182	0.032182
-7.520000	0.032210	0.032210
-7.510000	0.032239	0.032239
-7.500000	0.032267	0.032267
-7.490000	0.032295	0.032295
-7.480000	0.032324	0.032324
-7.470000	0.032352	0.032352
-7.460000	0.032381	0.032381
-7.450000	0.032409	0.032409
-7.440000	0.032437	0.032437
-7.430000	0.032465	0.032465
-7.420000	0.032494	0.032494
-7.410000	0.032522	0.032522
-7.400000	0.032550	0.032550
-7.390000	0.032578	0.032578
-7.380000	0.032606	0.032606
-7.370000	0.032635	0.032635
-7.360000	0.032663	0.032663
-7.350000	0.032691	0.032691
-7.340000	0.032719	0.032719
-7.330000	0.032747	0.032747
-7.320000	0.032775	0.032775
-7.310000	0.032803	0.032803
-7.300000	0.032831	0.032831
-7.290000	0.032859	0.032859
-7.280000	0.032887	0.032887
-7.270000	0.032915	0.032915
-7.260000	0.032943	0.032943
-7.250000	0.032971	0.032971
-7.240000	0.032999	0.032999
-7.230000	0.033027	0.033027
-7.220000	0.033054	0.033054
-7.210000	0.033082	0.033082
-7.200000	0.033110	0.033110
-7.190000	0.033138	0.033138
-7.180000	0.033166	0.033166
-7.170000	0.033193	0.033193
-7.160000	0.033221	0.033221
-7.150000	0.033249	0.033249
-7.140000	0.033276	0.033276
-7.130000	0.033304	0.033304
-7.120000	0.033332	0.033332
-7.110000	0.033359	0.033359
-7.100000	0.033387	0.033387
-7.090000	0.033415	0.033415
-7.080000	0.033442	0.033442
-7.070000	0.033470	0.033470
-7.060000	0.033497	0.033497
-7.050000	0.033525	0.033525
-7.040000	0.033552	0.033552
-7.030000	0.033579	0.033579
-7.020000	0.033607	0.033607
-7.010000	0.033634	0.033634
-7.000000	0.033662	0.033662
-6.990000	0.033689	0.033689
-6.980000	0.033716	0.033716
-6.970000	0.033744	0.033744
-6.960000	0.033771	0.033771
-6.950000	0.033798	0.033798
-6.940000	0.033825	0.033825
-6.930000	0.033853	0.033853
-6.920000	0.033880	0.033880
-6.910000	0.033907	0.033907
-6.900000	0.033934	0.033934
-6.890000	0.033961	0.033961
-6.880000	0.033988	0.033988
-6.870000	0.034016	0.034016
-6.860000	0.034043	0.034043
-6.850000	0.034070	0.034070
-6.840000	0.034097	0.034097
-6.830000	0.034124	0.034124
-6.820000	0.034151	0.034151
-6.810000	0.034178	0.034178
-6.800000	0.034204	0.034204
-6.790000	0.034231	0.034231
-6.780000	0.034258	0.034258
-6.770000	0.034285	0.034285
-6.760000	0.034312	0.034312
-6.750000	0.034339	0.034339
-6.740000	0.034365	0.034365
-6.730000	0.034392	0.034392
-6.720000	0.034419	0.034419
-6.710000	0.034446	0.034446
-6.700000	0.034472	0.034472
-6.690000	0.034499	0.034499
-6.680000	0.034526	0.034526
-6.670000	0.034552	0.034552
-6.660000	0.034579	0.034579
-6.650000	0.034605	0.034605
-6.640000	0.034632	0.034632
-6.630000	0.034658	0.034658
-6.620000	0.034685	0.034685
-6.610000	0.034711	0.034711
-6.600000	0.034738	0.034738
-6.590000	0.034764	0.034764
-6.580000	0.034791	0.034791
-6.570000	0.034817	0.034817
-6.560000	0.034843	0.034843
-6.550000	0.034870	0.034870
-6.540000	0.034896	0.034896
-6.530000	0.034922	0.034922
-6.520000	0.034948	0.034948
-6.510000	0.034975	0.034975
-6.500000	0.035001	0.035001
-6.490000	0.035027	0.035027
-6.480000	0.035053	0.035053
-6.470000	0.035079	0.035079
-6.460000	0.035105	0.035105
-6.450000	0.035131	0.035131
-6.440000	0.035157	0.035157
-6.430000	0.035183	0.035183
-6.420000	0.035209	0.035209
-6.410000	0.035235	0.035235
-6.400000	0.035261	0.035261
-6.390000	0.035287	0.035287
-6.380000	0.035313	0.035313
-6.370000	0.035339	0.035339
-6.360000	0.035365	0.035365
-6.350000	0.035390	0.035390
-6.340000	0.035416	0.035416
-6.330000	0.035442	0.035442
-6.320000	0.035468	0.035468
-6.310000	0.035493	0.035493
-6.300000	0.035519	0.035519
-6.290000	0.035544	0.035544
-6.280000	0.035570	0.035570
-6.270000	0.035596	0.035596
-6.260000	0.035621	0.035621
-6.250000	0.035647	0.035647
-6.240000	0.035672	0.035672
-6.230000	0.035698	0.035698
-6.220000	0.035723	0.035723
-6.210000	0.035749	0.035749
-6.200000	0.035774	0.035774
-6.190000	0.035799	0.035799
-6.180000	0.035825	0.035825
-6.170000	0.035850	0.035850
-6.160000	0.035875	0.035875
-6.150000	0.035900	0.035900
-6.140000	0.035926	0.035926
-6.130000	0.035951	0.035951
-6.120000	0.035976	0.035976
-6.110000	0.036001	0.036001
-6.100000	0.036026	0.036026
-6.090000	0.036051	0.036051
-6.080000	0.036076	0.036076
-6.070000	0.036101	0.036101
-6.060000	0.036126	0.036126
-6.050000	0.036151	0.036151
-6.040000	0.036176	0.036176
-6.030000	0.036201	0.036201
-6.020000	0.036226	0.036226
-6.010000	0.036251	0.036251
-6.000000	0.036276	0.036276
-5.990000	0.036301	0.036301
-5.980000	0.036325	0.036325
-5.970000	0.036350	0.036350
-5.960000	0.036375	0.036375
-5.950000	0.036399	0.036399
-5.940000	0.036424	0.036424
-5.930000	0.036449	0.036449
-5.920000	0.036473	0.036473
-5.910000	0.036498	0.036498
-5.900000	0.036522	0.036522
-5.890000	0.036547	0.036547
-5.880000	0.036571	0.036571
-5.870000	0.036596	0.036596
-5.860000	0.036620	0.036620
-5.850000	0.036645	0.036645
-5.840000	0.036669	0.036669
-5.830000	0.036693	0.036693
-5.820000	0.036718	0.036718
-5.810000	0.036742	0.036742
-5.800000	0.036766	0.036766
-5.790000	0.036790	0.036790
-5.780000	0.036814	0.036814
-5.770000	0.036839	0.036839
-5.760000	0.036863	0.036863
-5.750000	0.036887	0.036887
-5.740000	0.036911	0.036911
-5.730000	0.036935	0.036935
-5.720000	0.036959	0.036959
-5.710000	0.036983	0.036983
-5.700000	0.037007	0.037007
-5.690000	0.037031	0.037031
-5.680000	0.037055	0.037055
-5.670000	0.037078	0.037078
-5.660000	0.037102	0.037102
-5.650000	0.037126	0.037126
-5.640000	0.037150	0.037150
-5.630000	0.037173	0.037173
-5.620000	0.037197	0.037197
-5.610000	0.037221	0.037221
-5.600000	0.037244	0.037244
-5.590000	0.037268	0.037268
-5.580000	0.037292	0.037292
-5.570000	0.037315	0.037315
-5.560000	0.037339	0.037339
-5.550000	0.037362	0.037362
-5.540000	0.037385	0.037385
-5.530000	0.037409	0.037409
-5.520000	0.037432	0.037432
-5.510000	0.037456	0.037456
-5.500000	0.037479	0.037479
-5.490000	0.037502	0.037502
-5.480000	0.037525	0.037525
-5.470000	0.037549	0.037549
-5.460000	0.037572	0.037572
-5.450000	0.037595	0.037595
-5.440000	0.037618	0.037618
-5.430000	0.037641	0.037641
-5.420000	0.037664	0.037664
-5.410000	0.037687	0.037687
-5.400000	0.037710	0.037710
-5.390000	0.037733	0.037733
-5.380000	0.037756	0.037756
-5.370000	0.037779	0.037779
-5.360000	0.037802	0.037802
-5.350000	0.037825	0.037825
-5.340000	0.037847	0.037847
-5.330000	0.037870	0.037870
-5.320000	0.037893	0.037893
-5.310000	0.037916	0.037916
-5.300000	0.037938	0.037938
-5.290000	0.037961	0.037961
-5.280000	0.037984	0.037984
-5.270000	0.038006	0.038006
-5.260000	0.038029	0.038029
-5.250000	0.038051	0.038051
-5.240000	0.038074	0.038074
-5.230000	0.038096	0.038096
-5.220000	0.038118	0.038118
-5.210000	0.038141	0.038141
-5.200000	0.038163	0.038163
-5.190000	0.038185	0.038185
-5.180000	0.038208	0.038208
-5.170000	0.038230	0.038230
-5.160000	0.038252	0.038252
-5.150000	0.038274	0.038274
-5.140000	0.038296	0.038296
-5.130000	0.038319	0.038319
-5.120000	0.038341	0.038341
-5.110000	0.038363	0.038363
-5.100000	0.038385	0.038385
-5.090000	0.038407	0.038407
-5.080000	0.038428	0.038428
-5.070000	0.038450	0.038450
-5.060000	0.038472	0.038472
-5.050000	0.038494	0.038494
-5.040000	0.038516	0.038516
-5.030000	0.038538	0.038538
-5.020000	0.038559	0.038559
-5.010000	0.038581	0.038581
-5.000000	0.038603	0.038603
-4.990000	0.038624	0.038624
-4.980000	0.038646	0.038646
-4.970000	0.038667	0.038667
-4.960000	0.038689	0.038689
-4.950000	0.038710	0.038710
-4.940000	0.038732	0.038732
-4.930000	0.038753	0.038753
-4.920000	0.038775	0.038775
-4.910000	0.038796	0.038796
-4.900000	0.038817	0.038817
-4.890000	0.038839	0.038839
-4.880000	0.038860	0.038860
-4.870000	0.038881	0.038881
-4.860000	0.038902	0.038902
-4.850000	0.038923	0.038923
-4.840000	0.038944	0.038944
-4.830000	0.038965	0.038965
-4.820000	0.038986	0.038986
-4.810000	0.039007	0.039007
-4.800000	0.039028	0.039028
-4.790000	0.039049	0.039049
-4.780000	0.039070	0.039070
-4.770000	0.039091	0.039091
-4.760000	0.039112	0.039112
-4.750000	0.039133	0.039133
-4.740000	0.039153	0.039153
-4.730000	0.039174	0.039174
-4.720000	0.039195	0.039195
-4.710000	0.039215	0.039215
-4.700000	0.039236	0.039236
-4.690000	0.039257	0.039257
-4.680000	0.039277	0.039277
-4.670000	0.039298	0.039298
-4.660000	0.039318	0.039318
-4.650000	0.039338	0.039338
-4.640000	0.039359	0.039359
-4.630000	0.039379	0.039379
-4.620000	0.039399	0.039399
-4.610000	0.039420	0.039420
-4.600000	0.039440	0.039440
-4.590000	0.039460	0.039460
-4.580000	0.039480	0.039480
-4.570000	0.039500	0.039500
-4.560000	0.039521	0.039521
-4.550000	0.039541	0.039541
-4.540000	0.039561	0.039561
-4.530000	0.039581	0.039581
-4.520000	0.039601	0.039601
-4.510000	0.039620	0.039620
-4.500000	0.039640	0.039640
-4.490000	0.039660	0.039660
-4.480000	0.039680	0.039680
-4.470000	0.039700	0.039700
-4.460000	0.039719	0.039719
-4.450000	0.039739	0.039739
-4.440000	0.039759	0.039759
-4.430000	0.039778	0.039778
-4.420000	0.039798	0.039798
-4.410000	0.039817	0.039817
-4.400000	0.039837	0.039837
-4.390000	0.039856	0.039856
-4.380000	0.039876	0.039876
-4.370000	0.039895	0.039895
-4.360000	0.039915	0.039915
-4.350000	0.039934	0.039934
-4.340000	0.039953	0.039953
-4.330000	0.039972	0.039972
-4.320000	0.039992	0.039992
-4.310000	0.040011	0.040011
-4.300000	0.040030	0.040030
-4.290000	0.040049	0.040049
-4.280000	0.040068	0.040068
-4.270000	0.040087	0.040087
-4.260000	0.040106	0.040106
-4.250000	0.040125	0.040125
-4.240000	0.040144	0.040144
-4.230000	0.040163	0.040163
-4.220000	0.040181	0.040181
-4.210000	0.040200	0.040200
-4.200000	0.040219	0.040219
-4.190000	0.040238	0.040238
-4.180000	0.040256	0.040256
-4.170000	0.040275	0.040275
-4.160000	0.040293	0.040293
-4.150000	0.040312	0.040312
-4.140000	0.040331	0.040331
-4.130000	0.040349	0.040349
-4.120000	0.040367	0.040367
-4.110000	0.040386	0.040386
-4.100000	0.040404	0.040404
-4.090000	0.040422	0.040422
-4.080000	0.040441	0.040441
-4.070000	0.040459	0.040459
-4.060000	0.040477	0.040477
-4.050000	0.040495	0.040495
-4.040000	0.040513	0.040513
-4.030000	0.040532	0.040532
-4.020000	0.040550	0.040550
-4.010000	0.040568	0.040568
-4.000000	0.040586	0.040586
-3.990000	0.040603	0.040603
-3.980000	0.040621	0.040621
-3.970000	0.040639	0.040639
-3.960000	0.040657	0.040657
-3.950000	0.040675	0.040675
-3.940000	0.040693	0.040693
-3.930000	0.040710	0.040710
-3.920000	0.040728	0.040728
-3.910000	0.040745	0.040745
-3.900000	0.040763	0.040763
-3.890000	0.040781	0.040781
-3.880000	0.040798	0.040798
-3.870000	0.040815	0.040815
-3.860000	0.040833	0.040833
-3.850000	0.040850	0.040850
-3.840000	0.040868	0.040868
-3.830000	0.040885	0.040885
-3.820000	0.040902	0.040902
-3.810000	0.040919	0.040919
-3.800000	0.040937	0.040937
-3.790000	0.040954	0.040954
-3.780000	0.040971	0.040971
-3.770000	0.040988	0.040988
-3.760000	0.041005	0.041005
-3.750000	0.041022	0.041022
-3.740000	0.041039	0.041039
-3.730000	0.041056	0.041056
-3.720000	0.041072	0.041072
-3.710000	0.041089	0.041089
-3.700000	0.041106	0.041106
-3.690000	0.041123	0.041123
-3.680000	0.041139	0.041139
-3.670000	0.041156	0.041156
-3.660000	0.041173	0.041173
-3.650000	0.041189	0.041189
-3.640000	0.041206	0.041206
-3.630000	0.041222	0.041222
-3.620000	0.041239	0.041239
-3.610000	0.041255	0.041255
-3.600000	0.041271	0.041271
-3.590000	0.041288	0.041288
-3.580000	0.041304	0.041304
-3.570000	0.041320	0.041320
-3.560000	0.041336	0.041336
-3.550000	0.041353	0.041353
-3.540000	0.041369	0.041369
-3.530000	0.041385	0.041385
-3.520000	0.041401	0.041401
-3.510000	0.041417	0.041417
-3.500000	0.041433	0.041433
-3.490000	0.041449	0.041449
-3.480000	0.041465	0.041465
-3.470000	0.041480	0.041480
-3.460000	0.041496	0.041496
-3.450000	0.041512	0.041512
-3.440000	0.041528	0.041528
-3.430000	0.041543	0.041543
-3.420000	0.041559	0.041559
-3.410000	0.041575	0.041575
-3.400000	0.041590	0.041590
-3.390000	0.041606	0.041606
-3.380000	0.041621	0.041621
-3.370000	0.041636	0.041636
-3.360000	0.041652	0.041652
-3.350000	0.041667	0.041667
-3.340000	0.041682	0.041682
-3.330000	0.041698	0.041698
-3.320000	0.041713	0.041713
-3.310000	0.041728	0.041728
-3.300000	0.041743	0.041743
-3.290000	0.041758	0.041758
-3.280000	0.041773	0.041773
-3.270000	0.041788	0.041788
-3.260000	0.041803	0.041803
-3.250000	0.041818	0.041818
-3.240000	0.041833	0.041833
-3.230000	0.041848	0.041848
-3.220000	0.041863	0.041863
-3.210000	0.041877	0.041877
-3.200000	0.041892	0.041892
-3.190000	0.041907	0.041907
-3.180000	0.041921	0.041921
-3.170000	0.041936	0.041936
-3.160000	0.041950	0.041950
-3.150000	0.041965	0.041965
-3.140000	0.041979	0.041979
-3.130000	0.041994	0.041994
-3.120000	0.042008	0.042008
-3.110000	0.042022	0.042022
-3.100000	0.042037	0.042037
-3.090000	0.042051	0.042051
-3.080000	0.042065	0.042065
-3.070000	0.042079	0.042079
-3.060000	0.042093	0.042093
-3.050000	0.042107	0.042107
-3.040000	0.042121	0.042121
-3.030000	0.042135	0.042135
-3.020000	0.042149	0.042149
-3.010000	0.042163	0.042163
-3.000000	0.042177	0.042177
-2.990000	0.042191	0.042191
-2.980000	0.042205	0.042205
-2.970000	0.042218	0.042218
-2.960000	0.042232	0.042232
-2.950000	0.042246	0.042246
-2.940000	0.042259	0.042259
-2.930000	0.042273	0.042273
-2.920000	0.042286	0.042286
-2.910000	0.042300	0.042300
-2.900000	0.042313	0.042313
-2.890000	0.042327	0.042327
-2.880000	0.042340	0.042340
-2.870000	0.042353	0.042353
-2.860000	0.042366	0.042366
-2.850000	0.042380	0.042380
-2.840000	0.042393	0.042393
-2.830000	0.042406	0.042406
-2.820000	0.042419	0.042419
-2.810000	0.042432	0.042432
-2.800000	0.042445	0.042445
-2.790000	0.042458	0.042458
-2.780000	0.042471	0.042471
-2.770000	0.042484	0.042484
-2.760000	0.042497	0.042497
-2.750000	0.042509	0.042509
-2.740000	0.042522	0.042522
-2.730000	0.042535	0.042535
-2.720000	0.042547	0.042547
-2.710000	0.042560	0.042560
-2.700000	0.042572	0.042572
-2.690000	0.042585	0.042585
-2.680000	0.042597	0.042597
-2.670000	0.042610	0.042610
-2.660000	0.042622	0.042622
-2.650000	0.042635	0.042635
-2.640000	0.042647	0.042647
-2.630000	0.042659	0.042659
-2.620000	0.042671	0.042671
-2.610000	0.042683	0.042683
-2.600000	0.042696	0.042696
-2.590000	0.042708	0.042708
-2.580000	0.042720	0.042720
-2.570000	0.042732	0.042732
-2.560000	0.042744	0.042744
-2.550000	0.042755	0.042755
-2.540000	0.042767	0.042767
-2.530000	0.042779	0.042779
-2.520000	0.042791	0.042791
-2.510000	0.042803	0.042803
-2.500000	0.042814	0.042814
-2.490000	0.042826	0.042826
-2.480000	0.042837	0.042837
-2.470000	0.042849	0.042849
-2.460000	0.042860	0.042860
-2.450000	0.042872	0.042872
-2.440000	0.042883	0.042883
-2.430000	0.042895	0.042895
-2.420000	0.042906	0.042906
-2.410000	0.042917	0.042917
-2.400000	0.042928	0.042928
-2.390000	0.042940	0.042940
-2.380000	0.042951	0.042951
-2.370000	0.042962	0.042962
-2.360000	0.042973	0.042973
-2.350000	0.042984	0.042984
-2.340000	0.042995	0.042995
-2.330000	0.043006	0.043006
-2.320000	0.043017	0.043017
-2.310000	0.043027	0.043027
-2.300000	0.043038	0.043038
-2.290000	0.043049	0.043049
-2.280000	0.043060	0.043060
-2.270000	0.043070	0.043070
-2.260000	0.043081	0.043081
-2.250000	0.043091	0.043091
-2.240000	0.043102	0.043102
-2.230000	0.043112	0.043112
-2.220000	0.043123	0.043123
-2.210000	0.043133	0.043133
-2.200000	0.043143	0.043143
-2.190000	0.043154	0.043154
-2.180000	0.043164	0.043164
-2.170000	0.043174	0.043174
-2.160000	0.043184	0.043184
-2.150000	0.043194	0.043194
-2.140000	0.043204	0.043204
-2.130000	0.043214	0.043214
-2.120000	0.043224	0.043224
-2.110000	0.043234	0.043234
-2.100000	0.043244	0.043244
-2.090000	0.043254	0.043254
-2.080000	0.043264	0.043264
-2.070000	0.043273	0.043273
-2.060000	0.043283	0.043283
-2.050000	0.043293	0.043293
-2.040000	0.043302	0.043302
-2.030000	0.043312	0.043312
-2.020000	0.043321	0.043321
-2.010000	0.043331	0.043331
-2.000000	0.043340	0.043340
-1.990000	0.043350	0.043350
-1.980000	0.043359	0.043359
-1.970000	0.043368	0.043368
-1.960000	0.043378	0.043378
-1.950000	0.043387	0.043387
-1.940000	0.043396	0.043396
-1.930000	0.043405	0.043405
-1.920000	0.043414	0.043414
-1.910000	0.043423	0.043423
-1.900000	0.043432	0.043432
-1.890000	0.043441	0.043441
-1.880000	0.043450	0.043450
-1.870000	0.043459	0.043459
-1.860000	0.043467	0.043467
-1.850000	0.043476	0.043476
-1.840000	0.043485	0.043485
-1.830000	0.043493	0.043493
-1.820000	0.043502	0.043502
-1.810000	0.043511	0.043511
-1.800000	0.043519	0.043519
-1.790000	0.043528	0.043528
-1.780000	0.043536	0.043536
-1.770000	0.043544	0.043544
-1.760000	0.043553	0.043553
-1.750000	0.043561	0.043561
-1.740000	0.043569	0.043569
-1.730000	0.043577	0.043577
-1.720000	0.043585	0.043585
-1.710000	0.043594	0.043594
-1.700000	0.043602	0.043602
-1.690000	0.043610	0.043610
-1.680000	0.043618	0.043618
-1.670000	0.043625	0.043625
-1.660000	0.043633	0.043633
-1.650000	0.043641	0.043641
-1.640000	0.043649	0.043649
-1.630000	0.043657	0.043657
-1.620000	0.043664	0.043664
-1.610000	0.043672	0.043672
-1.600000	0.043679	0.043679
-1.590000	0.043687	0.043687
-1.580000	0.043694	0.043694
-1.570000	0.043702	0.043702
-1.560000	0.043709	0.043709
-1.550000	0.043717	0.043717
-1.540000	0.043724	0.043724
-1.530000	0.043731	0.043731
-1.520000	0.043738	0.043738
-1.510000	0.043746	0.043746
-1.500000	0.043753	0.043753
-1.490000	0.043760	0.043760
-1.480000	0.043767	0.043767
-1.470000	0.043774	0.043774
-1.460000	0.043781	0.043781
-1.450000	0.043788	0.043788
-1.440000	0.043794	0.043794
-1.430000	0.043801	0.043801
-1.420000	0.043808	0.043808
-1.410000	0.043815	0.043815
-1.400000	0.043821	0.043821
-1.390000	0.043828	0.043828
-1.380000	0.043834	0.043834
-1.370000	0.043841	0.043841
-1.360000	0.043847	0.043847
-1.350000	0.043854	0.043854
-1.340000	0.043860	0.043860
-1.330000	0.043867	0.043867
-1.320000	0.043873	0.043873
-1.310000	0.043879	0.043879
-1.300000	0.043885	0.043885
-1.290000	0.043891	0.043891
-1.280000	0.043897	0.043897
-1.270000	0.043903	0.043903
-1.260000	0.043909	0.043909
-1.250000	0.043915	0.043915
-1.240000	0.043921	0.043921
-1.230000	0.043927	0.043927
-1.220000	0.043933	0.043933
-1.210000	0.043939	0.043939
-1.200000	0.043944	0.043944
-1.190000	0.043950	0.043950
-1.180000	0.043956	0.043956
-1.170000	0.043961	0.043961
-1.160000	0.043967	0.043967
-1.150000	0.043972	0.043972
-1.140000	0.043978	0.043978
-1.130000	0.043983	0.043983
-1.120000	0.043988	0.043988
-1.110000	0.043994	0.043994
-1.100000	0.043999	0.043999
-1.090000	0.044004	0.044004
-1.080000	0.044009	0.044009
-1.070000	0.044014	0.044014
-1.060000	0.044020	0.044020
-1.050000	0.044025	0.044025
-1.040000	0.044030	0.044030
-1.030000	0.044034	0.044034
-1.020000	0.044039	0.044039
-1.010000	0.044044	0.044044
-1.000000	0.044049	0.044049
-0.990000	0.044054	0.044054
-0.980000	0.044058	0.044058
-0.970000	0.044063	0.044063
-0.960000	0.044068	0.044068
-0.950000	0.044072	0.044072
-0.940000	0.044077	0.044077
-0.930000	0.044081	0.044081
-0.920000	0.044085	0.044085
-0.910000	0.044090	0.044090
-0.900000	0.044094	0.044094
-0.890000	0.044098	0.044098
-0.880000	0.044102	0.044102
-0.870000	0.044107	0.044107
-0.860000	0.044111	0.044111
-0.850000	0.044115	0.044115
-0.840000	0.044119	0.044119
-0.830000	0.044123	0.044123
-0.820000	0.044127	0.044127
-0.810000	0.044131	0.044131
-0.800000	0.044134	0.044134
-0.790000	0.044138	0.044138
-0.780000	0.044142	0.044142
-0.770000	0.044146	0.044146
-0.760000	0.044149	0.044149
-0.750000	0.044153	0.044153
-0.740000	0.044156	0.044156
-0.730000	0.044160	0.044160
-0.720000	0.044163	0.044163
-0.710000	0.044167	0.044167
-0.700000	0.044170	0.044170
-0.690000	0.044173	0.044173
-0.680000	0.044177	0.044177
-0.670000	0.044180	0.044180
-0.660000	0.044183	0.044183
-0.650000	0.044186	0.044186
-0.640000	0.044189	0.044189
-0.630000	0.044192	0.044192
-0.620000	0.044195	0.044195
-0.610000	0.044198	0.044198
-0.600000	0.044201	0.044201
-0.590000	0.044204	0.044204
-0.580000	0.044207	0.044207
-0.570000	0.044209	0.044209
-0.560000	0.044212	0.044212
-0.550000	0.044215	0.044215
-0.540000	0.044217	0.044217
-0.530000	0.044220	0.044220
-0.520000	0.044222	0.044222
-0.510000	0.044225	0.044225
-0.500000	0.044227	0.044227
-0.490000	0.044230	0.044230
-0.480000	0.044232	0.044232
-0.470000	0.044234	0.044234
-0.460000	0.044236	0.044236
-0.450000	0.044239	0.044239
-0.440000	0.044241	0.044241
-0.430000	0.044243	0.044243
-0.420000	0.044245	0.044245
-0.410000	0.044247	0.044247
-0.400000	0.044249	0.044249
-0.390000	0.044251	0.044251
-0.380000	0.044252	0.044252
-0.370000	0.044254	0.044254
-0.360000	0.044256	0.044256
-0.350000	0.044258	0.044258
-0.340000	0.044259	0.044259
-0.330000	0.044261	0.044261
-0.320000	0.044262	0.044262
-0.310000	0.044264	0.044264
-0.300000	0.044265	0.044265
-0.290000	0.044267	0.044267
-0.280000	0.044268	0.044268
-0.270000	0.044269	0.044269
-0.260000	0.044271	0.044271
-0.250000	0.044272	0.044272
-0.240000	0.044273	0.044273
-0.230000	0.044274	0.044274
-0.220000	0.044275	0.044275
-0.210000	0.044276	0.044276
-0.200000	0.044277	0.044277
-0.190000	0.044278	0.044278
-0.180000	0.044279	0.044279
-0.170000	0.044280	0.044280
-0.160000	0.044281	0.044281
-0.150000	0.044281	0.044281
-0.140000	0.044282	0.044282
-0.130000	0.044283	0.044283
-0.120000	0.044283	0.044283
-0.110000	0.044284	0.044284
-0.100000	0.044284	0.044284
-0.090000	0.044285	0.044285
-0.080000	0.044285	0.044285
-0.070000	0.044286	0.044286
-0.060000	0.044286	0.044286
-0.050000	0.044286	0.044286
-0.040000	0.044286	0.044286
-0.030000	0.044287	0.044287
-0.020000	0.044287	0.044287
-0.010000	0.044287	0.044287
-0.000000	0.044287	0.044287
0.010000	0.044287	0.044287
0.020000	0.044287	0.044287
0.030000	0.044287	0.044287
0.040000	0.044286	0.044286
0.050000	0.044286	0.044286
0.060000	0.044286	0.044286
0.070000	0.044286	0.044286
0.080000	0.044285	0.044285
0.090000	0.044285	0.044285
0.100000	0.044284	0.044284
0.110000	0.044284	0.044284
0.120000	0.044283	0.044283
0.130000	0.044283	0.044283
0.140000	0.044282	0.044282
0.150000	0.044281	0.044281
0.160000	0.044281	0.044281
0.170000	0.044280	0.044280
0.180000	0.044279	0.044279
0.190000	0.044278	0.044278
0.200000	0.044277	0.044277
0.210000	0.044276	0.044276
0.220000	0.044275	0.044275
0.230000	0.044274	0.044274
0.240000	0.044273	0.044273
0.250000	0.044272	0.044272
0.260000	0.044271	0.044271
0.270000	0.044269	0.044269
0.280000	0.044268	0.044268
0.290000	0.044267	0.044267
0.300000	0.044265	0.044265
0.310000	0.044264	0.044264
0.320000	0.044262	0.044262
0.330000	0.044261	0.044261
0.340000	0.044259	0.044259
0.350000	0.044258	0.044258
0.360000	0.044256	0.044256
0.370000	0.044254	0.044254
0.380000	0.044252	0.044252
0.390000	0.044251	0.044251
0.400000	0.044249	0.044249
0.410000	0.044247	0.044247
0.420000	0.044245	0.044245
0.430000	0.044243	0.044243
0.440000	0.044241	0.044241
0.450000	0.044239	0.044239
0.460000	0.044236	0.044236
0.470000	0.044234	0.044234
0.480000	0.044232	0.044232
0.490000	0.044230	0.044230
0.500000	0.044227	0.044227
0.510000	0.044225	0.044225
0.520000	0.044222	0.044222
0.530000	0.044220	0.044220
0.540000	0.044217	0.044217
0.550000	0.044215	0.044215
0.560000	0.044212	0.044212
0.570000	0.044209	0.044209
0.580000	0.044207	0.044207
0.590000	0.044204	0.044204
0.600000	0.044201	0.044201
0.610000	0.044198	0.044198
0.620000	0.044195	0.044195
0.630000	0.044192	0.044192
0.640000	0.044189	0.044189
0.650000	0.044186	0.044186
0.660000	0.044183	0.044183
0.670000	0.044180	0.044180
0.680000	0.044177	0.044177
0.690000	0.044173	0.044173
0.700000	0.044170	0.044170
0.710000	0.044167	0.044167
0.720000	0.044163	0.044163
0.730000	0.044160	0.044160
0.740000	0.044156	0.044156
0.750000	0.044153	0.044153
0.760000	0.044149	0.044149
0.770000	0.044146	0.044146
0.780000	0.044142	0.044142
0.790000	0.044138	0.044138
0.800000	0.044134	0.044134
0.810000	0.044131	0.044131
0.820000	0.044127	0.044127
0.830000	0.044123	0.044123
0.840000	0.044119	0.044119
0.850000	0.044115	0.044115
0.860000	0.044111	0.044111
0.870000	0.044107	0.044107
0.880000	0.044102	0.044102
0.890000	0.044098	0.044098
0.900000	0.044094	0.044094
0.910000	0.044090	0.044090
0.920000	0.044085	0.044085
0.930000	0.044081	0.044081
0.940000	0.044077	0.044077
0.950000	0.044072	0.044072
0.960000	0.044068	0.044068
0.970000	0.044063	0.044063
0.980000	0.044058	0.044058
0.990000	0.044054	0.044054
1.000000	0.044049	0.044049
1.010000	0.044044	0.044044
1.020000	0.044039	0.044039
1.030000	0.044034	0.044034
1.040000	0.044030	0.044030
1.050000	0.044025	0.044025
1.060000	0.044020	0.044020
1.070000	0.044014	0.044014
1.080000	0.044009	0.044009
1.090000	0.044004	0.044004
1.100000	0.043999	0.043999
1.110000	0.043994	0.043994
1.120000	0.043988	0.043988
1.130000	0.043983	0.043983
1.140000	0.043978	0.043978
1.150000	0.043972	0.043972
1.160000	0.043967	0.043967
1.170000	0.043961	0.043961
1.180000	0.043956	0.043956
1.190000	0.043950	0.043950
1.200000	0.043944	0.043944
1.210000	0.043939	0.043939
1.220000	0.043933	0.043933
1.230000	0.043927	0.043927
1.240000	0.043921	0.043921
1.250000	0.043915	0.043915
1.260000	0.043909	0.043909
1.270000	0.043903	0.043903
1.280000	0.043897	0.043897
1.290000	0.043891	0.043891
1.300000	0.043885	0.043885
1.310000	0.043879	0.043879
1.320000	0.043873	0.043873
1.330000	0.043867	0.043867
1.340000	0.043860	0.043860
1.350000	0.043854	0.043854
1.360000	0.043847	0.043847
1.370000	0.043841	0.043841
1.380000	0.043834	0.043834
1.390000	0.043828	0.043828
1.400000	0.043821	0.043821
1.410000	0.043815	0.043815
1.420000	0.043808	0.043808
1.430000	0.043801	0.043801
1.440000	0.043794	0.043794
1.450000	0.043788	0.043788
1.460000	0.043781	0.043781
1.470000	0.043774	0.043774
1.480000	0.043767	0.043767
1.490000	0.043760	0.043760
1.500000	0.043753	0.043753
1.510000	0.043746	0.043746
1.520000	0.043738	0.043738
1.530000	0.043731	0.043731
1.540000	0.043724	0.043724
1.550000	0.043717	0.043717
1.560000	0.043709	0.043709
1.570000	0.043702	0.043702
1.580000	0.043694	0.043694
1.590000	0.043687	0.043687
1.600000	0.043679	0.043679
1.610000	0.043672	0.043672
1.620000	0.043664	0.043664
1.630000	0.043657	0.043657
1.640000	0.043649	0.043649
1.650000	0.043641	0.043641
1.660000	0.043633	0.043633
1.670000	0.043625	0.043625
1.680000	0.043618	0.043618
1.690000	0.043610	0.043610
1.700000	0.043602	0.043602
1.710000	0.043594	0.043594
1.720000	0.043585	0.043585
1.730000	0.043577	0.043577
1.740000	0.043569	0.043569
1.750000	0.043561	0.043561
1.760000	0.043553	0.043553
1.770000	0.043544	0.043544
1.780000	0.043536	0.043536
1.790000	0.043528	0.043528
1.800000	0.043519	0.043519
1.810000	0.043511	0.043511
1.820000	0.043502	0.043502
1.830000	0.043493	0.043493
1.840000	0.043485	0.043485
1.850000	0.043476	0.043476
1.860000	0.043467	0.043467
1.870000	0.043459	0.043459
1.880000	0.043450	0.043450
1.890000	0.043441	0.043441
1.900000	0.043432	0.043432
1.910000	0.043423	0.043423
1.920000	0.043414	0.043414
1.930000	0.043405	0.043405
1.940000	0.043396	0.043396
1.950000	0.043387	0.043387
1.960000	0.043378	0.043378
1.970000	0.043368	0.043368
1.980000	0.043359	0.043359
1.990000	0.043350	0.043350
2.000000	0.043340	0.043340
2.010000	0.043331	0.043331
2.020000	0.043321	0.043321
2.030000	0.043312	0.043312
2.040000	0.043302	0.043302
2.050000	0.043293	0.043293
2.060000	0.043283	0.043283
2.070000	0.043273	0.043273
2.080000	0.043264	0.043264
2.090000	0.043254	0.043254
2.100000	0.043244	0.043244
2.110000	0.043234	0.043234
2.120000	0.043224	0.043224
2.130000	0.043214	0.043214
2.140000	0.043204	0.043204
2.150000	0.043194	0.043194
2.160000	0.043184	0.043184
2.170000	0.043174	0.043174
2.180000	0.043164	0.043164
2.190000	0.043154	0.043154
2.200000	0.043143	0.043143
2.210000	0.043133	0.043133
2.220000	0.043123	0.043123
2.230000	0.043112	0.043112
2.240000	0.043102	0.043102
2.250000	0.043091	0.043091
2.260000	0.043081	0.043081
2.270000	0.043070	0.043070
2.280000	0.043060	0.043060
2.290000	0.043049	0.043049
2.300000	0.043038	0.043038
2.310000	0.043027	0.043027
2.320000	0.043017	0.043017
2.330000	0.043006	0.043006
2.340000	0.042995	0.042995
2.350000	0.042984	0.042984
2.360000	0.042973	0.042973
2.370000	0.042962	0.042962
2.380000	0.042951	0.042951
2.390000	0.042940	0.042940
2.400000	0.042928	0.042928
2.410000	0.042917	0.042917
2.420000	0.042906	0.042906
2.430000	0.042895	0.042895
2.440000	0.042883	0.042883
2.450000	0.042872	0.042872
2.460000	0.042860	0.042860
2.470000	0.042849	0.042849
2.480000	0.042837	0.042837
2.490000	0.042826	0.042826
2.500000	0.042814	0.042814
2.510000	0.042803	0.042803
2.520000	0.042791	0.042791
2.530000	0.042779	0.042779
2.540000	0.042767	0.042767
2.550000	0.042755	0.042755
2.560000	0.042744	0.042744
2.570000	0.042732	0.042732
2.580000	0.042720	0.042720
2.590000	0.042708	0.042708
2.600000	0.042696	0.042696
2.610000	0.042683	0.042683
2.620000	0.042671	0.042671
2.630000	0.042659	0.042659
2.640000	0.042647	0.042647
2.650000	0.042635	0.042635
2.660000	0.042622	0.042622
2.670000	0.042610	0.042610
2.680000	0.042597	0.042597
2.690000	0.042585	0.042585
2.700000	0.042572	0.042572
2.710000	0.042560	0.042560
2.720000	0.042547	0.042547
2.730000	0.042535	0.042535
2.740000	0.042522	0.042522
2.750000	0.042509	0.042509
2.760000	0.042497	0.042497
2.770000	0.042484	0.042484
2.780000	0.042471	0.042471
2.790000	0.042458	0.042458
2.800000	0.042445	0.042445
2.810000	0.042432	0.042432
2.820000	0.042419	0.042419
2.830000	0.042406	0.042406
2.840000	0.042393	0.042393
2.850000	0.042380	0.042380
2.860000	0.042366	0.042366
2.870000	0.042353	0.042353
2.880000	0.042340	0.042340
2.890000	0.042327	0.042327
2.900000	0.042313	0.042313
2.910000	0.042300	0.042300
2.920000	0.042286	0.042286
2.930000	0.042273	0.042273
2.940000	0.042259	0.042259
2.950000	0.042246	0.042246
2.960000	0.042232	0.042232
2.970000	0.042218	0.042218
2.980000	0.042205	0.042205
2.990000	0.042191	0.042191
3.000000	0.042177	0.042177
3.010000	0.042163	0.042163
3.020000	0.042149	0.042149
3.030000	0.042135	0.042135
3.040000	0.042121	0.042121
3.050000	0.042107	0.042107
3.060000	0.042093	0.042093
3.070000	0.042079	0.042079
3.080000	0.042065	0.042065
3.090000	0.042051	0.042051
3.100000	0.042037	0.042037
3.110000	0.042022	0.042022
3.120000	0.042008	0.042008
3.130000	0.041994	0.041994
3.140000	0.041979	0.041979
3.150000	0.041965	0.041965
3.160000	0.041950	0.041950
3.170000	0.041936	0.041936
3.180000	0.041921	0.041921
3.190000	0.041907	0.041907
3.200000	0.041892	0.041892
3.210000	0.041877	0.041877
3.220000	0.041863	0.041863
3.230000	0.041848	0.041848
3.240000	0.041833	0.041833
3.250000	0.041818	0.041818
3.260000	0.041803	0.041803
3.270000	0.041788	0.041788
3.280000	0.041773	0.041773
3.290000	0.041758	0.041758
3.300000	0.041743	0.041743
3.310000	0.041728	0.041728
3.320000	0.041713	0.041713
3.330000	0.041698	0.041698
3.340000	0.041682	0.041682
3.350000	0.041667	0.041667
3.360000	0.041652	0.041652
3.370000	0.041636	0.041636
3.380000	0.041621	0.041621
3.390000	0.041606	0.041606
3.400000	0.041590	0.041590
3.410000	0.041575	0.041575
3.420000	0.041559	0.041559
3.430000	0.041543	0.041543
3.440000	0.041528	0.041528
3.450000	0.041512	0.041512
3.460000	0.041496	0.041496
3.470000	0.041480	0.041480
3.480000	0.041465	0.041465
3.490000	0.041449	0.041449
3.500000	0.041433	0.041433
3.510000	0.041417	0.041417
3.520000	0.041401	0.041401
3.530000	0.041385	0.041385
3.540000	0.041369	0.041369
3.550000	0.041353	0.041353
3.560000	0.041336	0.041336
3.570000	0.041320	0.041320
3.580000	0.041304	0.041304
3.590000	0.041288	0.041288
3.600000	0.041271	0.041271
3.610000	0.041255	0.041255
3.620000	0.041239	0.041239
3.630000	0.041222	0.041222
3.640000	0.041206	0.041206
3.650000	0.041189	0.041189
3.660000	0.041173	0.041173
3.670000	0.041156	0.041156
3.680000	0.041139	0.041139
3.690000	0.041123	0.041123
3.700000	0.041106	0.041106
3.710000	0.041089	0.041089
3.720000	0.041072	0.041072
3.730000	0.041056	0.041056
3.740000	0.041039	0.041039
3.750000	0.041022	0.041022
3.760000	0.041005	0.041005
3.770000	0.040988	0.040988
3.780000	0.040971	0.040971
3.790000	0.040954	0.040954
3.800000	0.040937	0.040937
3.810000	0.040919	0.040919
3.820000	0.040902	0.040902
3.830000	0.040885	0.040885
3.840000	0.040868	0.040868
3.850000	0.040850	0.040850
3.860000	0.040833	0.040833
3.870000	0.040815	0.040815
3.880000	0.040798	0.040798
3.890000	0.040781	0.040781
3.900000	0.040763	0.040763
3.910000	0.040745	0.040745
3.920000	0.040728	0.040728
3.930000	0.040710	0.040710
3.940000	0.040693	0.040693
3.950000	0.040675	0.040675
3.960000	0.040657	0.040657
3.970000	0.040639	0.040639
3.980000	0.040621	0.040621
3.990000	0.040603	0.040603
4.000000	0.040586	0.040586
4.010000	0.040568	0.040568
4.020000	0.040550	0.040550
4.030000	0.040532	0.040532
4.040000	0.040513	0.040513
4.050000	0.040495	0.040495
4.060000	0.040477	0.040477
4.070000	0.040459	0.040459
4.080000	0.040441	0.040441
4.090000	0.040422	0.040422
4.100000	0.040404	0.040404
4.110000	0.040386	0.040386
4.120000	0.040367	0.040367
4.130000	0.040349	0.040349
4.140000	0.040331	0.040331
4.150000	0.040312	0.040312
4.160000	0.040293	0.040293
4.170000	0.040275	0.040275
4.180000	0.040256	0.040256
4.190000	0.040238	0.040238
4.200000	0.040219	0.040219
4.210000	0.040200	0.040200
4.220000	0.040181	0.040181
4.230000	0.040163	0.040163
4.240000	0.040144	0.040144
4.250000	0.040125	0.040125
4.260000	0.040106	0.040106
4.270000	0.040087	0.040087
4.280000	0.040068	0.040068
4.290000	0.040049	0.040049
4.300000	0.040030	0.040030
4.310000	0.040011	0.040011
4.320000	0.039992	0.039992
4.330000	0.039972	0.039972
4.340000	0.039953	0.039953
4.350000	0.039934	0.039934
4.360000	0.039915	0.039915
4.370000	0.039895	0.039895
4.380000	0.039876	0.039876
4.390000	0.039856	0.039856
4.400000	0.039837	0.039837
4.410000	0.039817	0.039817
4.420000	0.039798	0.039798
4.430000	0.039778	0.039778
4.440000	0.039759	0.039759
4.450000	0.039739	0.039739
4.460000	0.039719	0.039719
4.470000	0.039700	0.039700
4.480000	0.039680	0.039680
4.490000	0.039660	0.039660
4.500000	0.039640	0.039640
4.510000	0.039620	0.039620
4.520000	0.039601	0.039601
4.530000	0.039581	0.039581
4.540000	0.039561	0.039561
4.550000	0.039541	0.039541
4.560000	0.039521	0.039521
4.570000	0.039500	0.039500
4.580000	0.039480	0.039480
4.590000	0.039460	0.039460
4.600000	0.039440	0.039440
4.610000	0.039420	0.039420
4.620000	0.039399	0.039399
4.630000	0.039379	0.039379
4.640000	0.039359	0.039359
4.650000	0.039338	0.039338
4.660000	0.039318	0.039318
4.670000	0.039298	0.039298
4.680000	0.039277	0.039277
4.690000	0.039257	0.039257
4.700000	0.039236	0.039236
4.710000	0.039215	0.039215
4.720000	0.039195	0.039195
4.730000	0.039174	0.039174
4.740000	0.039153	0.039153
4.750000	0.039133	0.039133
4.760000	0.039112	0.039112
4.770000	0.039091	0.039091
4.780000	0.039070	0.039070
4.790000	0.039049	0.039049
4.800000	0.039028	0.039028
4.810000	0.039007	0.039007
4.820000	0.038986	0.038986
4.830000	0.038965	0.038965
4.840000	0.038944	0.038944
4.850000	0.038923	0.038923
4.860000	0.038902	0.038902
4.870000	0.038881	0.038881
4.880000	0.038860	0.038860
4.890000	0.038839	0.038839
4.900000	0.038817	0.038817
4.910000	0.038796	0.038796
4.920000	0.038775	0.038775
4.930000	0.038753	0.038753
4.940000	0.038732	0.038732
4.950000	0.038710	0.038710
4.960000	0.038689	0.038689
4.970000	0.038667	0.038667
4.980000	0.038646	0.038646
4.990000	0.038624	0.038624
5.000000	0.038603	0.038603
5.010000	0.038581	0.038581
5.020000	0.038559	0.038559
5.030000	0.038538	0.038538
5.040000	0.038516	0.038516
5.050000	0.038494	0.038494
5.060000	0.038472	0.038472
5.070000	0.038450	0.038450
5.080000	0.038428	0.038428
5.090000	0.038407	0.038407
5.100000	0.038385	0.038385
5.110000	0.038363	0.038363
5.120000	0.038341	0.038341
5.130000	0.038319	0.038319
5.140000	0.038296	0.038296
5.150000	0.038274	0.038274
5.160000	0.038252	0.038252
5.170000	0.038230	0.038230
5.180000	0.038208	0.038208
5.190000	0.038185	0.038185
5.200000	0.038163	0.038163
5.210000	0.038141	0.038141
5.220000	0.038118	0.038118
5.230000	0.038096	0.038096
5.240000	0.038074	0.038074
5.250000	0.038051	0.038051
5.260000	0.038029	0.038029
5.270000	0.038006	0.038006
5.280000	0.037984	0.037984
5.290000	0.037961	0.037961
5.300000	0.037938	0.037938
5.310000	0.037916	0.037916
5.320000	0.037893	0.037893
5.330000	0.037870	0.037870
5.340000	0.037847	0.037847
5.350000	0.037825	0.037825
5.360000	0.037802	0.037802
5.370000	0.037779	0.037779
5.380000	0.037756	0.037756
5.390000	0.037733	0.037733
5.400000	0.037710	0.037710
5.410000	0.037687	0.037687
5.420000	0.037664	0.037664
5.430000	0.037641	0.037641
5.440000	0.037618	0.037618
5.450000	0.037595	0.037595
5.460000	0.037572	0.037572
5.470000	0.037549	0.037549
5.480000	0.037525	0.037525
5.490000	0.037502	0.037502
5.500000	0.037479	0.037479
5.510000	0.037456	0.037456
5.520000	0.037432	0.037432
5.530000	0.037409	0.037409
5.540000	0.037385	0.037385
5.550000	0.037362	0.037362
5.560000	0.037339	0.037339
5.570000	0.037315	0.037315
5.580000	0.037292	0.037292
5.590000	0.037268	0.037268
5.600000	0.037244	0.037244
5.610000	0.037221	0.037221
5.620000	0.037197	0.037197
5.630000	0.037173	0.037173
5.640000	0.037150	0.037150
5.650000	0.037126	0.037126
5.660000	0.037102	0.037102
5.670000	0.037078	0.037078
5.680000	0.037055	0.037055
5.690000	0.037031	0.037031
5.700000	0.037007	0.037007
5.710000	0.036983	0.036983
5.720000	0.036959	0.036959
5.730000	0.036935	0.036935
5.740000	0.036911	0.036911
5.750000	0.036887	0.036887
5.760000	0.036863	0.036863
5.770000	0.036839	0.036839
5.780000	0.036814	0.036814
5.790000	0.036790	0.036790
5.800000	0.036766	0.036766
5.810000	0.036742	0.036742
5.820000	0.036718	0.036718
5.830000	0.036693	0.036693
5.840000	0.036669	0.036669
5.850000	0.036645	0.036645
5.860000	0.036620	0.036620
5.870000	0.036596	0.036596
5.880000	0.036571	0.036571
5.890000	0.036547	0.036547
5.900000	0.036522	0.036522
5.910000	0.036498	0.036498
5.920000	0.036473	0.036473
5.930000	0.036449	0.036449
5.940000	0.036424	0.036424
5.950000	0.036399	0.036399
5.960000	0.036375	0.036375
5.970000	0.036350	0.036350
5.980000	0.036325	0.036325
5.990000	0.036301	0.036301
6.000000	0.036276	0.036276
6.010000	0.036251	0.036251
6.020000	0.036226	0.036226
6.030000	0.036201	0.036201
6.040000	0.036176	0.036176
6.050000	0.036151	0.036151
6.060000	0.036126	0.036126
6.070000	0.036101	0.036101
6.080000	0.036076	0.036076
6.090000	0.036051	0.036051
6.100000	0.036026	0.036026
6.110000	0.036001	0.036001
6.120000	0.035976	0.035976
6.130000	0.035951	0.035951
6.140000	0.035926	0.035926
6.150000	0.035900	0.035900
6.160000	0.035875	0.035875
6.170000	0.035850	0.035850
6.180000	0.035825	0.035825
6.190000	0.035799	0.035799
6.200000	0.035774	0.035774
6.210000	0.035749	0.035749
6.220000	0.035723	0.035723
6.230000	0.035698	0.035698
6.240000	0.035672	0.035672
6.250000	0.035647	0.035647
6.260000	0.035621	0.035621
6.270000	0.035596	0.035596
6.280000	0.035570	0.035570
6.290000	0.035544	0.035544
6.300000	0.035519	0.035519
6.310000	0.035493	0.035493
6.320000	0.035468	0.035468
6.330000	0.035442	0.035442
6.340000	0.035416	0.035416
6.350000	0.035390	0.035390
6.360000	0.035365	0.035365
6.370000	0.035339	0.035339
6.380000	0.035313	0.035313
6.390000	0.035287	0.035287
6.400000	0.035261	0.035261
6.410000	0.035235	0.035235
6.420000	0.035209	0.035209
6.430000	0.035183	0.035183
6.440000	0.035157	0.035157
6.450000	0.035131	0.035131
6.460000	0.035105	0.035105
6.470000	0.035079	0.035079
6.480000	0.035053	0.035053
6.490000	0.035027	0.035027
6.500000	0.035001	0.035001
6.510000	0.034975	0.034975
6.520000	0.034948	0.034948
6.530000	0.034922	0.034922
6.540000	0.034896	0.034896
6.550000	0.034870	0.034870
6.560000	0.034843	0.034843
6.570000	0.034817	0.034817
6.580000	0.034791	0.034791
6.590000	0.034764	0.034764
6.600000	0.034738	0.034738
6.610000	0.034711	0.034711
6.620000	0.034685	0.034685
6.630000	0.034658	0.034658
6.640000	0.034632	0.034632
6.650000	0.034605	0.034605
6.660000	0.034579	0.034579
6.670000	0.034552	0.034552
6.680000	0.034526	0.034526
6.690000	0.034499	0.034499
6.700000	0.034472	0.034472
6.710000	0.034446	0.034446
6.720000	0.034419	0.034419
6.730000	0.034392	0.034392
6.740000	0.034365	0.034365
6.750000	0.034339	0.034339
6.760000	0.034312	0.034312
6.770000	0.034285	0.034285
6.780000	0.034258	0.034258
6.790000	0.034231	0.034231
6.800000	0.034204	0.034204
6.810000	0.034178	0.034178
6.820000	0.034151	0.034151
6.830000	0.034124	0.034124
6.840000	0.034097	0.034097
6.850000	0.034070	0.034070
6.860000	0.034043	0.034043
6.870000	0.034016	0.034016
6.880000	0.033988	0.033988
6.890000	0.033961	0.033961
6.900000	0.033934	0.033934
6.910000	0.033907	0.033907
6.920000	0.033880	0.033880
6.930000	0.033853	0.033853
6.940000	0.033825	0.033825
6.950000	0.033798	0.033798
6.960000	0.033771	0.033771
6.970000	0.033744	0.033744
6.980000	0.033716	0.033716
6.990000	0.033689	0.033689
7.000000	0.033662	0.033662
7.010000	0.033634	0.033634
7.020000	0.033607	0.033607
7.030000	0.033579	0.033579
7.040000	0.033552	0.033552
7.050000	0.033525	0.033525
7.060000	0.033497	0.033497
7.070000	0.033470	0.033470
7.080000	0.033442	0.033442
7.090000	0.033415	0.033415
7.100000	0.033387	0.033387
7.110000	0.033359	0.033359
7.120000	0.033332	0.033332
7.130000	0.033304	0.033304
7.140000	0.033276	0.033276
7.150000	0.033249	0.033249
7.160000	0.033221	0.033221
7.170000	0.033193	0.033193
7.180000	0.033166	0.033166
7.190000	0.033138	0.033138
7.200000	0.033110	0.033110
7.210000	0.033082	0.033082
7.220000	0.033054	0.033054
7.230000	0.033027	0.033027
7.240000	0.032999	0.032999
7.250000	0.032971	0.032971
7.260000	0.032943	0.032943
7.270000	0.032915	0.032915
7.280000	0.032887	0.032887
7.290000	0.032859	0.032859
7.300000	0.032831	0.032831
7.310000	0.032803	0.032803
7.320000	0.032775	0.032775
7.330000	0.032747	0.032747
7.340000	0.032719	0.032719
7.350000	0.032691	0.032691
7.360000	0.032663	0.032663
7.370000	0.032635	0.032635
7.380000	0.032606	0.032606
7.390000	0.032578	0.032578
7.400000	0.032550	0.032550
7.410000	0.032522	0.032522
7.420000	0.032494	0.032494
7.430000	0.032465	0.032465
7.440000	0.032437	0.032437
7.450000	0.032409	0.032409
7.460000	0.032381	0.032381
7.470000	0.032352	0.032352
7.480000	0.032324	0.032324
7.490000	0.032295	0.032295
7.500000	0.032267	0.032267
7.510000	0.032239	0.032239
7.520000	0.032210	0.032210
7.530000	0.032182	0.032182
7.540000	0.032153	0.032153
7.550000	0.032125	0.032125
7.560000	0.032096	0.032096
7.570000	0.032068	0.032068
7.580000	0.032039	0.032039
7.590000	0.032011	0.032011
7.600000	0.031982	0.031982
7.610000	0.031954	0.031954
7.620000	0.031925	0.031925
7.630000	0.031896	0.031896
7.640000	0.031868	0.031868
7.650000	0.031839	0.031839
7.660000	0.031811	0.031811
7.670000	0.031782	0.031782
7.680000	0.031753	0.031753
7.690000	0.031724	0.031724
7.700000	0.031696	0.031696
7.710000	0.031667	0.031667
7.720000	0.031638	0.031638
7.730000	0.031609	0.031609
7.740000	0.031581	0.031581
7.750000	0.031552	0.031552
7.760000	0.031523	0.031523
7.770000	0.031494	0.031494
7.780000	0.031465	0.031465
7.790000	0.031436	0.031436
7.800000	0.031407	0.031407
7.810000	0.031378	0.031378
7.820000	0.031349	0.031349
7.830000	0.031321	0.031321
7.840000	0.031292	0.031292
7.850000	0.031263	0.031263
7.860000	0.031234	0.031234
7.870000	0.031205	0.031205
7.880000	0.031175	0.031175
7.890000	0.031146	0.031146
7.900000	0.031117	0.031117
7.910000	0.031088	0.031088
7.920000	0.031059	0.031059
7.930000	0.031030	0.031030
7.940000	0.031001	0.031001
7.950000	0.030972	0.030972
7.960000	0.030943	0.030943
7.970000	0.030913	0.030913
7.980000	0.030884	0.030884
7.990000	0.030855	0.030855
8.000000	0.030826	0.030826
8.010000	0.030797	0.030797
8.020000	0.030767	0.030767
8.030000	0.030738	0.030738
8.040000	0.030709	0.030709
8.050000	0.030679	0.030679
8.060000	0.030650	0.030650
8.070000	0.030621	0.030621
8.080000	0.030591	0.030591
8.090000	0.030562	0.030562
8.100000	0.030533	0.030533
8.110000	0.030503	0.030503
8.120000	0.030474	0.030474
8.130000	0.030445	0.030445
8.140000	0.030415	0.030415
8.150000	0.030386	0.030386
8.160000	0.030356	0.030356
8.170000	0.030327	0.030327
8.180000	0.030297	0.030297
8.190000	0.030268	0.030268
8.200000	0.030238	0.030238
8.210000	0.030209	0.030209
8.220000	0.030179	0.030179
8.230000	0.030150	0.030150
8.240000	0.030120	0.030120
8.250000	0.030090	0.030090
8.260000	0.030061	0.030061
8.270000	0.030031	0.030031
8.280000	0.030002	0.030002
8.290000	0.029972	0.029972
8.300000	0.029942	0.029942
8.310000	0.029913	0.029913
8.320000	0.029883	0.029883
8.330000	0.029853	0.029853
8.340000	0.029824	0.029824
8.350000	0.029794	0.029794
8.360000	0.029764	0.029764
8.370000	0.029735	0.029735
8.380000	0.029705	0.029705
8.390000	0.029675	0.029675
8.400000	0.029645	0.029645
8.410000	0.029616	0.029616
8.420000	0.029586	0.029586
8.430000	0.029556	0.029556
8.440000	0.029526	0.029526
8.450000	0.029496	0.029496
8.460000	0.029466	0.029466
8.470000	0.029437	0.029437
8.480000	0.029407	0.029407
8.490000	0.029377	0.029377
8.500000	0.029347	0.029347
8.510000	0.029317	0.029317
8.520000	0.029287	0.029287
8.530000	0.029257	0.029257
8.540000	0.029227	0.029227
8.550000	0.029197	0.029197
8.560000	0.029167	0.029167
8.570000	0.029137	0.029137
8.580000	0.029107	0.029107
8.590000	0.029078	0.029078
8.600000	0.029048	0.029048
8.610000	0.029018	0.029018
8.620000	0.028988	0.028988
8.630000	0.028957	0.028957
8.640000	0.028927	0.028927
8.650000	0.028897	0.028897
8.660000	0.028867	0.028867
8.670000	0.028837	0.028837
8.680000	0.028807	0.028807
8.690000	0.028777	0.028777
8.700000	0.028747	0.028747
8.710000	0.028717	0.028717
8.720000	0.028687	0.028687
8.730000	0.028657	0.028657
8.740000	0.028627	0.028627
8.750000	0.028596	0.028596
8.760000	0.028566	0.028566
8.770000	0.028536	0.028536
8.780000	0.028506	0.028506
8.790000	0.028476	0.028476
8.800000	0.028446	0.028446
8.810000	0.028415	0.028415
8.820000	0.028385	0.028385
8.830000	0.028355	0.028355
8.840000	0.028325	0.028325
8.850000	0.028294	0.028294
8.860000	0.028264	0.028264
8.870000	0.028234	0.028234
8.880000	0.028204	0.028204
8.890000	0.028173	0.028173
8.900000	0.028143	0.028143
8.910000	0.028113	0.028113
8.920000	0.028083	0.028083
8.930000	0.028052	0.028052
8.940000	0.028022	0.028022
8.950000	0.027992	0.027992
8.960000	0.027961	0.027961
8.970000	0.027931	0.027931
8.980000	0.027901	0.027901
8.990000	0.027870	0.027870
9.000000	0.027840	0.027840
9.010000	0.027810	0.027810
9.020000	0.027779	0.027779
9.030000	0.027749	0.027749
9.040000	0.027719	0.027719
9.050000	0.027688	0.027688
9.060000	0.027658	0.027658
9.070000	0.027627	0.027627
9.080000	0.027597	0.027597
9.090000	0.027567	0.027567
9.100000	0.027536	0.027536
9.110000	0.027506	0.027506
9.120000	0.027475	0.027475
9.130000	0.027445	0.027445
9.140000	0.027414	0.027414
9.150000	0.027384	0.027384
9.160000	0.027353	0.027353
9.170000	0.027323	0.027323
9.180000	0.027292	0.027292
9.190000	0.027262	0.027262
9.200000	0.027232	0.027232
9.210000	0.027201	0.027201
9.220000	0.027171	0.027171
9.230000	0.027140	0.027140
9.240000	0.027110	0.027110
9.250000	0.027079	0.027079
9.260000	0.027048	0.027048
9.270000	0.027018	0.027018
9.280000	0.026987	0.026987
9.290000	0.026957	0.026957
9.300000	0.026926	0.026926
9.310000	0.026896	0.026896
9.320000	0.026865	0.026865
9.330000	0.026835	0.026835
9.340000	0.026804	0.026804
9.350000	0.026774	0.026774
9.360000	0.026743	0.026743
9.370000	0.026712	0.026712
9.380000	0.026682	0.026682
9.390000	0.026651	0.026651
9.400000	0.026621	0.026621
9.410000	0.026590	0.026590
9.420000	0.026559	0.026559
9.430000	0.026529	0.026529
9.440000	0.026498	0.026498
9.450000	0.026468	0.026468
9.460000	0.026437	0.026437
9.470000	0.026406	0.026406
9.480000	0.026376	0.026376
9.490000	0.026345	0.026345
9.500000	0.026315	0.026315
9.510000	0.026284	0.026284
9.520000	0.026253	0.026253
9.530000	0.026223	0.026223
9.540000	0.026192	0.026192
9.550000	0.026161	0.026161
9.560000	0.026131	0.026131
9.570000	0.026100	0.026100
9.580000	0.026069	0.026069
9.590000	0.026039	0.026039
9.600000	0.026008	0.026008
9.610000	0.025977	0.025977
9.620000	0.025947	0.025947
9.630000	0.025916	0.025916
9.640000	0.025885	0.025885
9.650000	0.025855	0.025855
9.660000	0.025824	0.025824
9.670000	0.025793	0.025793
9.680000	0.025763	0.025763
9.690000	0.025732	0.025732
9.700000	0.025701	0.025701
9.710000	0.025671	0.025671
9.720000	0.025640	0.025640
9.730000	0.025609	0.025609
9.740000	0.025579	0.025579
9.750000	0.025548	0.025548
9.760000	0.025517	0.025517
9.770000	0.025486	0.025486
9.780000	0.025456	0.025456
9.790000	0.025425	0.025425
9.800000	0.025394	0.025394
9.810000	0.025364	0.025364
9.820000	0.025333	0.025333
9.830000	0.025302	0.025302
9.840000	0.025272	0.025272
9.850000	0.025241	0.025241
9.860000	0.025210	0.025210
9.870000	0.025179	0.025179
9.880000	0.025149	0.025149
9.890000	0.025118	0.025118
9.900000	0.025087	0.025087
9.910000	0.025057	0.025057
9.920000	0.025026	0.025026
9.930000	0.024995	0.024995
9.940000	0.024964	0.024964
9.950000	0.024934	0.024934
9.960000	0.024903	0.024903
9.970000	0.024872	0.024872
9.980000	0.024842	0.024842
9.990000	0.024811	0.024811
10.000000	0.024780	0.024780
