-10.000000	0.001055	0.006235
-9.990000	0.001057	0.006253
-9.980000	0.001058	0.006270
-9.970000	0.001060	0.006287
-9.960000	0.001062	0.006305
-9.950000	0.001063	0.006322
-9.940000	0.001065	0.006340
-9.930000	0.001067	0.006358
-9.920000	0.001068	0.006375
-9.910000	0.001070	0.006393
-9.900000	0.001072	0.006411
-9.890000	0.001073	0.006429
-9.880000	0.001075	0.006446
-9.870000	0.001077	0.006464
-9.860000	0.001079	0.006482
-9.850000	0.001080	0.006500
-9.840000	0.001082	0.006518
-9.830000	0.001084	0.006536
-9.820000	0.001085	0.006554
-9.810000	0.001087	0.006573
-9.800000	0.001089	0.006591
-9.790000	0.001091	0.006609
-9.780000	0.001092	0.006627
-9.770000	0.001094	0.006646
-9.760000	0.001096	0.006664
-9.750000	0.001098	0.006682
-9.740000	0.001099	0.006701
-9.730000	0.001101	0.006719
-9.720000	0.001103	0.006738
-9.710000	0.001105	0.006756
-9.700000	0.001107	0.006775
-9.690000	0.001108	0.006794
-9.680000	0.001110	0.006812
-9.670000	0.001112	0.006831
-9.660000	0.001114	0.006850
-9.650000	0.001115	0.006869
-9.640000	0.001117	0.006888
-9.630000	0.001119	0.006907
-9.620000	0.001121	0.006926
-9.610000	0.001123	0.006945
-9.600000	0.001125	0.006964
-9.590000	0.001126	0.006983
-9.580000	0.001128	0.007002
-9.570000	0.001130	0.007021
-9.560000	0.001132	0.007041
-9.550000	0.001134	0.007060
-9.540000	0.001135	0.007079
-9.530000	0.001137	0.007099
-9.520000	0.001139	0.007118
-9.510000	0.001141	0.007137
-9.500000	0.001143	0.007157
-9.490000	0.001145	0.007177
-9.480000	0.001147	0.007196
-9.470000	0.001148	0.007216
-9.460000	0.001150	0.007236
-9.450000	0.001152	0.007255
-9.440000	0.001154	0.007275
-9.430000	0.001156	0.007295
-9.420000	0.001158	0.007315
-9.410000	0.001160	0.007335
-9.400000	0.001162	0.007355
-9.390000	0.001163	0.007375
-9.380000	0.001165	0.007395
-9.370000	0.001167	0.007415
-9.360000	0.001169	0.007435
-9.350000	0.001171	0.007455
-9.340000	0.001173	0.007476
-9.330000	0.001175	0.007496
-9.320000	0.001177	0.007516
-9.310000	0.001179	0.007537
-9.300000	0.001181	0.007557
-9.290000	0.001183	0.007578
-9.280000	0.001185	0.007598
-9.270000	0.001186	0.007619
-9.260000	0.001188	0.007639
-9.250000	0.001190	0.007660
-9.240000	0.001192	0.007681
-9.230000	0.001194	0.007701
-9.220000	0.001196	0.007722
-9.210000	0.001198	0.007743
-9.200000	0.001200	0.007764
-9.190000	0.001202	0.007785
-9.180000	0.001204	0.007806
-9.170000	0.001206	0.007827
-9.160000	0.001208	0.007848
-9.150000	0.001210	0.007869
-9.140000	0.001212	0.007891
-9.130000	0.001214	0.007912
-9.120000	0.001216	0.007933
-9.110000	0.001218	0.007954
-9.100000	0.001220	0.007976
-9.090000	0.001222	0.007997
-9.080000	0.001224	0.008019
-9.070000	0.001226	0.008040
-9.060000	0.001228	0.008062
-9.050000	0.001230	0.008083
-9.040000	0.001232	0.008105
-9.030000	0.001234	0.008127
-9.020000	0.001236	0.008149
-9.010000	0.001238	0.008170
-9.000000	0.001240	0.008192
-8.990000	0.001242	0.008214
-8.980000	0.001245	0.008236
-8.970000	0.001247	0.008258
-8.960000	0.001249	0.008280
-8.950000	0.001251	0.008302
-8.940000	0.001253	0.008325
-8.930000	0.001255	0.008347
-8.920000	0.001257	0.008369
-8.910000	0.001259	0.008391
-8.900000	0.001261	0.008414
-8.890000	0.001263	0.008436
-8.880000	0.001265	0.008459
-8.870000	0.001268	0.008481
-8.860000	0.001270	0.008504
-8.850000	0.001272	0.008526
-8.840000	0.001274	0.008549
-8.830000	0.001276	0.008572
-8.820000	0.001278	0.008594
-8.810000	0.001280	0.008617
-8.800000	0.001282	0.008640
-8.790000	0.001285	0.008663
-8.780000	0.001287	0.008686
-8.770000	0.001289	0.008709
-8.760000	0.001291	0.008732
-8.750000	0.001293	0.008755
-8.740000	0.001295	0.008778
-8.730000	0.001298	0.008801
-8.720000	0.001300	0.008825
-8.710000	0.001302	0.008848
-8.700000	0.001304	0.008871
-8.690000	0.001306	0.008895
-8.680000	0.001309	0.008918
-8.670000	0.001311	0.008942
-8.660000	0.001313	0.008965
-8.650000	0.001315	0.008989
-8.640000	0.001317	0.009012
-8.630000	0.001320	0.009036
-8.620000	0.001322	0.009060
-8.610000	0.001324	0.009084
-8.600000	0.001326	0.009107
-8.590000	0.001329	0.009131
-8.580000	0.001331	0.009155
-8.570000	0.001333	0.009179
-8.560000	0.001335	0.009203
-8.550000	0.001338	0.009227
-8.540000	0.001340	0.009252
-8.530000	0.001342	0.009276
-8.520000	0.001344	0.009300
-8.510000	0.001347	0.009324
-8.500000	0.001349	0.009349
-8.490000	0.001351	0.009373
-8.480000	0.001354	0.009398
-8.470000	0.001356	0.009422
-8.460000	0.001358	0.009447
-8.450000	0.001361	0.009471
-8.440000	0.001363	0.009496
-8.430000	0.001365	0.009521
-8.420000	0.001368	0.009545
-8.410000	0.001370	0.009570
-8.400000	0.001372	0.009595
-8.390000	0.001375	0.009620
-8.380000	0.001377	0.009645
-8.370000	0.001379	0.009670
-8.360000	0.001382	0.009695
-8.350000	0.001384	0.009720
-8.340000	0.001386	0.009745
-8.330000	0.001389	0.009771
-8.320000	0.001391	0.009796
-8.310000	0.001393	0.009821
-8.300000	0.001396	0.009847
-8.290000	0.001398	0.009872
-8.280000	0.001401	0.009897
-8.270000	0.001403	0.009923
-8.260000	0.001406	0.009949
-8.250000	0.001408	0.009974
-8.240000	0.001410	0.010000
-8.230000	0.001413	0.010026
-8.220000	0.001415	0.010051
-8.210000	0.001418	0.010077
-8.200000	0.001420	0.010103
-8.190000	0.001423	0.010129
-8.180000	0.001425	0.010155
-8.170000	0.001427	0.010181
-8.160000	0.001430	0.010207
-8.150000	0.001432	0.010234
-8.140000	0.001435	0.010260
-8.130000	0.001437	0.010286
-8.120000	0.001440	0.010312
-8.110000	0.001442	0.010339
-8.100000	0.001445	0.010365
-8.090000	0.001447	0.010392
-8.080000	0.001450	0.010418
-8.070000	0.001452	0.010445
-8.060000	0.001455	0.010471
-8.050000	0.001457	0.010498
-8.040000	0.001460	0.010525
-8.030000	0.001463	0.010552
-8.020000	0.001465	0.010579
-8.010000	0.001468	0.010605
-8.000000	0.001470	0.010632
-7.990000	0.001473	0.010659
-7.980000	0.001475	0.010686
-7.970000	0.001478	0.010714
-7.960000	0.001481	0.010741
-7.950000	0.001483	0.010768
-7.940000	0.001486	0.010795
-7.930000	0.001488	0.010823
-7.920000	0.001491	0.010850
-7.910000	0.001494	0.010877
-7.900000	0.001496	0.010905
-7.890000	0.001499	0.010932
-7.880000	0.001501	0.010960
-7.870000	0.001504	0.010988
-7.860000	0.001507	0.011015
-7.850000	0.001509	0.011043
-7.840000	0.001512	0.011071
-7.830000	0.001515	0.011099
-7.820000	0.001517	0.011127
-7.810000	0.001520	0.011155
-7.800000	0.001523	0.011183
-7.790000	0.001525	0.011211
-7.780000	0.001528	0.011239
-7.770000	0.001531	0.011267
-7.760000	0.001533	0.011295
-7.750000	0.001536	0.011324
-7.740000	0.001539	0.011352
-7.730000	0.001542	0.011380
-7.720000	0.001544	0.011409
-7.710000	0.001547	0.011437
-7.700000	0.001550	0.011466
-7.690000	0.001552	0.011495
-7.680000	0.001555	0.011523
-7.670000	0.001558	0.011552
-7.660000	0.001561	0.011581
-7.650000	0.001564	0.011610
-7.640000	0.001566	0.011638
-7.630000	0.001569	0.011667
-7.620000	0.001572	0.011696
-7.610000	0.001575	0.011725
-7.600000	0.001577	0.011755
-7.590000	0.001580	0.011784
-7.580000	0.001583	0.011813
-7.570000	0.001586	0.011842
-7.560000	0.001589	0.011871
-7.550000	0.001592	0.011901
-7.540000	0.001594	0.011930
-7.530000	0.001597	0.011960
-7.520000	0.001600	0.011989
-7.510000	0.001603	0.012019
-7.500000	0.001606	0.012049
-7.490000	0.001609	0.012078
-7.480000	0.001612	0.012108
-7.470000	0.001614	0.012138
-7.460000	0.001617	0.012168
-7.450000	0.001620	0.012198
-7.440000	0.001623	0.012228
-7.430000	0.001626	0.012258
-7.420000	0.001629	0.012288
-7.410000	0.001632	0.012318
-7.400000	0.001635	0.012348
-7.390000	0.001638	0.012378
-7.380000	0.001641	0.012409
-7.370000	0.001644	0.012439
-7.360000	0.001647	0.012469
-7.350000	0.001650	0.012500
-7.340000	0.001653	0.012530
-7.330000	0.001656	0.012561
-7.320000	0.001659	0.012592
-7.310000	0.001662	0.012622
-7.300000	0.001665	0.012653
-7.290000	0.001668	0.012684
-7.280000	0.001671	0.012715
-7.270000	0.001674	0.012746
-7.260000	0.001677	0.012776
-7.250000	0.001680	0.012807
-7.240000	0.001683	0.012839
-7.230000	0.001686	0.012870
-7.220000	0.001689	0.012901
-7.210000	0.001692	0.012932
-7.200000	0.001695	0.012963
-7.190000	0.001698	0.012995
-7.180000	0.001701	0.013026
-7.170000	0.001704	0.013058
-7.160000	0.001707	0.013089
-7.150000	0.001711	0.013121
-7.140000	0.001714	0.013152
-7.130000	0.001717	0.013184
-7.120000	0.001720	0.013216
-7.110000	0.001723	0.013247
-7.100000	0.001726	0.013279
-7.090000	0.001729	0.013311
-7.080000	0.001733	0.013343
-7.070000	0.001736	0.013375
-7.060000	0.001739	0.013407
-7.050000	0.001742	0.013439
-7.040000	0.001745	0.013471
-7.030000	0.001748	0.013504
-7.020000	0.001752	0.013536
-7.010000	0.001755	0.013568
-7.000000	0.001758	0.013601
-6.990000	0.001761	0.013633
-6.980000	0.001765	0.013666
-6.970000	0.001768	0.013698
-6.960000	0.001771	0.013731
-6.950000	0.001774	0.013763
-6.940000	0.001778	0.013796
-6.930000	0.001781	0.013829
-6.920000	0.001784	0.013862
-6.910000	0.001787	0.013895
-6.900000	0.001791	0.013928
-6.890000	0.001794	0.013961
-6.880000	0.001797	0.013994
-6.870000	0.001801	0.014027
-6.860000	0.001804	0.014060
-6.850000	0.001807	0.014093
-6.840000	0.001811	0.014126
-6.830000	0.001814	0.014160
-6.820000	0.001817	0.014193
-6.810000	0.001821	0.014226
-6.800000	0.001824	0.014260
-6.790000	0.001828	0.014293
-6.780000	0.001831	0.014327
-6.770000	0.001834	0.014361
-6.760000	0.001838	0.014394
-6.750000	0.001841	0.014428
-6.740000	0.001845	0.014462
-6.730000	0.001848	0.014496
-6.720000	0.001851	0.014530
-6.710000	0.001855	0.014564
-6.700000	0.001858	0.014598
-6.690000	0.001862	0.014632
-6.680000	0.001865	0.014666
-6.670000	0.001869	0.014700
-6.660000	0.001872	0.014734
-6.650000	0.001876	0.014769
-6.640000	0.001879	0.014803
-6.630000	0.001883	0.014838
-6.620000	0.001886	0.014872
-6.610000	0.001890	0.014907
-6.600000	0.001893	0.014941
-6.590000	0.001897	0.014976
-6.580000	0.001901	0.015010
-6.570000	0.001904	0.015045
-6.560000	0.001908	0.015080
-6.550000	0.001911	0.015115
-6.540000	0.001915	0.015150
-6.530000	0.001918	0.015185
-6.520000	0.001922	0.015220
-6.510000	0.001926	0.015255
-6.500000	0.001929	0.015290
-6.490000	0.001933	0.015325
-6.480000	0.001937	0.015360
-6.470000	0.001940	0.015396
-6.460000	0.001944	0.015431
-6.450000	0.001948	0.015466
-6.440000	0.001951	0.015502
-6.430000	0.001955	0.015537
-6.420000	0.001959	0.015573
-6.410000	0.001962	0.015609
-6.400000	0.001966	0.015644
-6.390000	0.001970	0.015680
-6.380000	0.001974	0.015716
-6.370000	0.001977	0.015752
-6.360000	0.001981	0.015788
-6.350000	0.001985	0.015824
-6.340000	0.001989	0.015860
-6.330000	0.001992	0.015896
-6.320000	0.001996	0.015932
-6.310000	0.002000	0.015968
-6.300000	0.002004	0.016004
-6.290000	0.002008	0.016040
-6.280000	0.002011	0.016077
-6.270000	0.002015	0.016113
-6.260000	0.002019	0.016150
-6.250000	0.002023	0.016186
-6.240000	0.002027	0.016223
-6.230000	0.002031	0.016259
-6.220000	0.002035	0.016296
-6.210000	0.002039	0.016333
-6.200000	0.002042	0.016369
-6.190000	0.002046	0.016406
-6.180000	0.002050	0.016443
-6.170000	0.002054	0.016480
-6.160000	0.002058	0.016517
-6.150000	0.002062	0.016554
-6.140000	0.002066	0.016591
-6.130000	0.002070	0.016628
-6.120000	0.002074	0.016665
-6.110000	0.002078	0.016703
-6.100000	0.002082	0.016740
-6.090000	0.002086	0.016777
-6.080000	0.002090	0.016815
-6.070000	0.002094	0.016852
-6.060000	0.002098	0.016890
-6.050000	0.002102	0.016927
-6.040000	0.002106	0.016965
-6.030000	0.002110	0.017002
-6.020000	0.002114	0.017040
-6.010000	0.002118	0.017078
-6.000000	0.002122	0.017116
-5.990000	0.002127	0.017154
-5.980000	0.002131	0.017192
-5.970000	0.002135	0.017230
-5.960000	0.002139	0.017268
-5.950000	0.002143	0.017306
-5.940000	0.002147	0.017344
-5.930000	0.002151	0.017382
-5.920000	0.002156	0.017420
-5.910000	0.002160	0.017459
-5.900000	0.002164	0.017497
-5.890000	0.002168	0.017535
-5.880000	0.002172	0.017574
-5.870000	0.002177	0.017612
-5.860000	0.002181	0.017651
-5.850000	0.002185	0.017690
-5.840000	0.002189	0.017728
-5.830000	0.002194	0.017767
-5.820000	0.002198	0.017806
-5.810000	0.002202	0.017845
-5.800000	0.002207	0.017884
-5.790000	0.002211	0.017923
-5.780000	0.002215	0.017962
-5.770000	0.002219	0.018001
-5.760000	0.002224	0.018040
-5.750000	0.002228	0.018079
-5.740000	0.002233	0.018118
-5.730000	0.002237	0.018157
-5.720000	0.002241	0.018197
-5.710000	0.002246	0.018236
-5.700000	0.002250	0.018275
-5.690000	0.002255	0.018315
-5.680000	0.002259	0.018354
-5.670000	0.002263	0.018394
-5.660000	0.002268	0.018434
-5.650000	0.002272	0.018473
-5.640000	0.002277	0.018513
-5.630000	0.002281	0.018553
-5.620000	0.002286	0.018593
-5.610000	0.002290	0.018632
-5.600000	0.002295	0.018672
-5.590000	0.002299	0.018712
-5.580000	0.002304	0.018752
-5.570000	0.002308	0.018792
-5.560000	0.002313	0.018833
-5.550000	0.002318	0.018873
-5.540000	0.002322	0.018913
-5.530000	0.002327	0.018953
-5.520000	0.002331	0.018994
-5.510000	0.002336	0.019034
-5.500000	0.002341	0.019074
-5.490000	0.002345	0.019115
-5.480000	0.002350	0.019155
-5.470000	0.002355	0.019196
-5.460000	0.002359	0.019237
-5.450000	0.002364	0.019277
-5.440000	0.002369	0.019318
-5.430000	0.002373	0.019359
-5.420000	0.002378	0.019400
-5.410000	0.002383	0.019441
-5.400000	0.002388	0.019482
-5.390000	0.002392	0.019523
-5.380000	0.002397	0.019564
-5.370000	0.002402	0.019605
-5.360000	0.002407	0.019646
-5.350000	0.002411	0.019687
-5.340000	0.002416	0.019728
-5.330000	0.002421	0.019770
-5.320000	0.002426	0.019811
-5.310000	0.002431	0.019852
-5.300000	0.002436	0.019894
-5.290000	0.002441	0.019935
-5.280000	0.002445	0.019977
-5.270000	0.002450	0.020018
-5.260000	0.002455	0.020060
-5.250000	0.002460	0.020102
-5.240000	0.002465	0.020143
-5.230000	0.002470	0.020185
-5.220000	0.002475	0.020227
-5.210000	0.002480	0.020269
-5.200000	0.002485	0.020311
-5.190000	0.002490	0.020353
-5.180000	0.002495	0.020395
-5.170000	0.002500	0.020437
-5.160000	0.002505	0.020479
-5.150000	0.002510	0.020521
-5.140000	0.002515	0.020563
-5.130000	0.002520	0.020606
-5.120000	0.002525	0.020648
-5.110000	0.002530	0.020690
-5.100000	0.002536	0.020733
-5.090000	0.002541	0.020775
-5.080000	0.002546	0.020818
-5.070000	0.002551	0.020860
-5.060000	0.002556	0.020903
-5.050000	0.002561	0.020946
-5.040000	0.002566	0.020988
-5.030000	0.002572	0.021031
-5.020000	0.002577	0.021074
-5.010000	0.002582	0.021117
-5.000000	0.002587	0.021159
-4.990000	0.002593	0.021202
-4.980000	0.002598	0.021245
-4.970000	0.002603	0.021288
-4.960000	0.002608	0.021331
-4.950000	0.002614	0.021375
-4.940000	0.002619	0.021418
-4.930000	0.002624	0.021461
-4.920000	0.002630	0.021504
-4.910000	0.002635	0.021548
-4.900000	0.002640	0.021591
-4.890000	0.002646	0.021634
-4.880000	0.002651	0.021678
-4.870000	0.002657	0.021721
-4.860000	0.002662	0.021765
-4.850000	0.002668	0.021808
-4.840000	0.002673	0.021852
-4.830000	0.002678	0.021896
-4.820000	0.002684	0.021939
-4.810000	0.002689	0.021983
-4.800000	0.002695	0.022027
-4.790000	0.002700	0.022071
-4.780000	0.002706	0.022115
-4.770000	0.002712	0.022158
-4.760000	0.002717	0.022202
-4.750000	0.002723	0.022247
-4.740000	0.002728	0.022291
-4.730000	0.002734	0.022335
-4.720000	0.002739	0.022379
-4.710000	0.002745	0.022423
-4.700000	0.002751	0.022467
-4.690000	0.002756	0.022512
-4.680000	0.002762	0.022556
-4.670000	0.002768	0.022600
-4.660000	0.002774	0.022645
-4.650000	0.002779	0.022689
-4.640000	0.002785	0.022734
-4.630000	0.002791	0.022778
-4.620000	0.002796	0.022823
-4.610000	0.002802	0.022867
-4.600000	0.002808	0.022912
-4.590000	0.002814	0.022957
-4.580000	0.002820	0.023002
-4.570000	0.002825	0.023046
-4.560000	0.002831	0.023091
-4.550000	0.002837	0.023136
-4.540000	0.002843	0.023181
-4.530000	0.002849	0.023226
-4.520000	0.002855	0.023271
-4.510000	0.002861	0.023316
-4.500000	0.002867	0.023361
-4.490000	0.002873	0.023406
-4.480000	0.002879	0.023452
-4.470000	0.002885	0.023497
-4.460000	0.002891	0.023542
-4.450000	0.002897	0.023587
-4.440000	0.002903	0.023633
-4.430000	0.002909	0.023678
-4.420000	0.002915	0.023724
-4.410000	0.002921	0.023769
-4.400000	0.002927	0.023815
-4.390000	0.002933	0.023860
-4.380000	0.002939	0.023906
-4.370000	0.002945	0.023951
-4.360000	0.002951	0.023997
-4.350000	0.002958	0.024043
-4.340000	0.002964	0.024088
-4.330000	0.002970	0.024134
-4.320000	0.002976	0.024180
-4.310000	0.002982	0.024226
-4.300000	0.002989	0.024272
-4.290000	0.002995	0.024318
-4.280000	0.003001	0.024364
-4.270000	0.003007	0.024410
-4.260000	0.003014	0.024456
-4.250000	0.003020	0.024502
-4.240000	0.003026	0.024548
-4.230000	0.003033	0.024594
-4.220000	0.003039	0.024641
-4.210000	0.003046	0.024687
-4.200000	0.003052	0.024733
-4.190000	0.003058	0.024779
-4.180000	0.003065	0.024826
-4.170000	0.003071	0.024872
-4.160000	0.003078	0.024919
-4.150000	0.003084	0.024965
-4.140000	0.003091	0.025012
-4.130000	0.003097	0.025058
-4.120000	0.003104	0.025105
-4.110000	0.003110	0.025152
-4.100000	0.003117	0.025198
-4.090000	0.003123	0.025245
-4.080000	0.003130	0.025292
-4.070000	0.003137	0.025338
-4.060000	0.003143	0.025385
-4.050000	0.003150	0.025432
-4.040000	0.003157	0.025479
-4.030000	0.003163	0.025526
-4.020000	0.003170	0.025573
-4.010000	0.003177	0.025620
-4.000000	0.003183	0.025667
-3.990000	0.003190	0.025714
-3.980000	0.003197	0.025761
-3.970000	0.003204	0.025808
-3.960000	0.003210	0.025855
-3.950000	0.003217	0.025903
-3.940000	0.003224	0.025950
-3.930000	0.003231	0.025997
-3.920000	0.003238	0.026044
-3.910000	0.003245	0.026092
-3.900000	0.003252	0.026139
-3.890000	0.003258	0.026186
-3.880000	0.003265	0.026234
-3.870000	0.003272	0.026281
-3.860000	0.003279	0.026329
-3.850000	0.003286	0.026376
-3.840000	0.003293	0.026424
-3.830000	0.003300	0.026472
-3.820000	0.003307	0.026519
-3.810000	0.003314	0.026567
-3.800000	0.003322	0.026615
-3.790000	0.003329	0.026662
-3.780000	0.003336	0.026710
-3.770000	0.003343	0.026758
-3.760000	0.003350	0.026806
-3.750000	0.003357	0.026854
-3.740000	0.003364	0.026902
-3.730000	0.003372	0.026949
-3.720000	0.003379	0.026997
-3.710000	0.003386	0.027045
-3.700000	0.003393	0.027093
-3.690000	0.003400	0.027141
-3.680000	0.003408	0.027190
-3.670000	0.003415	0.027238
-3.660000	0.003422	0.027286
-3.650000	0.003430	0.027334
-3.640000	0.003437	0.027382
-3.630000	0.003445	0.027430
-3.620000	0.003452	0.027479
-3.610000	0.003459	0.027527
-3.600000	0.003467	0.027575
-3.590000	0.003474	0.027624
-3.580000	0.003482	0.027672
-3.570000	0.003489	0.027720
-3.560000	0.003497	0.027769
-3.550000	0.003504	0.027817
-3.540000	0.003512	0.027866
-3.530000	0.003519	0.027914
-3.520000	0.003527	0.027963
-3.510000	0.003535	0.028011
-3.500000	0.003542	0.028060
-3.490000	0.003550	0.028109
-3.480000	0.003557	0.028157
-3.470000	0.003565	0.028206
-3.460000	0.003573	0.028255
-3.450000	0.003581	0.028303
-3.440000	0.003588	0.028352
-3.430000	0.003596	0.028401
-3.420000	0.003604	0.028450
-3.410000	0.003612	0.028499
-3.400000	0.003619	0.028547
-3.390000	0.003627	0.028596
-3.380000	0.003635	0.028645
-3.370000	0.003643	0.028694
-3.360000	0.003651	0.028743
-3.350000	0.003659	0.028792
-3.340000	0.003667	0.028841
-3.330000	0.003675	0.028890
-3.320000	0.003683	0.028939
-3.310000	0.003691	0.028988
-3.300000	0.003699	0.029037
-3.290000	0.003707	0.029086
-3.280000	0.003715	0.029136
-3.270000	0.003723	0.029185
-3.260000	0.003731	0.029234
-3.250000	0.003739	0.029283
-3.240000	0.003747	0.029332
-3.230000	0.003755	0.029382
-3.220000	0.003764	0.029431
-3.210000	0.003772	0.029480
-3.200000	0.003780	0.029530
-3.190000	0.003788	0.029579
-3.180000	0.003796	0.029628
-3.170000	0.003805	0.029678
-3.160000	0.003813	0.029727
-3.150000	0.003821	0.029777
-3.140000	0.003830	0.029826
-3.130000	0.003838	0.029876
-3.120000	0.003846	0.029925
-3.110000	0.003855	0.029975
-3.100000	0.003863	0.030024
-3.090000	0.003872	0.030074
-3.080000	0.003880	0.030123
-3.070000	0.003889	0.030173
-3.060000	0.003897	0.030223
-3.050000	0.003906	0.030272
-3.040000	0.003914	0.030322
-3.030000	0.003923	0.030372
-3.020000	0.003931	0.030421
-3.010000	0.003940	0.030471
-3.000000	0.003949	0.030521
-2.990000	0.003957	0.030571
-2.980000	0.003966	0.030620
-2.970000	0.003975	0.030670
-2.960000	0.003983	0.030720
-2.950000	0.003992	0.030770
-2.940000	0.004001	0.030820
-2.930000	0.004010	0.030869
-2.920000	0.004019	0.030919
-2.910000	0.004027	0.030969
-2.900000	0.004036	0.031019
-2.890000	0.004045	0.031069
-2.880000	0.004054	0.031119
-2.870000	0.004063	0.031169
-2.860000	0.004072	0.031219
-2.850000	0.004081	0.031269
-2.840000	0.004090	0.031319
-2.830000	0.004099	0.031369
-2.820000	0.004108	0.031419
-2.810000	0.004117	0.031469
-2.800000	0.004126	0.031519
-2.790000	0.004135	0.031569
-2.780000	0.004144	0.031619
-2.770000	0.004153	0.031669
-2.760000	0.004163	0.031719
-2.750000	0.004172	0.031769
-2.740000	0.004181	0.031820
-2.730000	0.004190	0.031870
-2.720000	0.004199	0.031920
-2.710000	0.004209	0.031970
-2.700000	0.004218	0.032020
-2.690000	0.004227	0.032070
-2.680000	0.004237	0.032121
-2.670000	0.004246	0.032171
-2.660000	0.004256	0.032221
-2.650000	0.004265	0.032271
-2.640000	0.004274	0.032322
-2.630000	0.004284	0.032372
-2.620000	0.004293	0.032422
-2.610000	0.004303	0.032472
-2.600000	0.004312	0.032523
-2.590000	0.004322	0.032573
-2.580000	0.004332	0.032623
-2.570000	0.004341	0.032674
-2.560000	0.004351	0.032724
-2.550000	0.004360	0.032774
-2.540000	0.004370	0.032825
-2.530000	0.004380	0.032875
-2.520000	0.004390	0.032925
-2.510000	0.004399	0.032976
-2.500000	0.004409	0.033026
-2.490000	0.004419	0.033077
-2.480000	0.004429	0.033127
-2.470000	0.004439	0.033177
-2.460000	0.004448	0.033228
-2.450000	0.004458	0.033278
-2.440000	0.004468	0.033329
-2.430000	0.004478	0.033379
-2.420000	0.004488	0.033429
-2.410000	0.004498	0.033480
-2.400000	0.004508	0.033530
-2.390000	0.004518	0.033581
-2.380000	0.004528	0.033631
-2.370000	0.004538	0.033682
-2.360000	0.004548	0.033732
-2.350000	0.004559	0.033783
-2.340000	0.004569	0.033833
-2.330000	0.004579	0.033884
-2.320000	0.004589	0.033934
-2.310000	0.004599	0.033985
-2.300000	0.004610	0.034035
-2.290000	0.004620	0.034086
-2.280000	0.004630	0.034136
-2.270000	0.004641	0.034187
-2.260000	0.004651	0.034237
-2.250000	0.004661	0.034288
-2.240000	0.004672	0.034338
-2.230000	0.004682	0.034389
-2.220000	0.004693	0.034439
-2.210000	0.004703	0.034490
-2.200000	0.004714	0.034540
-2.190000	0.004724	0.034591
-2.180000	0.004735	0.034641
-2.170000	0.004746	0.034692
-2.160000	0.004756	0.034742
-2.150000	0.004767	0.034793
-2.140000	0.004777	0.034843
-2.130000	0.004788	0.034894
-2.120000	0.004799	0.034944
-2.110000	0.004810	0.034995
-2.100000	0.004820	0.035045
-2.090000	0.004831	0.035096
-2.080000	0.004842	0.035146
-2.070000	0.004853	0.035197
-2.060000	0.004864	0.035247
-2.050000	0.004875	0.035298
-2.040000	0.004886	0.035348
-2.030000	0.004897	0.035399
-2.020000	0.004908	0.035449
-2.010000	0.004919	0.035500
-2.000000	0.004930	0.035550
-1.990000	0.004941	0.035601
-1.980000	0.004952	0.035651
-1.970000	0.004963	0.035701
-1.960000	0.004974	0.035752
-1.950000	0.004985	0.035802
-1.940000	0.004997	0.035853
-1.930000	0.005008	0.035903
-1.920000	0.005019	0.035954
-1.910000	0.005030	0.036004
-1.900000	0.005042	0.036055
-1.890000	0.005053	0.036105
-1.880000	0.005064	0.036155
-1.870000	0.005076	0.036206
-1.860000	0.005087	0.036256
-1.850000	0.005099	0.036307
-1.840000	0.005110	0.036357
-1.830000	0.005122	0.036407
-1.820000	0.005133	0.036458
-1.810000	0.005145	0.036508
-1.800000	0.005156	0.036558
-1.790000	0.005168	0.036609
-1.780000	0.005180	0.036659
-1.770000	0.005191	0.036709
-1.760000	0.005203	0.036760
-1.750000	0.005215	0.036810
-1.740000	0.005227	0.036860
-1.730000	0.005238	0.036911
-1.720000	0.005250	0.036961
-1.710000	0.005262	0.037011
-1.700000	0.005274	0.037061
-1.690000	0.005286	0.037112
-1.680000	0.005298	0.037162
-1.670000	0.005310	0.037212
-1.660000	0.005322	0.037262
-1.650000	0.005334	0.037312
-1.640000	0.005346	0.037363
-1.630000	0.005358	0.037413
-1.620000	0.005370	0.037463
-1.610000	0.005382	0.037513
-1.600000	0.005394	0.037563
-1.590000	0.005407	0.037613
-1.580000	0.005419	0.037663
-1.570000	0.005431	0.037713
-1.560000	0.005443	0.037763
-1.550000	0.005456	0.037813
-1.540000	0.005468	0.037863
-1.530000	0.005480	0.037913
-1.520000	0.005493	0.037963
-1.510000	0.005505	0.038013
-1.500000	0.005518	0.038063
-1.490000	0.005530	0.038113
-1.480000	0.005543	0.038163
-1.470000	0.005555	0.038213
-1.460000	0.005568	0.038263
-1.450000	0.005580	0.038313
-1.440000	0.005593	0.038363
-1.430000	0.005606	0.038413
-1.420000	0.005618	0.038463
-1.410000	0.005631	0.038512
-1.400000	0.005644	0.038562
-1.390000	0.005657	0.038612
-1.380000	0.005670	0.038662
-1.370000	0.005682	0.038711
-1.360000	0.005695	0.038761
-1.350000	0.005708	0.038811
-1.340000	0.005721	0.038860
-1.330000	0.005734	0.038910
-1.320000	0.005747	0.038960
-1.310000	0.005760	0.039009
-1.300000	0.005773	0.039059
-1.290000	0.005786	0.039108
-1.280000	0.005799	0.039158
-1.270000	0.005813	0.039208
-1.260000	0.005826	0.039257
-1.250000	0.005839	0.039306
-1.240000	0.005852	0.039356
-1.230000	0.005866	0.039405
-1.220000	0.005879	0.039455
-1.210000	0.005892	0.039504
-1.200000	0.005906	0.039553
-1.190000	0.005919	0.039603
-1.180000	0.005933	0.039652
-1.170000	0.005946	0.039701
-1.160000	0.005960	0.039751
-1.150000	0.005973	0.039800
-1.140000	0.005987	0.039849
-1.130000	0.006000	0.039898
-1.120000	0.006014	0.039947
-1.110000	0.006028	0.039997
-1.100000	0.006041	0.040046
-1.090000	0.006055	0.040095
-1.080000	0.006069	0.040144
-1.070000	0.006083	0.040193
-1.060000	0.006096	0.040242
-1.050000	0.006110	0.040291
-1.040000	0.006124	0.040340
-1.030000	0.006138	0.040388
-1.020000	0.006152	0.040437
-1.010000	0.006166	0.040486
-1.000000	0.006180	0.040535
-0.990000	0.006194	0.040584
-0.980000	0.006208	0.040633
-0.970000	0.006222	0.040681
-0.960000	0.006237	0.040730
-0.950000	0.006251	0.040779
-0.940000	0.006265	0.040827
-0.930000	0.006279	0.040876
-0.920000	0.006294	0.040924
-0.910000	0.006308	0.040973
-0.900000	0.006322	0.041021
-0.890000	0.006337	0.041070
-0.880000	0.006351	0.041118
-0.870000	0.006365	0.041167
-0.860000	0.006380	0.041215
-0.850000	0.006395	0.041263
-0.840000	0.006409	0.041312
-0.830000	0.006424	0.041360
-0.820000	0.006438	0.041408
-0.810000	0.006453	0.041456
-0.800000	0.006468	0.041505
-0.790000	0.006482	0.041553
-0.780000	0.006497	0.041601
-0.770000	0.006512	0.041649
-0.760000	0.006527	0.041697
-0.750000	0.006542	0.041745
-0.740000	0.006557	0.041793
-0.730000	0.006572	0.041841
-0.720000	0.006587	0.041889
-0.710000	0.006602	0.041936
-0.700000	0.006617	0.041984
-0.690000	0.006632	0.042032
-0.680000	0.006647	0.042080
-0.670000	0.006662	0.042127
-0.660000	0.006677	0.042175
-0.650000	0.006692	0.042223
-0.640000	0.006708	0.042270
-0.630000	0.006723	0.042318
-0.620000	0.006738	0.042365
-0.610000	0.006754	0.042413
-0.600000	0.006769	0.042460
-0.590000	0.006784	0.042507
-0.580000	0.006800	0.042555
-0.570000	0.006815	0.042602
-0.560000	0.006831	0.042649
-0.550000	0.006846	0.042696
-0.540000	0.006862	0.042744
-0.530000	0.006878	0.042791
-0.520000	0.006893	0.042838
-0.510000	0.006909	0.042885
-0.500000	0.006925	0.042932
-0.490000	0.006941	0.042979
-0.480000	0.006956	0.043026
-0.470000	0.006972	0.043072
-0.460000	0.006988	0.043119
-0.450000	0.007004	0.043166
-0.440000	0.007020	0.043213
-0.430000	0.007036	0.043259
-0.420000	0.007052	0.043306
-0.410000	0.007068	0.043353
-0.400000	0.007084	0.043399
-0.390000	0.007100	0.043446
-0.380000	0.007117	0.043492
-0.370000	0.007133	0.043539
-0.360000	0.007149	0.043585
-0.350000	0.007165	0.043631
-0.340000	0.007182	0.043677
-0.330000	0.007198	0.043724
-0.320000	0.007214	0.043770
-0.310000	0.007231	0.043816
-0.300000	0.007247	0.043862
-0.290000	0.007264	0.043908
-0.280000	0.007280	0.043954
-0.270000	0.007297	0.044000
-0.260000	0.007314	0.044046
-0.250000	0.007330	0.044092
-0.240000	0.007347	0.044137
-0.230000	0.007364	0.044183
-0.220000	0.007381	0.044229
-0.210000	0.007397	0.044274
-0.200000	0.007414	0.044320
-0.190000	0.007431	0.044365
-0.180000	0.007448	0.044411
-0.170000	0.007465	0.044456
-0.160000	0.007482	0.044502
-0.150000	0.007499	0.044547
-0.140000	0.007516	0.044592
-0.130000	0.007533	0.044637
-0.120000	0.007550	0.044682
-0.110000	0.007568	0.044727
-0.100000	0.007585	0.044773
-0.090000	0.007602	0.044817
-0.080000	0.007620	0.044862
-0.070000	0.007637	0.044907
-0.060000	0.007654	0.044952
-0.050000	0.007672	0.044997
-0.040000	0.007689	0.045042
-0.030000	0.007707	0.045086
-0.020000	0.007724	0.045131
-0.010000	0.007742	0.045175
-0.000000	0.007759	0.045220
0.010000	0.007777	0.045264
0.020000	0.007795	0.045309
0.030000	0.007813	0.045353
0.040000	0.007830	0.045397
0.050000	0.007848	0.045441
0.060000	0.007866	0.045485
0.070000	0.007884	0.045529
0.080000	0.007902	0.045573
0.090000	0.007920	0.045617
0.100000	0.007938	0.045661
0.110000	0.007956	0.045705
0.120000	0.007974	0.045749
0.130000	0.007992	0.045793
0.140000	0.008010	0.045836
0.150000	0.008029	0.045880
0.160000	0.008047	0.045923
0.170000	0.008065	0.045967
0.180000	0.008083	0.046010
0.190000	0.008102	0.046054
0.200000	0.008120	0.046097
0.210000	0.008139	0.046140
0.220000	0.008157	0.046183
0.230000	0.008176	0.046226
0.240000	0.008194	0.046269
0.250000	0.008213	0.046312
0.260000	0.008232	0.046355
0.270000	0.008250	0.046398
0.280000	0.008269	0.046441
0.290000	0.008288	0.046483
0.300000	0.008307	0.046526
0.310000	0.008325	0.046569
0.320000	0.008344	0.046611
0.330000	0.008363	0.046654
0.340000	0.008382	0.046696
0.350000	0.008401	0.046738
0.360000	0.008420	0.046780
0.370000	0.008440	0.046823
0.380000	0.008459	0.046865
0.390000	0.008478	0.046907
0.400000	0.008497	0.046949
0.410000	0.008516	0.046991
0.420000	0.008536	0.047032
0.430000	0.008555	0.047074
0.440000	0.008574	0.047116
0.450000	0.008594	0.047158
0.460000	0.008613	0.047199
0.470000	0.008633	0.047241
0.480000	0.008652	0.047282
0.490000	0.008672	0.047323
0.500000	0.008692	0.047365
0.510000	0.008711	0.047406
0.520000	0.008731	0.047447
0.530000	0.008751	0.047488
0.540000	0.008771	0.047529
0.550000	0.008791	0.047570
0.560000	0.008811	0.047611
0.570000	0.008830	0.047652
0.580000	0.008850	0.047692
0.590000	0.008871	0.047733
0.600000	0.008891	0.047773
0.610000	0.008911	0.047814
0.620000	0.008931	0.047854
0.630000	0.008951	0.047895
0.640000	0.008971	0.047935
0.650000	0.008992	0.047975
0.660000	0.009012	0.048015
0.670000	0.009032	0.048055
0.680000	0.009053	0.048095
0.690000	0.009073	0.048135
0.700000	0.009094	0.048175
0.710000	0.009114	0.048215
0.720000	0.009135	0.048254
0.730000	0.009155	0.048294
0.740000	0.009176	0.048333
0.750000	0.009197	0.048373
0.760000	0.009218	0.048412
0.770000	0.009238	0.048451
0.780000	0.009259	0.048491
0.790000	0.009280	0.048530
0.800000	0.009301	0.048569
0.810000	0.009322	0.048608
0.820000	0.009343	0.048647
0.830000	0.009364	0.048685
0.840000	0.009385	0.048724
0.850000	0.009407	0.048763
0.860000	0.009428	0.048801
0.870000	0.009449	0.048840
0.880000	0.009470	0.048878
0.890000	0.009492	0.048917
0.900000	0.009513	0.048955
0.910000	0.009534	0.048993
0.920000	0.009556	0.049031
0.930000	0.009577	0.049069
0.940000	0.009599	0.049107
0.950000	0.009621	0.049145
0.960000	0.009642	0.049183
0.970000	0.009664	0.049220
0.980000	0.009686	0.049258
0.990000	0.009707	0.049295
1.000000	0.009729	0.049333
1.010000	0.009751	0.049370
1.020000	0.009773	0.049407
1.030000	0.009795	0.049445
1.040000	0.009817	0.049482
1.050000	0.009839	0.049519
1.060000	0.009861	0.049556
1.070000	0.009883	0.049592
1.080000	0.009905	0.049629
1.090000	0.009928	0.049666
1.100000	0.009950	0.049702
1.110000	0.009972	0.049739
1.120000	0.009995	0.049775
1.130000	0.010017	0.049812
1.140000	0.010040	0.049848
1.150000	0.010062	0.049884
1.160000	0.010085	0.049920
1.170000	0.010107	0.049956
1.180000	0.010130	0.049992
1.190000	0.010153	0.050028
1.200000	0.010175	0.050063
1.210000	0.010198	0.050099
1.220000	0.010221	0.050134
1.230000	0.010244	0.050170
1.240000	0.010267	0.050205
1.250000	0.010290	0.050240
1.260000	0.010313	0.050276
1.270000	0.010336	0.050311
1.280000	0.010359	0.050346
1.290000	0.010382	0.050381
1.300000	0.010405	0.050415
1.310000	0.010428	0.050450
1.320000	0.010452	0.050485
1.330000	0.010475	0.050519
1.340000	0.010498	0.050554
1.350000	0.010522	0.050588
1.360000	0.010545	0.050622
1.370000	0.010569	0.050657
1.380000	0.010592	0.050691
1.390000	0.010616	0.050725
1.400000	0.010640	0.050758
1.410000	0.010663	0.050792
1.420000	0.010687	0.050826
1.430000	0.010711	0.050860
1.440000	0.010735	0.050893
1.450000	0.010759	0.050926
1.460000	0.010783	0.050960
1.470000	0.010807	0.050993
1.480000	0.010831	0.051026
1.490000	0.010855	0.051059
1.500000	0.010879	0.051092
1.510000	0.010903	0.051125
1.520000	0.010927	0.051158
1.530000	0.010952	0.051190
1.540000	0.010976	0.051223
1.550000	0.011000	0.051255
1.560000	0.011025	0.051288
1.570000	0.011049	0.051320
1.580000	0.011074	0.051352
1.590000	0.011098	0.051384
1.600000	0.011123	0.051416
1.610000	0.011148	0.051448
1.620000	0.011172	0.051480
1.630000	0.011197	0.051512
1.640000	0.011222	0.051543
1.650000	0.011247	0.051575
1.660000	0.011272	0.051606
1.670000	0.011297	0.051638
1.680000	0.011322	0.051669
1.690000	0.011347	0.051700
1.700000	0.011372	0.051731
1.710000	0.011397	0.051762
1.720000	0.011422	0.051793
1.730000	0.011447	0.051823
1.740000	0.011473	0.051854
1.750000	0.011498	0.051884
1.760000	0.011523	0.051915
1.770000	0.011549	0.051945
1.780000	0.011574	0.051975
1.790000	0.011600	0.052005
1.800000	0.011625	0.052035
1.810000	0.011651	0.052065
1.820000	0.011677	0.052095
1.830000	0.011702	0.052125
1.840000	0.011728	0.052154
1.850000	0.011754	0.052184
1.860000	0.011780	0.052213
1.870000	0.011806	0.052242
1.880000	0.011832	0.052272
1.890000	0.011858	0.052301
1.900000	0.011884	0.052330
1.910000	0.011910	0.052358
1.920000	0.011936	0.052387
1.930000	0.011962	0.052416
1.940000	0.011988	0.052444
1.950000	0.012015	0.052473
1.960000	0.012041	0.052501
1.970000	0.012068	0.052529
1.980000	0.012094	0.052558
1.990000	0.012121	0.052586
2.000000	0.012147	0.052613
2.010000	0.012174	0.052641
2.020000	0.012200	0.052669
2.030000	0.012227	0.052697
2.040000	0.012254	0.052724
2.050000	0.012281	0.052751
2.060000	0.012307	0.052779
2.070000	0.012334	0.052806
2.080000	0.012361	0.052833
2.090000	0.012388	0.052860
2.100000	0.012415	0.052887
2.110000	0.012443	0.052914
2.120000	0.012470	0.052940
2.130000	0.012497	0.052967
2.140000	0.012524	0.052993
2.150000	0.012551	0.053019
2.160000	0.012579	0.053046
2.170000	0.012606	0.053072
2.180000	0.012634	0.053098
2.190000	0.012661	0.053124
2.200000	0.012689	0.053149
2.210000	0.012716	0.053175
2.220000	0.012744	0.053201
2.230000	0.012772	0.053226
2.240000	0.012799	0.053251
2.250000	0.012827	0.053277
2.260000	0.012855	0.053302
2.270000	0.012883	0.053327
2.280000	0.012911	0.053352
2.290000	0.012939	0.053376
2.300000	0.012967	0.053401
2.310000	0.012995	0.053426
2.320000	0.013023	0.053450
2.330000	0.013051	0.053474
2.340000	0.013080	0.053499
2.350000	0.013108	0.053523
2.360000	0.013136	0.053547
2.370000	0.013165	0.053571
2.380000	0.013193	0.053594
2.390000	0.013222	0.053618
2.400000	0.013250	0.053641
2.410000	0.013279	0.053665
2.420000	0.013308	0.053688
2.430000	0.013336	0.053711
2.440000	0.013365	0.053735
2.450000	0.013394	0.053758
2.460000	0.013423	0.053780
2.470000	0.013452	0.053803
2.480000	0.013481	0.053826
2.490000	0.013510	0.053848
2.500000	0.013539	0.053871
2.510000	0.013568	0.053893
2.520000	0.013597	0.053915
2.530000	0.013626	0.053937
2.540000	0.013656	0.053959
2.550000	0.013685	0.053981
2.560000	0.013714	0.054003
2.570000	0.013744	0.054024
2.580000	0.013773	0.054046
2.590000	0.013803	0.054067
2.600000	0.013832	0.054088
2.610000	0.013862	0.054110
2.620000	0.013892	0.054131
2.630000	0.013921	0.054152
2.640000	0.013951	0.054172
2.650000	0.013981	0.054193
2.660000	0.014011	0.054214
2.670000	0.014041	0.054234
2.680000	0.014071	0.054254
2.690000	0.014101	0.054275
2.700000	0.014131	0.054295
2.710000	0.014161	0.054315
2.720000	0.014191	0.054334
2.730000	0.014222	0.054354
2.740000	0.014252	0.054374
2.750000	0.014282	0.054393
2.760000	0.014313	0.054413
2.770000	0.014343	0.054432
2.780000	0.014374	0.054451
2.790000	0.014404	0.054470
2.800000	0.014435	0.054489
2.810000	0.014465	0.054508
2.820000	0.014496	0.054527
2.830000	0.014527	0.054545
2.840000	0.014558	0.054564
2.850000	0.014589	0.054582
2.860000	0.014619	0.054600
2.870000	0.014650	0.054618
2.880000	0.014681	0.054636
2.890000	0.014713	0.054654
2.900000	0.014744	0.054672
2.910000	0.014775	0.054689
2.920000	0.014806	0.054707
2.930000	0.014837	0.054724
2.940000	0.014869	0.054741
2.950000	0.014900	0.054758
2.960000	0.014932	0.054775
2.970000	0.014963	0.054792
2.980000	0.014995	0.054809
2.990000	0.015026	0.054826
3.000000	0.015058	0.054842
3.010000	0.015089	0.054859
3.020000	0.015121	0.054875
3.030000	0.015153	0.054891
3.040000	0.015185	0.054907
3.050000	0.015217	0.054923
3.060000	0.015249	0.054939
3.070000	0.015281	0.054955
3.080000	0.015313	0.054970
3.090000	0.015345	0.054985
3.100000	0.015377	0.055001
3.110000	0.015409	0.055016
3.120000	0.015442	0.055031
3.130000	0.015474	0.055046
3.140000	0.015506	0.055061
3.150000	0.015539	0.055075
3.160000	0.015571	0.055090
3.170000	0.015604	0.055104
3.180000	0.015636	0.055119
3.190000	0.015669	0.055133
3.200000	0.015701	0.055147
3.210000	0.015734	0.055161
3.220000	0.015767	0.055175
3.230000	0.015800	0.055189
3.240000	0.015833	0.055202
3.250000	0.015866	0.055216
3.260000	0.015899	0.055229
3.270000	0.015932	0.055242
3.280000	0.015965	0.055255
3.290000	0.015998	0.055268
3.300000	0.016031	0.055281
3.310000	0.016064	0.055294
3.320000	0.016098	0.055306
3.330000	0.016131	0.055319
3.340000	0.016164	0.055331
3.350000	0.016198	0.055343
3.360000	0.016231	0.055356
3.370000	0.016265	0.055367
3.380000	0.016299	0.055379
3.390000	0.016332	0.055391
3.400000	0.016366	0.055403
3.410000	0.016400	0.055414
3.420000	0.016433	0.055425
3.430000	0.016467	0.055437
3.440000	0.016501	0.055448
3.450000	0.016535	0.055459
3.460000	0.016569	0.055470
3.470000	0.016603	0.055480
3.480000	0.016637	0.055491
3.490000	0.016672	0.055501
3.500000	0.016706	0.055512
3.510000	0.016740	0.055522
3.520000	0.016774	0.055532
3.530000	0.016809	0.055542
3.540000	0.016843	0.055552
3.550000	0.016878	0.055562
3.560000	0.016912	0.055571
3.570000	0.016947	0.055581
3.580000	0.016982	0.055590
3.590000	0.017016	0.055599
3.600000	0.017051	0.055608
3.610000	0.017086	0.055617
3.620000	0.017121	0.055626
3.630000	0.017156	0.055635
3.640000	0.017190	0.055644
3.650000	0.017225	0.055652
3.660000	0.017261	0.055660
3.670000	0.017296	0.055669
3.680000	0.017331	0.055677
3.690000	0.017366	0.055685
3.700000	0.017401	0.055692
3.710000	0.017437	0.055700
3.720000	0.017472	0.055708
3.730000	0.017507	0.055715
3.740000	0.017543	0.055722
3.750000	0.017578	0.055730
3.760000	0.017614	0.055737
3.770000	0.017649	0.055744
3.780000	0.017685	0.055751
3.790000	0.017721	0.055757
3.800000	0.017757	0.055764
3.810000	0.017792	0.055770
3.820000	0.017828	0.055777
3.830000	0.017864	0.055783
3.840000	0.017900	0.055789
3.850000	0.017936	0.055795
3.860000	0.017972	0.055801
3.870000	0.018008	0.055806
3.880000	0.018045	0.055812
3.890000	0.018081	0.055817
3.900000	0.018117	0.055823
3.910000	0.018153	0.055828
3.920000	0.018190	0.055833
3.930000	0.018226	0.055838
3.940000	0.018263	0.055842
3.950000	0.018299	0.055847
3.960000	0.018336	0.055852
3.970000	0.018372	0.055856
3.980000	0.018409	0.055860
3.990000	0.018446	0.055864
4.000000	0.018483	0.055869
4.010000	0.018519	0.055872
4.020000	0.018556	0.055876
4.030000	0.018593	0.055880
4.040000	0.018630	0.055883
4.050000	0.018667	0.055887
4.060000	0.018704	0.055890
4.070000	0.018742	0.055893
4.080000	0.018779	0.055896
4.090000	0.018816	0.055899
4.100000	0.018853	0.055902
4.110000	0.018891	0.055904
4.120000	0.018928	0.055907
4.130000	0.018965	0.055909
4.140000	0.019003	0.055912
4.150000	0.019040	0.055914
4.160000	0.019078	0.055916
4.170000	0.019116	0.055918
4.180000	0.019153	0.055919
4.190000	0.019191	0.055921
4.200000	0.019229	0.055922
4.210000	0.019267	0.055924
4.220000	0.019305	0.055925
4.230000	0.019343	0.055926
4.240000	0.019380	0.055927
4.250000	0.019419	0.055928
4.260000	0.019457	0.055929
4.270000	0.019495	0.055929
4.280000	0.019533	0.055930
4.290000	0.019571	0.055930
4.300000	0.019609	0.055930
4.310000	0.019648	0.055930
4.320000	0.019686	0.055930
4.330000	0.019725	0.055930
4.340000	0.019763	0.055930
4.350000	0.019802	0.055929
4.360000	0.019840	0.055929
4.370000	0.019879	0.055928
4.380000	0.019917	0.055927
4.390000	0.019956	0.055926
4.400000	0.019995	0.055925
4.410000	0.020034	0.055924
4.420000	0.020073	0.055923
4.430000	0.020111	0.055922
4.440000	0.020150	0.055920
4.450000	0.020189	0.055918
4.460000	0.020229	0.055916
4.470000	0.020268	0.055915
4.480000	0.020307	0.055912
4.490000	0.020346	0.055910
4.500000	0.020385	0.055908
4.510000	0.020425	0.055905
4.520000	0.020464	0.055903
4.530000	0.020503	0.055900
4.540000	0.020543	0.055897
4.550000	0.020582	0.055894
4.560000	0.020622	0.055891
4.570000	0.020661	0.055888
4.580000	0.020701	0.055885
4.590000	0.020741	0.055881
4.600000	0.020780	0.055878
4.610000	0.020820	0.055874
4.620000	0.020860	0.055870
4.630000	0.020900	0.055866
4.640000	0.020940	0.055862
4.650000	0.020980	0.055858
4.660000	0.021020	0.055854
4.670000	0.021060	0.055849
4.680000	0.021100	0.055845
4.690000	0.021140	0.055840
4.700000	0.021180	0.055835
4.710000	0.021221	0.055830
4.720000	0.021261	0.055825
4.730000	0.021301	0.055820
4.740000	0.021342	0.055814
4.750000	0.021382	0.055809
4.760000	0.021422	0.055803
4.770000	0.021463	0.055798
4.780000	0.021504	0.055792
4.790000	0.021544	0.055786
4.800000	0.021585	0.055780
4.810000	0.021626	0.055774
4.820000	0.021666	0.055767
4.830000	0.021707	0.055761
4.840000	0.021748	0.055754
4.850000	0.021789	0.055747
4.860000	0.021830	0.055741
4.870000	0.021871	0.055734
4.880000	0.021912	0.055727
4.890000	0.021953	0.055719
4.900000	0.021994	0.055712
4.910000	0.022035	0.055704
4.920000	0.022076	0.055697
4.930000	0.022118	0.055689
4.940000	0.022159	0.055681
4.950000	0.022200	0.055673
4.960000	0.022242	0.055665
4.970000	0.022283	0.055657
4.980000	0.022325	0.055649
4.990000	0.022366	0.055640
5.000000	0.022408	0.055632
5.010000	0.022449	0.055623
5.020000	0.022491	0.055614
5.030000	0.022533	0.055605
5.040000	0.022574	0.055596
5.050000	0.022616	0.055587
5.060000	0.022658	0.055578
5.070000	0.022700	0.055568
5.080000	0.022742	0.055559
5.090000	0.022784	0.055549
5.100000	0.022826	0.055539
5.110000	0.022868	0.055529
5.120000	0.022910	0.055519
5.130000	0.022952	0.055509
5.140000	0.022994	0.055499
5.150000	0.023037	0.055488
5.160000	0.023079	0.055478
5.170000	0.023121	0.055467
5.180000	0.023163	0.055456
5.190000	0.023206	0.055446
5.200000	0.023248	0.055435
5.210000	0.023291	0.055423
5.220000	0.023333	0.055412
5.230000	0.023376	0.055401
5.240000	0.023419	0.055389
5.250000	0.023461	0.055378
5.260000	0.023504	0.055366
5.270000	0.023547	0.055354
5.280000	0.023589	0.055342
5.290000	0.023632	0.055330
5.300000	0.023675	0.055318
5.310000	0.023718	0.055305
5.320000	0.023761	0.055293
5.330000	0.023804	0.055280
5.340000	0.023847	0.055268
5.350000	0.023890	0.055255
5.360000	0.023933	0.055242
5.370000	0.023976	0.055229
5.380000	0.024020	0.055216
5.390000	0.024063	0.055202
5.400000	0.024106	0.055189
5.410000	0.024149	0.055175
5.420000	0.024193	0.055162
5.430000	0.024236	0.055148
5.440000	0.024280	0.055134
5.450000	0.024323	0.055120
5.460000	0.024367	0.055106
5.470000	0.024410	0.055092
5.480000	0.024454	0.055077
5.490000	0.024497	0.055063
5.500000	0.024541	0.055048
5.510000	0.024585	0.055033
5.520000	0.024628	0.055019
5.530000	0.024672	0.055004
5.540000	0.024716	0.054989
5.550000	0.024760	0.054973
5.560000	0.024804	0.054958
5.570000	0.024848	0.054943
5.580000	0.024892	0.054927
5.590000	0.024936	0.054912
5.600000	0.024980	0.054896
5.610000	0.025024	0.054880
5.620000	0.025068	0.054864
5.630000	0.025112	0.054848
5.640000	0.025157	0.054832
5.650000	0.025201	0.054815
5.660000	0.025245	0.054799
5.670000	0.025289	0.054782
5.680000	0.025334	0.054765
5.690000	0.025378	0.054749
5.700000	0.025423	0.054732
5.710000	0.025467	0.054715
5.720000	0.025512	0.054697
5.730000	0.025556	0.054680
5.740000	0.025601	0.054663
5.750000	0.025645	0.054645
5.760000	0.025690	0.054628
5.770000	0.025735	0.054610
5.780000	0.025780	0.054592
5.790000	0.025824	0.054574
5.800000	0.025869	0.054556
5.810000	0.025914	0.054538
5.820000	0.025959	0.054520
5.830000	0.026004	0.054501
5.840000	0.026049	0.054483
5.850000	0.026094	0.054464
5.860000	0.026139	0.054445
5.870000	0.026184	0.054427
5.880000	0.026229	0.054408
5.890000	0.026274	0.054388
5.900000	0.026319	0.054369
5.910000	0.026364	0.054350
5.920000	0.026410	0.054331
5.930000	0.026455	0.054311
5.940000	0.026500	0.054291
5.950000	0.026546	0.054272
5.960000	0.026591	0.054252
5.970000	0.026636	0.054232
5.980000	0.026682	0.054212
5.990000	0.026727	0.054192
6.000000	0.026773	0.054171
6.010000	0.026818	0.054151
6.020000	0.026864	0.054130
6.030000	0.026909	0.054110
6.040000	0.026955	0.054089
6.050000	0.027001	0.054068
6.060000	0.027046	0.054047
6.070000	0.027092	0.054026
6.080000	0.027138	0.054005
6.090000	0.027184	0.053984
6.100000	0.027230	0.053962
6.110000	0.027275	0.053941
6.120000	0.027321	0.053919
6.130000	0.027367	0.053898
6.140000	0.027413	0.053876
6.150000	0.027459	0.053854
6.160000	0.027505	0.053832
6.170000	0.027551	0.053810
6.180000	0.027597	0.053787
6.190000	0.027643	0.053765
6.200000	0.027690	0.053743
6.210000	0.027736	0.053720
6.220000	0.027782	0.053697
6.230000	0.027828	0.053675
6.240000	0.027874	0.053652
6.250000	0.027921	0.053629
6.260000	0.027967	0.053606
6.270000	0.028013	0.053583
6.280000	0.028060	0.053559
6.290000	0.028106	0.053536
6.300000	0.028153	0.053512
6.310000	0.028199	0.053489
6.320000	0.028245	0.053465
6.330000	0.028292	0.053441
6.340000	0.028339	0.053417
6.350000	0.028385	0.053393
6.360000	0.028432	0.053369
6.370000	0.028478	0.053345
6.380000	0.028525	0.053321
6.390000	0.028572	0.053296
6.400000	0.028618	0.053272
6.410000	0.028665	0.053247
6.420000	0.028712	0.053222
6.430000	0.028759	0.053198
6.440000	0.028806	0.053173
6.450000	0.028852	0.053148
6.460000	0.028899	0.053122
6.470000	0.028946	0.053097
6.480000	0.028993	0.053072
6.490000	0.029040	0.053046
6.500000	0.029087	0.053021
6.510000	0.029134	0.052995
6.520000	0.029181	0.052969
6.530000	0.029228	0.052944
6.540000	0.029275	0.052918
6.550000	0.029322	0.052892
6.560000	0.029369	0.052865
6.570000	0.029417	0.052839
6.580000	0.029464	0.052813
6.590000	0.029511	0.052786
6.600000	0.029558	0.052760
6.610000	0.029605	0.052733
6.620000	0.029653	0.052707
6.630000	0.029700	0.052680
6.640000	0.029747	0.052653
6.650000	0.029795	0.052626
6.660000	0.029842	0.052599
6.670000	0.029889	0.052572
6.680000	0.029937	0.052544
6.690000	0.029984	0.052517
6.700000	0.030032	0.052489
6.710000	0.030079	0.052462
6.720000	0.030127	0.052434
6.730000	0.030174	0.052406
6.740000	0.030222	0.052378
6.750000	0.030269	0.052350
6.760000	0.030317	0.052322
6.770000	0.030364	0.052294
6.780000	0.030412	0.052266
6.790000	0.030460	0.052238
6.800000	0.030507	0.052209
6.810000	0.030555	0.052181
6.820000	0.030603	0.052152
6.830000	0.030650	0.052123
6.840000	0.030698	0.052094
6.850000	0.030746	0.052066
6.860000	0.030794	0.052037
6.870000	0.030841	0.052008
6.880000	0.030889	0.051978
6.890000	0.030937	0.051949
6.900000	0.030985	0.051920
6.910000	0.031033	0.051890
6.920000	0.031081	0.051861
6.930000	0.031129	0.051831
6.940000	0.031177	0.051801
6.950000	0.031225	0.051772
6.960000	0.031273	0.051742
6.970000	0.031320	0.051712
6.980000	0.031368	0.051682
6.990000	0.031416	0.051651
7.000000	0.031465	0.051621
7.010000	0.031513	0.051591
7.020000	0.031561	0.051560
7.030000	0.031609	0.051530
7.040000	0.031657	0.051499
7.050000	0.031705	0.051469
7.060000	0.031753	0.051438
7.070000	0.031801	0.051407
7.080000	0.031849	0.051376
7.090000	0.031898	0.051345
7.100000	0.031946	0.051314
7.110000	0.031994	0.051283
7.120000	0.032042	0.051251
7.130000	0.032090	0.051220
7.140000	0.032139	0.051188
7.150000	0.032187	0.051157
7.160000	0.032235	0.051125
7.170000	0.032283	0.051093
7.180000	0.032332	0.051062
7.190000	0.032380	0.051030
7.200000	0.032428	0.050998
7.210000	0.032477	0.050966
7.220000	0.032525	0.050934
7.230000	0.032573	0.050901
7.240000	0.032622	0.050869
7.250000	0.032670	0.050837
7.260000	0.032719	0.050804
7.270000	0.032767	0.050772
7.280000	0.032815	0.050739
7.290000	0.032864	0.050706
7.300000	0.032912	0.050673
7.310000	0.032961	0.050640
7.320000	0.033009	0.050608
7.330000	0.033058	0.050574
7.340000	0.033106	0.050541
7.350000	0.033155	0.050508
7.360000	0.033203	0.050475
7.370000	0.033252	0.050441
7.380000	0.033300	0.050408
7.390000	0.033349	0.050375
7.400000	0.033397	0.050341
7.410000	0.033446	0.050307
7.420000	0.033494	0.050273
7.430000	0.033543	0.050240
7.440000	0.033591	0.050206
7.450000	0.033640	0.050172
7.460000	0.033689	0.050138
7.470000	0.033737	0.050104
7.480000	0.033786	0.050069
7.490000	0.033834	0.050035
7.500000	0.033883	0.050001
7.510000	0.033932	0.049966
7.520000	0.033980	0.049932
7.530000	0.034029	0.049897
7.540000	0.034077	0.049862
7.550000	0.034126	0.049828
7.560000	0.034175	0.049793
7.570000	0.034223	0.049758
7.580000	0.034272	0.049723
7.590000	0.034321	0.049688
7.600000	0.034369	0.049653
7.610000	0.034418	0.049618
7.620000	0.034467	0.049582
7.630000	0.034515	0.049547
7.640000	0.034564	0.049512
7.650000	0.034613	0.049476
7.660000	0.034661	0.049440
7.670000	0.034710	0.049405
7.680000	0.034759	0.049369
7.690000	0.034807	0.049333
7.700000	0.034856	0.049298
7.710000	0.034905	0.049262
7.720000	0.034953	0.049226
7.730000	0.035002	0.049190
7.740000	0.035051	0.049153
7.750000	0.035100	0.049117
7.760000	0.035148	0.049081
7.770000	0.035197	0.049045
7.780000	0.035246	0.049008
7.790000	0.035294	0.048972
7.800000	0.035343	0.048935
7.810000	0.035392	0.048899
7.820000	0.035440	0.048862
7.830000	0.035489	0.048825
7.840000	0.035538	0.048788
7.850000	0.035587	0.048752
7.860000	0.035635	0.048715
7.870000	0.035684	0.048678
7.880000	0.035733	0.048641
7.890000	0.035781	0.048603
7.900000	0.035830	0.048566
7.910000	0.035879	0.048529
7.920000	0.035927	0.048492
7.930000	0.035976	0.048454
7.940000	0.036025	0.048417
7.950000	0.036073	0.048379
7.960000	0.036122	0.048342
7.970000	0.036171	0.048304
7.980000	0.036219	0.048266
7.990000	0.036268	0.048228
8.000000	0.036317	0.048191
8.010000	0.036365	0.048153
8.020000	0.036414	0.048115
8.030000	0.036463	0.048077
8.040000	0.036511	0.048039
8.050000	0.036560	0.048000
8.060000	0.036609	0.047962
8.070000	0.036657	0.047924
8.080000	0.036706	0.047886
8.090000	0.036754	0.047847
8.100000	0.036803	0.047809
8.110000	0.036852	0.047770
8.120000	0.036900	0.047732
8.130000	0.036949	0.047693
8.140000	0.036997	0.047654
8.150000	0.037046	0.047616
8.160000	0.037094	0.047577
8.170000	0.037143	0.047538
8.180000	0.037191	0.047499
8.190000	0.037240	0.047460
8.200000	0.037288	0.047421
8.210000	0.037337	0.047382
8.220000	0.037385	0.047343
8.230000	0.037434	0.047303
8.240000	0.037482	0.047264
8.250000	0.037531	0.047225
8.260000	0.037579	0.047185
8.270000	0.037628	0.047146
8.280000	0.037676	0.047107
8.290000	0.037725	0.047067
8.300000	0.037773	0.047027
8.310000	0.037821	0.046988
8.320000	0.037870	0.046948
8.330000	0.037918	0.046908
8.340000	0.037967	0.046868
8.350000	0.038015	0.046829
8.360000	0.038063	0.046789
8.370000	0.038112	0.046749
8.380000	0.038160	0.046709
8.390000	0.038208	0.046669
8.400000	0.038256	0.046628
8.410000	0.038305	0.046588
8.420000	0.038353	0.046548
8.430000	0.038401	0.046508
8.440000	0.038449	0.046467
8.450000	0.038498	0.046427
8.460000	0.038546	0.046387
8.470000	0.038594	0.046346
8.480000	0.038642	0.046305
8.490000	0.038690	0.046265
8.500000	0.038738	0.046224
8.510000	0.038786	0.046184
8.520000	0.038835	0.046143
8.530000	0.038883	0.046102
8.540000	0.038931	0.046061
8.550000	0.038979	0.046020
8.560000	0.039027	0.045979
8.570000	0.039075	0.045938
8.580000	0.039123	0.045897
8.590000	0.039171	0.045856
8.600000	0.039219	0.045815
8.610000	0.039267	0.045774
8.620000	0.039314	0.045733
8.630000	0.039362	0.045692
8.640000	0.039410	0.045650
8.650000	0.039458	0.045609
8.660000	0.039506	0.045568
8.670000	0.039554	0.045526
8.680000	0.039601	0.045485
8.690000	0.039649	0.045443
8.700000	0.039697	0.045401
8.710000	0.039745	0.045360
8.720000	0.039792	0.045318
8.730000	0.039840	0.045277
8.740000	0.039888	0.045235
8.750000	0.039935	0.045193
8.760000	0.039983	0.045151
8.770000	0.040031	0.045109
8.780000	0.040078	0.045067
8.790000	0.040126	0.045025
8.800000	0.040173	0.044983
8.810000	0.040221	0.044941
8.820000	0.040268	0.044899
8.830000	0.040316	0.044857
8.840000	0.040363	0.044815
8.850000	0.040410	0.044773
8.860000	0.040458	0.044731
8.870000	0.040505	0.044688
8.880000	0.040552	0.044646
8.890000	0.040600	0.044604
8.900000	0.040647	0.044561
8.910000	0.040694	0.044519
8.920000	0.040741	0.044476
8.930000	0.040789	0.044434
8.940000	0.040836	0.044391
8.950000	0.040883	0.044349
8.960000	0.040930	0.044306
8.970000	0.040977	0.044264
8.980000	0.041024	0.044221
8.990000	0.041071	0.044178
9.000000	0.041118	0.044135
9.010000	0.041165	0.044093
9.020000	0.041212	0.044050
9.030000	0.041259	0.044007
9.040000	0.041306	0.043964
9.050000	0.041353	0.043921
9.060000	0.041399	0.043878
9.070000	0.041446	0.043835
9.080000	0.041493	0.043792
9.090000	0.041540	0.043749
9.100000	0.041586	0.043706
9.110000	0.041633	0.043663
9.120000	0.041680	0.043620
9.130000	0.041726	0.043576
9.140000	0.041773	0.043533
9.150000	0.041819	0.043490
9.160000	0.041866	0.043447
9.170000	0.041912	0.043403
9.180000	0.041959	0.043360
9.190000	0.042005	0.043316
9.200000	0.042051	0.043273
9.210000	0.042098	0.043230
9.220000	0.042144	0.043186
9.230000	0.042190	0.043143
9.240000	0.042237	0.043099
9.250000	0.042283	0.043056
9.260000	0.042329	0.043012
9.270000	0.042375	0.042968
9.280000	0.042421	0.042925
9.290000	0.042467	0.042881
9.300000	0.042513	0.042837
9.310000	0.042559	0.042794
9.320000	0.042605	0.042750
9.330000	0.042651	0.042706
9.340000	0.042697	0.042662
9.350000	0.042743	0.042618
9.360000	0.042788	0.042574
9.370000	0.042834	0.042531
9.380000	0.042880	0.042487
9.390000	0.042926	0.042443
9.400000	0.042971	0.042399
9.410000	0.043017	0.042355
9.420000	0.043062	0.042311
9.430000	0.043108	0.042267
9.440000	0.043153	0.042223
9.450000	0.043199	0.042178
9.460000	0.043244	0.042134
9.470000	0.043290	0.042090
9.480000	0.043335	0.042046
9.490000	0.043380	0.042002
9.500000	0.043425	0.041958
9.510000	0.043471	0.041913
9.520000	0.043516	0.041869
9.530000	0.043561	0.041825
9.540000	0.043606	0.041781
9.550000	0.043651	0.041736
9.560000	0.043696	0.041692
9.570000	0.043741	0.041647
9.580000	0.043786	0.041603
9.590000	0.043831	0.041559
9.600000	0.043875	0.041514
9.610000	0.043920	0.041470
9.620000	0.043965	0.041425
9.630000	0.044010	0.041381
9.640000	0.044054	0.041336
9.650000	0.044099	0.041292
9.660000	0.044143	0.041247
9.670000	0.044188	0.041203
9.680000	0.044232	0.041158
9.690000	0.044277	0.041113
9.700000	0.044321	0.041069
9.710000	0.044365	0.041024
9.720000	0.044410	0.040980
9.730000	0.044454	0.040935
9.740000	0.044498	0.040890
9.750000	0.044542	0.040846
9.760000	0.044586	0.040801
9.770000	0.044630	0.040756
9.780000	0.044674	0.040711
9.790000	0.044718	0.040667
9.800000	0.044762	0.040622
9.810000	0.044806	0.040577
9.820000	0.044850	0.040532
9.830000	0.044893	0.040487
9.840000	0.044937	0.040442
9.850000	0.044981	0.040398
9.860000	0.045024	0.040353
9.870000	0.045068	0.040308
9.880000	0.045111	0.040263
9.890000	0.045155	0.040218
9.900000	0.045198	0.040173
9.910000	0.045242	0.040128
9.920000	0.045285	0.040083
9.930000	0.045328	0.040038
9.940000	0.045371	0.039993
9.950000	0.045414	0.039948
9.960000	0.045457	0.039903
9.970000	0.045501	0.039858
9.980000	0.045543	0.039813
9.990000	0.045586	0.039768
10.000000	0.045629	0.039723
