-10.000000	0.012244	0.038310
-9.990000	0.012259	0.038328
-9.980000	0.012274	0.038345
-9.970000	0.012289	0.038363
-9.960000	0.012304	0.038380
-9.950000	0.012319	0.038397
-9.940000	0.012334	0.038414
-9.930000	0.012350	0.038432
-9.920000	0.012365	0.038449
-9.910000	0.012380	0.038466
-9.900000	0.012395	0.038483
-9.890000	0.012410	0.038500
-9.880000	0.012426	0.038517
-9.870000	0.012441	0.038534
-9.860000	0.012456	0.038551
-9.850000	0.012471	0.038568
-9.840000	0.012487	0.038584
-9.830000	0.012502	0.038601
-9.820000	0.012517	0.038618
-9.810000	0.012533	0.038635
-9.800000	0.012548	0.038651
-9.790000	0.012563	0.038668
-9.780000	0.012579	0.038684
-9.770000	0.012594	0.038701
-9.760000	0.012610	0.038717
-9.750000	0.012625	0.038734
-9.740000	0.012640	0.038750
-9.730000	0.012656	0.038766
-9.720000	0.012671	0.038783
-9.710000	0.012687	0.038799
-9.700000	0.012702	0.038815
-9.690000	0.012718	0.038831
-9.680000	0.012733	0.038847
-9.670000	0.012749	0.038863
-9.660000	0.012764	0.038880
-9.650000	0.012780	0.038896
-9.640000	0.012795	0.038911
-9.630000	0.012811	0.038927
-9.620000	0.012827	0.038943
-9.610000	0.012842	0.038959
-9.600000	0.012858	0.038975
-9.590000	0.012873	0.038990
-9.580000	0.012889	0.039006
-9.570000	0.012905	0.039022
-9.560000	0.012920	0.039037
-9.550000	0.012936	0.039053
-9.540000	0.012952	0.039068
-9.530000	0.012967	0.039084
-9.520000	0.012983	0.039099
-9.510000	0.012999	0.039115
-9.500000	0.013015	0.039130
-9.490000	0.013030	0.039145
-9.480000	0.013046	0.039160
-9.470000	0.013062	0.039176
-9.460000	0.013078	0.039191
-9.450000	0.013094	0.039206
-9.440000	0.013109	0.039221
-9.430000	0.013125	0.039236
-9.420000	0.013141	0.039251
-9.410000	0.013157	0.039266
-9.400000	0.013173	0.039281
-9.390000	0.013189	0.039296
-9.380000	0.013205	0.039310
-9.370000	0.013221	0.039325
-9.360000	0.013237	0.039340
-9.350000	0.013253	0.039354
-9.340000	0.013269	0.039369
-9.330000	0.013285	0.039384
-9.320000	0.013301	0.039398
-9.310000	0.013317	0.039413
-9.300000	0.013333	0.039427
-9.290000	0.013349	0.039441
-9.280000	0.013365	0.039456
-9.270000	0.013381	0.039470
-9.260000	0.013397	0.039484
-9.250000	0.013413	0.039498
-9.240000	0.013429	0.039512
-9.230000	0.013445	0.039527
-9.220000	0.013461	0.039541
-9.210000	0.013477	0.039555
-9.200000	0.013494	0.039569
-9.190000	0.013510	0.039583
-9.180000	0.013526	0.039596
-9.170000	0.013542	0.039610
-9.160000	0.013558	0.039624
-9.150000	0.013575	0.039638
-9.140000	0.013591	0.039651
-9.130000	0.013607	0.039665
-9.120000	0.013623	0.039679
-9.110000	0.013640	0.039692
-9.100000	0.013656	0.039706
-9.090000	0.013672	0.039719
-9.080000	0.013689	0.039733
-9.070000	0.013705	0.039746
-9.060000	0.013721	0.039759
-9.050000	0.013738	0.039772
-9.040000	0.013754	0.039786
-9.030000	0.013770	0.039799
-9.020000	0.013787	0.039812
-9.010000	0.013803	0.039825
-9.000000	0.013820	0.039838
-8.990000	0.013836	0.039851
-8.980000	0.013853	0.039864
-8.970000	0.013869	0.039877
-8.960000	0.013886	0.039890
-8.950000	0.013902	0.039903
-8.940000	0.013919	0.039915
-8.930000	0.013935	0.039928
-8.920000	0.013952	0.039941
-8.910000	0.013968	0.039953
-8.900000	0.013985	0.039966
-8.890000	0.014002	0.039978
-8.880000	0.014018	0.039991
-8.870000	0.014035	0.040003
-8.860000	0.014051	0.040016
-8.850000	0.014068	0.040028
-8.840000	0.014085	0.040040
-8.830000	0.014101	0.040052
-8.820000	0.014118	0.040065
-8.810000	0.014135	0.040077
-8.800000	0.014152	0.040089
-8.790000	0.014168	0.040101
-8.780000	0.014185	0.040113
-8.770000	0.014202	0.040125
-8.760000	0.014219	0.040137
-8.750000	0.014235	0.040149
-8.740000	0.014252	0.040160
-8.730000	0.014269	0.040172
-8.720000	0.014286	0.040184
-8.710000	0.014303	0.040195
-8.700000	0.014320	0.040207
-8.690000	0.014336	0.040219
-8.680000	0.014353	0.040230
-8.670000	0.014370	0.040242
-8.660000	0.014387	0.040253
-8.650000	0.014404	0.040264
-8.640000	0.014421	0.040276
-8.630000	0.014438	0.040287
-8.620000	0.014455	0.040298
-8.610000	0.014472	0.040309
-8.600000	0.014489	0.040321
-8.590000	0.014506	0.040332
-8.580000	0.014523	0.040343
-8.570000	0.014540	0.040354
-8.560000	0.014557	0.040365
-8.550000	0.014574	0.040375
-8.540000	0.014591	0.040386
-8.530000	0.014608	0.040397
-8.520000	0.014625	0.040408
-8.510000	0.014643	0.040419
-8.500000	0.014660	0.040429
-8.490000	0.014677	0.040440
-8.480000	0.014694	0.040450
-8.470000	0.014711	0.040461
-8.460000	0.014728	0.040471
-8.450000	0.014746	0.040482
-8.440000	0.014763	0.040492
-8.430000	0.014780	0.040502
-8.420000	0.014797	0.040513
-8.410000	0.014815	0.040523
-8.400000	0.014832	0.040533
-8.390000	0.014849	0.040543
-8.380000	0.014867	0.040553
-8.370000	0.014884	0.040563
-8.360000	0.014901	0.040573
-8.350000	0.014919	0.040583
-8.340000	0.014936	0.040593
-8.330000	0.014953	0.040603
-8.320000	0.014971	0.040612
-8.310000	0.014988	0.040622
-8.300000	0.015006	0.040632
-8.290000	0.015023	0.040641
-8.280000	0.015040	0.040651
-8.270000	0.015058	0.040660
-8.260000	0.015075	0.040670
-8.250000	0.015093	0.040679
-8.240000	0.015110	0.040689
-8.230000	0.015128	0.040698
-8.220000	0.015146	0.040707
-8.210000	0.015163	0.040717
-8.200000	0.015181	0.040726
-8.190000	0.015198	0.040735
-8.180000	0.015216	0.040744
-8.170000	0.015233	0.040753
-8.160000	0.015251	0.040762
-8.150000	0.015269	0.040771
-8.140000	0.015286	0.040780
-8.130000	0.015304	0.040788
-8.120000	0.015322	0.040797
-8.110000	0.015339	0.040806
-8.100000	0.015357	0.040815
-8.090000	0.015375	0.040823
-8.080000	0.015393	0.040832
-8.070000	0.015410	0.040840
-8.060000	0.015428	0.040849
-8.050000	0.015446	0.040857
-8.040000	0.015464	0.040866
-8.030000	0.015481	0.040874
-8.020000	0.015499	0.040882
-8.010000	0.015517	0.040891
-8.000000	0.015535	0.040899
-7.990000	0.015553	0.040907
-7.980000	0.015571	0.040915
-7.970000	0.015589	0.040923
-7.960000	0.015607	0.040931
-7.950000	0.015624	0.040939
-7.940000	0.015642	0.040947
-7.930000	0.015660	0.040955
-7.920000	0.015678	0.040962
-7.910000	0.015696	0.040970
-7.900000	0.015714	0.040978
-7.890000	0.015732	0.040985
-7.880000	0.015750	0.040993
-7.870000	0.015768	0.041000
-7.860000	0.015786	0.041008
-7.850000	0.015804	0.041015
-7.840000	0.015823	0.041023
-7.830000	0.015841	0.041030
-7.820000	0.015859	0.041037
-7.810000	0.015877	0.041045
-7.800000	0.015895	0.041052
-7.790000	0.015913	0.041059
-7.780000	0.015931	0.041066
-7.770000	0.015949	0.041073
-7.760000	0.015968	0.041080
-7.750000	0.015986	0.041087
-7.740000	0.016004	0.041094
-7.730000	0.016022	0.041101
-7.720000	0.016041	0.041107
-7.710000	0.016059	0.041114
-7.700000	0.016077	0.041121
-7.690000	0.016095	0.041127
-7.680000	0.016114	0.041134
-7.670000	0.016132	0.041140
-7.660000	0.016150	0.041147
-7.650000	0.016169	0.041153
-7.640000	0.016187	0.041160
-7.630000	0.016205	0.041166
-7.620000	0.016224	0.041172
-7.610000	0.016242	0.041178
-7.600000	0.016261	0.041185
-7.590000	0.016279	0.041191
-7.580000	0.016298	0.041197
-7.570000	0.016316	0.041203
-7.560000	0.016334	0.041209
-7.550000	0.016353	0.041215
-7.540000	0.016371	0.041221
-7.530000	0.016390	0.041226
-7.520000	0.016408	0.041232
-7.510000	0.016427	0.041238
-7.500000	0.016446	0.041243
-7.490000	0.016464	0.041249
-7.480000	0.016483	0.041255
-7.470000	0.016501	0.041260
-7.460000	0.016520	0.041266
-7.450000	0.016539	0.041271
-7.440000	0.016557	0.041276
-7.430000	0.016576	0.041282
-7.420000	0.016595	0.041287
-7.410000	0.016613	0.041292
-7.400000	0.016632	0.041297
-7.390000	0.016651	0.041302
-7.380000	0.016669	0.041307
-7.370000	0.016688	0.041312
-7.360000	0.016707	0.041317
-7.350000	0.016726	0.041322
-7.340000	0.016744	0.041327
-7.330000	0.016763	0.041332
-7.320000	0.016782	0.041337
-7.310000	0.016801	0.041341
-7.300000	0.016820	0.041346
-7.290000	0.016839	0.041351
-7.280000	0.016857	0.041355
-7.270000	0.016876	0.041360
-7.260000	0.016895	0.041364
-7.250000	0.016914	0.041368
-7.240000	0.016933	0.041373
-7.230000	0.016952	0.041377
-7.220000	0.016971	0.041381
-7.210000	0.016990	0.041386
-7.200000	0.017009	0.041390
-7.190000	0.017028	0.041394
-7.180000	0.017047	0.041398
-7.170000	0.017066	0.041402
-7.160000	0.017085	0.041406
-7.150000	0.017104	0.041410
-7.140000	0.017123	0.041413
-7.130000	0.017142	0.041417
-7.120000	0.017161	0.041421
-7.110000	0.017180	0.041425
-7.100000	0.017199	0.041428
-7.090000	0.017219	0.041432
-7.080000	0.017238	0.041435
-7.070000	0.017257	0.041439
-7.060000	0.017276	0.041442
-7.050000	0.017295	0.041446
-7.040000	0.017314	0.041449
-7.030000	0.017334	0.041452
-7.020000	0.017353	0.041455
-7.010000	0.017372	0.041459
-7.000000	0.017391	0.041462
-6.990000	0.017411	0.041465
-6.980000	0.017430	0.041468
-6.970000	0.017449	0.041471
-6.960000	0.017469	0.041474
-6.950000	0.017488	0.041477
-6.940000	0.017507	0.041479
-6.930000	0.017527	0.041482
-6.920000	0.017546	0.041485
-6.910000	0.017565	0.041488
-6.900000	0.017585	0.041490
-6.890000	0.017604	0.041493
-6.880000	0.017624	0.041495
-6.870000	0.017643	0.041498
-6.860000	0.017663	0.041500
-6.850000	0.017682	0.041502
-6.840000	0.017702	0.041505
-6.830000	0.017721	0.041507
-6.820000	0.017741	0.041509
-6.810000	0.017760	0.041511
-6.800000	0.017780	0.041513
-6.790000	0.017799	0.041515
-6.780000	0.017819	0.041517
-6.770000	0.017838	0.041519
-6.760000	0.017858	0.041521
-6.750000	0.017877	0.041523
-6.740000	0.017897	0.041525
-6.730000	0.017917	0.041527
-6.720000	0.017936	0.041528
-6.710000	0.017956	0.041530
-6.700000	0.017976	0.041532
-6.690000	0.017995	0.041533
-6.680000	0.018015	0.041535
-6.670000	0.018035	0.041536
-6.660000	0.018055	0.041538
-6.650000	0.018074	0.041539
-6.640000	0.018094	0.041540
-6.630000	0.018114	0.041541
-6.620000	0.018134	0.041543
-6.610000	0.018153	0.041544
-6.600000	0.018173	0.041545
-6.590000	0.018193	0.041546
-6.580000	0.018213	0.041547
-6.570000	0.018233	0.041548
-6.560000	0.018253	0.041549
-6.550000	0.018272	0.041549
-6.540000	0.018292	0.041550
-6.530000	0.018312	0.041551
-6.520000	0.018332	0.041552
-6.510000	0.018352	0.041552
-6.500000	0.018372	0.041553
-6.490000	0.018392	0.041553
-6.480000	0.018412	0.041554
-6.470000	0.018432	0.041554
-6.460000	0.018452	0.041555
-6.450000	0.018472	0.041555
-6.440000	0.018492	0.041555
-6.430000	0.018512	0.041556
-6.420000	0.018532	0.041556
-6.410000	0.018552	0.041556
-6.400000	0.018572	0.041556
-6.390000	0.018592	0.041556
-6.380000	0.018612	0.041556
-6.370000	0.018633	0.041556
-6.360000	0.018653	0.041556
-6.350000	0.018673	0.041556
-6.340000	0.018693	0.041555
-6.330000	0.018713	0.041555
-6.320000	0.018733	0.041555
-6.310000	0.018754	0.041554
-6.300000	0.018774	0.041554
-6.290000	0.018794	0.041553
-6.280000	0.018814	0.041553
-6.270000	0.018835	0.041552
-6.260000	0.018855	0.041552
-6.250000	0.018875	0.041551
-6.240000	0.018895	0.041550
-6.230000	0.018916	0.041549
-6.220000	0.018936	0.041549
-6.210000	0.018956	0.041548
-6.200000	0.018977	0.041547
-6.190000	0.018997	0.041546
-6.180000	0.019017	0.041545
-6.170000	0.019038	0.041544
-6.160000	0.019058	0.041543
-6.150000	0.019079	0.041541
-6.140000	0.019099	0.041540
-6.130000	0.019120	0.041539
-6.120000	0.019140	0.041538
-6.110000	0.019160	0.041536
-6.100000	0.019181	0.041535
-6.090000	0.019201	0.041533
-6.080000	0.019222	0.041532
-6.070000	0.019242	0.041530
-6.060000	0.019263	0.041529
-6.050000	0.019284	0.041527
-6.040000	0.019304	0.041525
-6.030000	0.019325	0.041523
-6.020000	0.019345	0.041522
-6.010000	0.019366	0.041520
-6.000000	0.019386	0.041518
-5.990000	0.019407	0.041516
-5.980000	0.019428	0.041514
-5.970000	0.019448	0.041512
-5.960000	0.019469	0.041510
-5.950000	0.019490	0.041507
-5.940000	0.019510	0.041505
-5.930000	0.019531	0.041503
-5.920000	0.019552	0.041501
-5.910000	0.019573	0.041498
-5.900000	0.019593	0.041496
-5.890000	0.019614	0.041493
-5.880000	0.019635	0.041491
-5.870000	0.019656	0.041488
-5.860000	0.019676	0.041486
-5.850000	0.019697	0.041483
-5.840000	0.019718	0.041480
-5.830000	0.019739	0.041477
-5.820000	0.019760	0.041475
-5.810000	0.019781	0.041472
-5.800000	0.019801	0.041469
-5.790000	0.019822	0.041466
-5.780000	0.019843	0.041463
-5.770000	0.019864	0.041460
-5.760000	0.019885	0.041457
-5.750000	0.019906	0.041453
-5.740000	0.019927	0.041450
-5.730000	0.019948	0.041447
-5.720000	0.019969	0.041444
-5.710000	0.019990	0.041440
-5.700000	0.020011	0.041437
-5.690000	0.020032	0.041433
-5.680000	0.020053	0.041430
-5.670000	0.020074	0.041426
-5.660000	0.020095	0.041423
-5.650000	0.020116	0.041419
-5.640000	0.020137	0.041415
-5.630000	0.020158	0.041412
-5.620000	0.020179	0.041408
-5.610000	0.020200	0.041404
-5.600000	0.020221	0.041400
-5.590000	0.020243	0.041396
-5.580000	0.020264	0.041392
-5.570000	0.020285	0.041388
-5.560000	0.020306	0.041384
-5.550000	0.020327	0.041380
-5.540000	0.020348	0.041376
-5.530000	0.020370	0.041371
-5.520000	0.020391	0.041367
-5.510000	0.020412	0.041363
-5.500000	0.020433	0.041358
-5.490000	0.020455	0.041354
-5.480000	0.020476	0.041350
-5.470000	0.020497	0.041345
-5.460000	0.020518	0.041340
-5.450000	0.020540	0.041336
-5.440000	0.020561	0.041331
-5.430000	0.020582	0.041326
-5.420000	0.020604	0.041322
-5.410000	0.020625	0.041317
-5.400000	0.020646	0.041312
-5.390000	0.020668	0.041307
-5.380000	0.020689	0.041302
-5.370000	0.020711	0.041297
-5.360000	0.020732	0.041292
-5.350000	0.020753	0.041287
-5.340000	0.020775	0.041282
-5.330000	0.020796	0.041277
-5.320000	0.020818	0.041271
-5.310000	0.020839	0.041266
-5.300000	0.020861	0.041261
-5.290000	0.020882	0.041255
-5.280000	0.020904	0.041250
-5.270000	0.020925	0.041244
-5.260000	0.020947	0.041239
-5.250000	0.020968	0.041233
-5.240000	0.020990	0.041228
-5.230000	0.021011	0.041222
-5.220000	0.021033	0.041216
-5.210000	0.021055	0.041210
-5.200000	0.021076	0.041205
-5.190000	0.021098	0.041199
-5.180000	0.021119	0.041193
-5.170000	0.021141	0.041187
-5.160000	0.021163	0.041181
-5.150000	0.021184	0.041175
-5.140000	0.021206	0.041169
-5.130000	0.021228	0.041163
-5.120000	0.021249	0.041156
-5.110000	0.021271	0.041150
-5.100000	0.021293	0.041144
-5.090000	0.021315	0.041138
-5.080000	0.021336	0.041131
-5.070000	0.021358	0.041125
-5.060000	0.021380	0.041118
-5.050000	0.021402	0.041112
-5.040000	0.021423	0.041105
-5.030000	0.021445	0.041099
-5.020000	0.021467	0.041092
-5.010000	0.021489	0.041085
-5.000000	0.021511	0.041078
-4.990000	0.021532	0.041072
-4.980000	0.021554	0.041065
-4.970000	0.021576	0.041058
-4.960000	0.021598	0.041051
-4.950000	0.021620	0.041044
-4.940000	0.021642	0.041037
-4.930000	0.021664	0.041030
-4.920000	0.021686	0.041023
-4.910000	0.021708	0.041015
-4.900000	0.021729	0.041008
-4.890000	0.021751	0.041001
-4.880000	0.021773	0.040994
-4.870000	0.021795	0.040986
-4.860000	0.021817	0.040979
-4.850000	0.021839	0.040971
-4.840000	0.021861	0.040964
-4.830000	0.021883	0.040956
-4.820000	0.021905	0.040949
-4.810000	0.021927	0.040941
-4.800000	0.021949	0.040934
-4.790000	0.021972	0.040926
-4.780000	0.021994	0.040918
-4.770000	0.022016	0.040910
-4.760000	0.022038	0.040902
-4.750000	0.022060	0.040894
-4.740000	0.022082	0.040887
-4.730000	0.022104	0.040879
-4.720000	0.022126	0.040870
-4.710000	0.022148	0.040862
-4.700000	0.022171	0.040854
-4.690000	0.022193	0.040846
-4.680000	0.022215	0.040838
-4.670000	0.022237	0.040830
-4.660000	0.022259	0.040821
-4.650000	0.022281	0.040813
-4.640000	0.022304	0.040805
-4.630000	0.022326	0.040796
-4.620000	0.022348	0.040788
-4.610000	0.022370	0.040779
-4.600000	0.022393	0.040770
-4.590000	0.022415	0.040762
-4.580000	0.022437	0.040753
-4.570000	0.022459	0.040744
-4.560000	0.022482	0.040736
-4.550000	0.022504	0.040727
-4.540000	0.022526	0.040718
-4.530000	0.022549	0.040709
-4.520000	0.022571	0.040700
-4.510000	0.022593	0.040691
-4.500000	0.022616	0.040682
-4.490000	0.022638	0.040673
-4.480000	0.022661	0.040664
-4.470000	0.022683	0.040655
-4.460000	0.022705	0.040646
-4.450000	0.022728	0.040636
-4.440000	0.022750	0.040627
-4.430000	0.022773	0.040618
-4.420000	0.022795	0.040608
-4.410000	0.022817	0.040599
-4.400000	0.022840	0.040589
-4.390000	0.022862	0.040580
-4.380000	0.022885	0.040570
-4.370000	0.022907	0.040561
-4.360000	0.022930	0.040551
-4.350000	0.022952	0.040541
-4.340000	0.022975	0.040532
-4.330000	0.022997	0.040522
-4.320000	0.023020	0.040512
-4.310000	0.023042	0.040502
-4.300000	0.023065	0.040492
-4.290000	0.023088	0.040482
-4.280000	0.023110	0.040472
-4.270000	0.023133	0.040462
-4.260000	0.023155	0.040452
-4.250000	0.023178	0.040442
-4.240000	0.023201	0.040432
-4.230000	0.023223	0.040422
-4.220000	0.023246	0.040412
-4.210000	0.023268	0.040401
-4.200000	0.023291	0.040391
-4.190000	0.023314	0.040381
-4.180000	0.023336	0.040370
-4.170000	0.023359	0.040360
-4.160000	0.023382	0.040349
-4.150000	0.023404	0.040339
-4.140000	0.023427	0.040328
-4.130000	0.023450	0.040317
-4.120000	0.023473	0.040307
-4.110000	0.023495	0.040296
-4.100000	0.023518	0.040285
-4.090000	0.023541	0.040274
-4.080000	0.023563	0.040264
-4.070000	0.023586	0.040253
-4.060000	0.023609	0.040242
-4.050000	0.023632	0.040231
-4.040000	0.023655	0.040220
-4.030000	0.023677	0.040209
-4.020000	0.023700	0.040198
-4.010000	0.023723	0.040187
-4.000000	0.023746	0.040175
-3.990000	0.023769	0.040164
-3.980000	0.023791	0.040153
-3.970000	0.023814	0.040142
-3.960000	0.023837	0.040130
-3.950000	0.023860	0.040119
-3.940000	0.023883	0.040107
-3.930000	0.023906	0.040096
-3.920000	0.023929	0.040085
-3.910000	0.023952	0.040073
-3.900000	0.023974	0.040061
-3.890000	0.023997	0.040050
-3.880000	0.024020	0.040038
-3.870000	0.024043	0.040026
-3.860000	0.024066	0.040015
-3.850000	0.024089	0.040003
-3.840000	0.024112	0.039991
-3.830000	0.024135	0.039979
-3.820000	0.024158	0.039967
-3.810000	0.024181	0.039955
-3.800000	0.024204	0.039943
-3.790000	0.024227	0.039931
-3.780000	0.024250	0.039919
-3.770000	0.024273	0.039907
-3.760000	0.024296	0.039895
-3.750000	0.024319	0.039883
-3.740000	0.024342	0.039870
-3.730000	0.024365	0.039858
-3.720000	0.024388	0.039846
-3.710000	0.024411	0.039833
-3.700000	0.024434	0.039821
-3.690000	0.024457	0.039809
-3.680000	0.024480	0.039796
-3.670000	0.024503	0.039784
-3.660000	0.024526	0.039771
-3.650000	0.024550	0.039758
-3.640000	0.024573	0.039746
-3.630000	0.024596	0.039733
-3.620000	0.024619	0.039720
-3.610000	0.024642	0.039708
-3.600000	0.024665	0.039695
-3.590000	0.024688	0.039682
-3.580000	0.024711	0.039669
-3.570000	0.024735	0.039656
-3.560000	0.024758	0.039643
-3.550000	0.024781	0.039630
-3.540000	0.024804	0.039617
-3.530000	0.024827	0.039604
-3.520000	0.024850	0.039591
-3.510000	0.024874	0.039578
-3.500000	0.024897	0.039565
-3.490000	0.024920	0.039552
-3.480000	0.024943	0.039538
-3.470000	0.024966	0.039525
-3.460000	0.024990	0.039512
-3.450000	0.025013	0.039498
-3.440000	0.025036	0.039485
-3.430000	0.025059	0.039471
-3.420000	0.025083	0.039458
-3.410000	0.025106	0.039444
-3.400000	0.025129	0.039431
-3.390000	0.025152	0.039417
-3.380000	0.025176	0.039404
-3.370000	0.025199	0.039390
-3.360000	0.025222	0.039376
-3.350000	0.025246	0.039362
-3.340000	0.025269	0.039349
-3.330000	0.025292	0.039335
-3.320000	0.025315	0.039321
-3.310000	0.025339	0.039307
-3.300000	0.025362	0.039293
-3.290000	0.025385	0.039279
-3.280000	0.025409	0.039265
-3.270000	0.025432	0.039251
-3.260000	0.025455	0.039237
-3.250000	0.025479	0.039223
-3.240000	0.025502	0.039209
-3.230000	0.025525	0.039194
-3.220000	0.025549	0.039180
-3.210000	0.025572	0.039166
-3.200000	0.025596	0.039152
-3.190000	0.025619	0.039137
-3.180000	0.025642	0.039123
-3.170000	0.025666	0.039108
-3.160000	0.025689	0.039094
-3.150000	0.025713	0.039079
-3.140000	0.025736	0.039065
-3.130000	0.025759	0.039050
-3.120000	0.025783	0.039036
-3.110000	0.025806	0.039021
-3.100000	0.025830	0.039006
-3.090000	0.025853	0.038992
-3.080000	0.025877	0.038977
-3.070000	0.025900	0.038962
-3.060000	0.025923	0.038947
-3.050000	0.025947	0.038933
-3.040000	0.025970	0.038918
-3.030000	0.025994	0.038903
-3.020000	0.026017	0.038888
-3.010000	0.026041	0.038873
-3.000000	0.026064	0.038858
-2.990000	0.026088	0.038843
-2.980000	0.026111	0.038828
-2.970000	0.026135	0.038812
-2.960000	0.026158	0.038797
-2.950000	0.026182	0.038782
-2.940000	0.026205	0.038767
-2.930000	0.026229	0.038752
-2.920000	0.026252	0.038736
-2.910000	0.026276	0.038721
-2.900000	0.026299	0.038705
-2.890000	0.026323	0.038690
-2.880000	0.026346	0.038675
-2.870000	0.026370	0.038659
-2.860000	0.026393	0.038644
-2.850000	0.026417	0.038628
-2.840000	0.026441	0.038612
-2.830000	0.026464	0.038597
-2.820000	0.026488	0.038581
-2.810000	0.026511	0.038565
-2.800000	0.026535	0.038550
-2.790000	0.026558	0.038534
-2.780000	0.026582	0.038518
-2.770000	0.026605	0.038502
-2.760000	0.026629	0.038486
-2.750000	0.026653	0.038471
-2.740000	0.026676	0.038455
-2.730000	0.026700	0.038439
-2.720000	0.026723	0.038423
-2.710000	0.026747	0.038407
-2.700000	0.026771	0.038391
-2.690000	0.026794	0.038375
-2.680000	0.026818	0.038358
-2.670000	0.026841	0.038342
-2.660000	0.026865	0.038326
-2.650000	0.026889	0.038310
-2.640000	0.026912	0.038294
-2.630000	0.026936	0.038277
-2.620000	0.026959	0.038261
-2.610000	0.026983	0.038245
-2.600000	0.027007	0.038228
-2.590000	0.027030	0.038212
-2.580000	0.027054	0.038195
-2.570000	0.027078	0.038179
-2.560000	0.027101	0.038162
-2.550000	0.027125	0.038146
-2.540000	0.027148	0.038129
-2.530000	0.027172	0.038112
-2.520000	0.027196	0.038096
-2.510000	0.027219	0.038079
-2.500000	0.027243	0.038062
-2.490000	0.027267	0.038046
-2.480000	0.027290	0.038029
-2.470000	0.027314	0.038012
-2.460000	0.027338	0.037995
-2.450000	0.027361	0.037978
-2.440000	0.027385	0.037961
-2.430000	0.027409	0.037945
-2.420000	0.027432	0.037928
-2.410000	0.027456	0.037911
-2.400000	0.027480	0.037894
-2.390000	0.027503	0.037876
-2.380000	0.027527	0.037859
-2.370000	0.027551	0.037842
-2.360000	0.027574	0.037825
-2.350000	0.027598	0.037808
-2.340000	0.027622	0.037791
-2.330000	0.027645	0.037773
-2.320000	0.027669	0.037756
-2.310000	0.027693	0.037739
-2.300000	0.027716	0.037722
-2.290000	0.027740	0.037704
-2.280000	0.027764	0.037687
-2.270000	0.027787	0.037669
-2.260000	0.027811	0.037652
-2.250000	0.027835	0.037634
-2.240000	0.027859	0.037617
-2.230000	0.027882	0.037599
-2.220000	0.027906	0.037582
-2.210000	0.027930	0.037564
-2.200000	0.027953	0.037547
-2.190000	0.027977	0.037529
-2.180000	0.028001	0.037511
-2.170000	0.028024	0.037493
-2.160000	0.028048	0.037476
-2.150000	0.028072	0.037458
-2.140000	0.028096	0.037440
-2.130000	0.028119	0.037422
-2.120000	0.028143	0.037404
-2.110000	0.028167	0.037386
-2.100000	0.028190	0.037369
-2.090000	0.028214	0.037351
-2.080000	0.028238	0.037333
-2.070000	0.028261	0.037315
-2.060000	0.028285	0.037297
-2.050000	0.028309	0.037278
-2.040000	0.028332	0.037260
-2.030000	0.028356	0.037242
-2.020000	0.028380	0.037224
-2.010000	0.028404	0.037206
-2.000000	0.028427	0.037188
-1.990000	0.028451	0.037169
-1.980000	0.028475	0.037151
-1.970000	0.028498	0.037133
-1.960000	0.028522	0.037114
-1.950000	0.028546	0.037096
-1.940000	0.028569	0.037078
-1.930000	0.028593	0.037059
-1.920000	0.028617	0.037041
-1.910000	0.028640	0.037022
-1.900000	0.028664	0.037004
-1.890000	0.028688	0.036985
-1.880000	0.028712	0.036967
-1.870000	0.028735	0.036948
-1.860000	0.028759	0.036930
-1.850000	0.028783	0.036911
-1.840000	0.028806	0.036892
-1.830000	0.028830	0.036874
-1.820000	0.028854	0.036855
-1.810000	0.028877	0.036836
-1.800000	0.028901	0.036817
-1.790000	0.028925	0.036799
-1.780000	0.028948	0.036780
-1.770000	0.028972	0.036761
-1.760000	0.028996	0.036742
-1.750000	0.029019	0.036723
-1.740000	0.029043	0.036704
-1.730000	0.029067	0.036685
-1.720000	0.029090	0.036666
-1.710000	0.029114	0.036647
-1.700000	0.029138	0.036628
-1.690000	0.029161	0.036609
-1.680000	0.029185	0.036590
-1.670000	0.029209	0.036571
-1.660000	0.029232	0.036552
-1.650000	0.029256	0.036533
-1.640000	0.029280	0.036514
-1.630000	0.029303	0.036494
-1.620000	0.029327	0.036475
-1.610000	0.029350	0.036456
-1.600000	0.029374	0.036437
-1.590000	0.029398	0.036417
-1.580000	0.029421	0.036398
-1.570000	0.029445	0.036379
-1.560000	0.029469	0.036359
-1.550000	0.029492	0.036340
-1.540000	0.029516	0.036320
-1.530000	0.029539	0.036301
-1.520000	0.029563	0.036281
-1.510000	0.029587	0.036262
-1.500000	0.029610	0.036242
-1.490000	0.029634	0.036223
-1.480000	0.029657	0.036203
-1.470000	0.029681	0.036184
-1.460000	0.029705	0.036164
-1.450000	0.029728	0.036144
-1.440000	0.029752	0.036125
-1.430000	0.029775	0.036105
-1.420000	0.029799	0.036085
-1.410000	0.029823	0.036065
-1.400000	0.029846	0.036046
-1.390000	0.029870	0.036026
-1.380000	0.029893	0.036006
-1.370000	0.029917	0.035986
-1.360000	0.029940	0.035966
-1.350000	0.029964	0.035946
-1.340000	0.029987	0.035927
-1.330000	0.030011	0.035907
-1.320000	0.030035	0.035887
-1.310000	0.030058	0.035867
-1.300000	0.030082	0.035847
-1.290000	0.030105	0.035827
-1.280000	0.030129	0.035807
-1.270000	0.030152	0.035786
-1.260000	0.030176	0.035766
-1.250000	0.030199	0.035746
-1.240000	0.030223	0.035726
-1.230000	0.030246	0.035706
-1.220000	0.030270	0.035686
-1.210000	0.030293	0.035665
-1.200000	0.030317	0.035645
-1.190000	0.030340	0.035625
-1.180000	0.030363	0.035605
-1.170000	0.030387	0.035584
-1.160000	0.030410	0.035564
-1.150000	0.030434	0.035544
-1.140000	0.030457	0.035523
-1.130000	0.030481	0.035503
-1.120000	0.030504	0.035483
-1.110000	0.030528	0.035462
-1.100000	0.030551	0.035442
-1.090000	0.030574	0.035421
-1.080000	0.030598	0.035401
-1.070000	0.030621	0.035380
-1.060000	0.030645	0.035360
-1.050000	0.030668	0.035339
-1.040000	0.030691	0.035318
-1.030000	0.030715	0.035298
-1.020000	0.030738	0.035277
-1.010000	0.030762	0.035257
-1.000000	0.030785	0.035236
-0.990000	0.030808	0.035215
-0.980000	0.030832	0.035195
-0.970000	0.030855	0.035174
-0.960000	0.030878	0.035153
-0.950000	0.030902	0.035132
-0.940000	0.030925	0.035112
-0.930000	0.030948	0.035091
-0.920000	0.030972	0.035070
-0.910000	0.030995	0.035049
-0.900000	0.031018	0.035028
-0.890000	0.031041	0.035007
-0.880000	0.031065	0.034986
-0.870000	0.031088	0.034965
-0.860000	0.031111	0.034944
-0.850000	0.031135	0.034924
-0.840000	0.031158	0.034903
-0.830000	0.031181	0.034882
-0.820000	0.031204	0.034860
-0.810000	0.031227	0.034839
-0.800000	0.031251	0.034818
-0.790000	0.031274	0.034797
-0.780000	0.031297	0.034776
-0.770000	0.031320	0.034755
-0.760000	0.031343	0.034734
-0.750000	0.031367	0.034713
-0.740000	0.031390	0.034692
-0.730000	0.031413	0.034670
-0.720000	0.031436	0.034649
-0.710000	0.031459	0.034628
-0.700000	0.031482	0.034607
-0.690000	0.031506	0.034585
-0.680000	0.031529	0.034564
-0.670000	0.031552	0.034543
-0.660000	0.031575	0.034521
-0.650000	0.031598	0.034500
-0.640000	0.031621	0.034479
-0.630000	0.031644	0.034457
-0.620000	0.031667	0.034436
-0.610000	0.031690	0.034415
-0.600000	0.031713	0.034393
-0.590000	0.031736	0.034372
-0.580000	0.031759	0.034350
-0.570000	0.031782	0.034329
-0.560000	0.031805	0.034307
-0.550000	0.031828	0.034286
-0.540000	0.031851	0.034264
-0.530000	0.031874	0.034243
-0.520000	0.031897	0.034221
-0.510000	0.031920	0.034199
-0.500000	0.031943	0.034178
-0.490000	0.031966	0.034156
-0.480000	0.031989	0.034135
-0.470000	0.032012	0.034113
-0.460000	0.032035	0.034091
-0.450000	0.032058	0.034070
-0.440000	0.032081	0.034048
-0.430000	0.032104	0.034026
-0.420000	0.032127	0.034004
-0.410000	0.032150	0.033983
-0.400000	0.032172	0.033961
-0.390000	0.032195	0.033939
-0.380000	0.032218	0.033917
-0.370000	0.032241	0.033895
-0.360000	0.032264	0.033874
-0.350000	0.032286	0.033852
-0.340000	0.032309	0.033830
-0.330000	0.032332	0.033808
-0.320000	0.032355	0.033786
-0.310000	0.032378	0.033764
-0.300000	0.032400	0.033742
-0.290000	0.032423	0.033720
-0.280000	0.032446	0.033698
-0.270000	0.032469	0.033676
-0.260000	0.032491	0.033654
-0.250000	0.032514	0.033632
-0.240000	0.032537	0.033610
-0.230000	0.032559	0.033588
-0.220000	0.032582	0.033566
-0.210000	0.032605	0.033544
-0.200000	0.032627	0.033522
-0.190000	0.032650	0.033500
-0.180000	0.032672	0.033478
-0.170000	0.032695	0.033456
-0.160000	0.032718	0.033433
-0.150000	0.032740	0.033411
-0.140000	0.032763	0.033389
-0.130000	0.032785	0.033367
-0.120000	0.032808	0.033345
-0.110000	0.032830	0.033323
-0.100000	0.032853	0.033300
-0.090000	0.032875	0.033278
-0.080000	0.032898	0.033256
-0.070000	0.032920	0.033234
-0.060000	0.032943	0.033211
-0.050000	0.032965	0.033189
-0.040000	0.032988	0.033167
-0.030000	0.033010	0.033144
-0.020000	0.033032	0.033122
-0.010000	0.033055	0.033100
-0.000000	0.033077	0.033077
0.010000	0.033100	0.033055
0.020000	0.033122	0.033032
0.030000	0.033144	0.033010
0.040000	0.033167	0.032988
0.050000	0.033189	0.032965
0.060000	0.033211	0.032943
0.070000	0.033234	0.032920
0.080000	0.033256	0.032898
0.090000	0.033278	0.032875
0.100000	0.033300	0.032853
0.110000	0.033323	0.032830
0.120000	0.033345	0.032808
0.130000	0.033367	0.032785
0.140000	0.033389	0.032763
0.150000	0.033411	0.032740
0.160000	0.033433	0.032718
0.170000	0.033456	0.032695
0.180000	0.033478	0.032672
0.190000	0.033500	0.032650
0.200000	0.033522	0.032627
0.210000	0.033544	0.032605
0.220000	0.033566	0.032582
0.230000	0.033588	0.032559
0.240000	0.033610	0.032537
0.250000	0.033632	0.032514
0.260000	0.033654	0.032491
0.270000	0.033676	0.032469
0.280000	0.033698	0.032446
0.290000	0.033720	0.032423
0.300000	0.033742	0.032400
0.310000	0.033764	0.032378
0.320000	0.033786	0.032355
0.330000	0.033808	0.032332
0.340000	0.033830	0.032309
0.350000	0.033852	0.032286
0.360000	0.033874	0.032264
0.370000	0.033895	0.032241
0.380000	0.033917	0.032218
0.390000	0.033939	0.032195
0.400000	0.033961	0.032172
0.410000	0.033983	0.032150
0.420000	0.034004	0.032127
0.430000	0.034026	0.032104
0.440000	0.034048	0.032081
0.450000	0.034070	0.032058
0.460000	0.034091	0.032035
0.470000	0.034113	0.032012
0.480000	0.034135	0.031989
0.490000	0.034156	0.031966
0.500000	0.034178	0.031943
0.510000	0.034199	0.031920
0.520000	0.034221	0.031897
0.530000	0.034243	0.031874
0.540000	0.034264	0.031851
0.550000	0.034286	0.031828
0.560000	0.034307	0.031805
0.570000	0.034329	0.031782
0.580000	0.034350	0.031759
0.590000	0.034372	0.031736
0.600000	0.034393	0.031713
0.610000	0.034415	0.031690
0.620000	0.034436	0.031667
0.630000	0.034457	0.031644
0.640000	0.034479	0.031621
0.650000	0.034500	0.031598
0.660000	0.034521	0.031575
0.670000	0.034543	0.031552
0.680000	0.034564	0.031529
0.690000	0.034585	0.031506
0.700000	0.034607	0.031482
0.710000	0.034628	0.031459
0.720000	0.034649	0.031436
0.730000	0.034670	0.031413
0.740000	0.034692	0.031390
0.750000	0.034713	0.031367
0.760000	0.034734	0.031343
0.770000	0.034755	0.031320
0.780000	0.034776	0.031297
0.790000	0.034797	0.031274
0.800000	0.034818	0.031251
0.810000	0.034839	0.031227
0.820000	0.034860	0.031204
0.830000	0.034882	0.031181
0.840000	0.034903	0.031158
0.850000	0.034924	0.031135
0.860000	0.034944	0.031111
0.870000	0.034965	0.031088
0.880000	0.034986	0.031065
0.890000	0.035007	0.031041
0.900000	0.035028	0.031018
0.910000	0.035049	0.030995
0.920000	0.035070	0.030972
0.930000	0.035091	0.030948
0.940000	0.035112	0.030925
0.950000	0.035132	0.030902
0.960000	0.035153	0.030878
0.970000	0.035174	0.030855
0.980000	0.035195	0.030832
0.990000	0.035215	0.030808
1.000000	0.035236	0.030785
1.010000	0.035257	0.030762
1.020000	0.035277	0.030738
1.030000	0.035298	0.030715
1.040000	0.035318	0.030691
1.050000	0.035339	0.030668
1.060000	0.035360	0.030645
1.070000	0.035380	0.030621
1.080000	0.035401	0.030598
1.090000	0.035421	0.030574
1.100000	0.035442	0.030551
1.110000	0.035462	0.030528
1.120000	0.035483	0.030504
1.130000	0.035503	0.030481
1.140000	0.035523	0.030457
1.150000	0.035544	0.030434
1.160000	0.035564	0.030410
1.170000	0.035584	0.030387
1.180000	0.035605	0.030363
1.190000	0.035625	0.030340
1.200000	0.035645	0.030317
1.210000	0.035665	0.030293
1.220000	0.035686	0.030270
1.230000	0.035706	0.030246
1.240000	0.035726	0.030223
1.250000	0.035746	0.030199
1.260000	0.035766	0.030176
1.270000	0.035786	0.030152
1.280000	0.035807	0.030129
1.290000	0.035827	0.030105
1.300000	0.035847	0.030082
1.310000	0.035867	0.030058
1.320000	0.035887	0.030035
1.330000	0.035907	0.030011
1.340000	0.035927	0.029987
1.350000	0.035946	0.029964
1.360000	0.035966	0.029940
1.370000	0.035986	0.029917
1.380000	0.036006	0.029893
1.390000	0.036026	0.029870
1.400000	0.036046	0.029846
1.410000	0.036065	0.029823
1.420000	0.036085	0.029799
1.430000	0.036105	0.029775
1.440000	0.036125	0.029752
1.450000	0.036144	0.029728
1.460000	0.036164	0.029705
1.470000	0.036184	0.029681
1.480000	0.036203	0.029657
1.490000	0.036223	0.029634
1.500000	0.036242	0.029610
1.510000	0.036262	0.029587
1.520000	0.036281	0.029563
1.530000	0.036301	0.029539
1.540000	0.036320	0.029516
1.550000	0.036340	0.029492
1.560000	0.036359	0.029469
1.570000	0.036379	0.029445
1.580000	0.036398	0.029421
1.590000	0.036417	0.029398
1.600000	0.036437	0.029374
1.610000	0.036456	0.029350
1.620000	0.036475	0.029327
1.630000	0.036494	0.029303
1.640000	0.036514	0.029280
1.650000	0.036533	0.029256
1.660000	0.036552	0.029232
1.670000	0.036571	0.029209
1.680000	0.036590	0.029185
1.690000	0.036609	0.029161
1.700000	0.036628	0.029138
1.710000	0.036647	0.029114
1.720000	0.036666	0.029090
1.730000	0.036685	0.029067
1.740000	0.036704	0.029043
1.750000	0.036723	0.029019
1.760000	0.036742	0.028996
1.770000	0.036761	0.028972
1.780000	0.036780	0.028948
1.790000	0.036799	0.028925
1.800000	0.036817	0.028901
1.810000	0.036836	0.028877
1.820000	0.036855	0.028854
1.830000	0.036874	0.028830
1.840000	0.036892	0.028806
1.850000	0.036911	0.028783
1.860000	0.036930	0.028759
1.870000	0.036948	0.028735
1.880000	0.036967	0.028712
1.890000	0.036985	0.028688
1.900000	0.037004	0.028664
1.910000	0.037022	0.028640
1.920000	0.037041	0.028617
1.930000	0.037059	0.028593
1.940000	0.037078	0.028569
1.950000	0.037096	0.028546
1.960000	0.037114	0.028522
1.970000	0.037133	0.028498
1.980000	0.037151	0.028475
1.990000	0.037169	0.028451
2.000000	0.037188	0.028427
2.010000	0.037206	0.028404
2.020000	0.037224	0.028380
2.030000	0.037242	0.028356
2.040000	0.037260	0.028332
2.050000	0.037278	0.028309
2.060000	0.037297	0.028285
2.070000	0.037315	0.028261
2.080000	0.037333	0.028238
2.090000	0.037351	0.028214
2.100000	0.037369	0.028190
2.110000	0.037386	0.028167
2.120000	0.037404	0.028143
2.130000	0.037422	0.028119
2.140000	0.037440	0.028096
2.150000	0.037458	0.028072
2.160000	0.037476	0.028048
2.170000	0.037493	0.028024
2.180000	0.037511	0.028001
2.190000	0.037529	0.027977
2.200000	0.037547	0.027953
2.210000	0.037564	0.027930
2.220000	0.037582	0.027906
2.230000	0.037599	0.027882
2.240000	0.037617	0.027859
2.250000	0.037634	0.027835
2.260000	0.037652	0.027811
2.270000	0.037669	0.027787
2.280000	0.037687	0.027764
2.290000	0.037704	0.027740
2.300000	0.037722	0.027716
2.310000	0.037739	0.027693
2.320000	0.037756	0.027669
2.330000	0.037773	0.027645
2.340000	0.037791	0.027622
2.350000	0.037808	0.027598
2.360000	0.037825	0.027574
2.370000	0.037842	0.027551
2.380000	0.037859	0.027527
2.390000	0.037876	0.027503
2.400000	0.037894	0.027480
2.410000	0.037911	0.027456
2.420000	0.037928	0.027432
2.430000	0.037945	0.027409
2.440000	0.037961	0.027385
2.450000	0.037978	0.027361
2.460000	0.037995	0.027338
2.470000	0.038012	0.027314
2.480000	0.038029	0.027290
2.490000	0.038046	0.027267
2.500000	0.038062	0.027243
2.510000	0.038079	0.027219
2.520000	0.038096	0.027196
2.530000	0.038112	0.027172
2.540000	0.038129	0.027148
2.550000	0.038146	0.027125
2.560000	0.038162	0.027101
2.570000	0.038179	0.027078
2.580000	0.038195	0.027054
2.590000	0.038212	0.027030
2.600000	0.038228	0.027007
2.610000	0.038245	0.026983
2.620000	0.038261	0.026959
2.630000	0.038277	0.026936
2.640000	0.038294	0.026912
2.650000	0.038310	0.026889
2.660000	0.038326	0.026865
2.670000	0.038342	0.026841
2.680000	0.038358	0.026818
2.690000	0.038375	0.026794
2.700000	0.038391	0.026771
2.710000	0.038407	0.026747
2.720000	0.038423	0.026723
2.730000	0.038439	0.026700
2.740000	0.038455	0.026676
2.750000	0.038471	0.026653
2.760000	0.038486	0.026629
2.770000	0.038502	0.026605
2.780000	0.038518	0.026582
2.790000	0.038534	0.026558
2.800000	0.038550	0.026535
2.810000	0.038565	0.026511
2.820000	0.038581	0.026488
2.830000	0.038597	0.026464
2.840000	0.038612	0.026441
2.850000	0.038628	0.026417
2.860000	0.038644	0.026393
2.870000	0.038659	0.026370
2.880000	0.038675	0.026346
2.890000	0.038690	0.026323
2.900000	0.038705	0.026299
2.910000	0.038721	0.026276
2.920000	0.038736	0.026252
2.930000	0.038752	0.026229
2.940000	0.038767	0.026205
2.950000	0.038782	0.026182
2.960000	0.038797	0.026158
2.970000	0.038812	0.026135
2.980000	0.038828	0.026111
2.990000	0.038843	0.026088
3.000000	0.038858	0.026064
3.010000	0.038873	0.026041
3.020000	0.038888	0.026017
3.030000	0.038903	0.025994
3.040000	0.038918	0.025970
3.050000	0.038933	0.025947
3.060000	0.038947	0.025923
3.070000	0.038962	0.025900
3.080000	0.038977	0.025877
3.090000	0.038992	0.025853
3.100000	0.039006	0.025830
3.110000	0.039021	0.025806
3.120000	0.039036	0.025783
3.130000	0.039050	0.025759
3.140000	0.039065	0.025736
3.150000	0.039079	0.025713
3.160000	0.039094	0.025689
3.170000	0.039108	0.025666
3.180000	0.039123	0.025642
3.190000	0.039137	0.025619
3.200000	0.039152	0.025596
3.210000	0.039166	0.025572
3.220000	0.039180	0.025549
3.230000	0.039194	0.025525
3.240000	0.039209	0.025502
3.250000	0.039223	0.025479
3.260000	0.039237	0.025455
3.270000	0.039251	0.025432
3.280000	0.039265	0.025409
3.290000	0.039279	0.025385
3.300000	0.039293	0.025362
3.310000	0.039307	0.025339
3.320000	0.039321	0.025315
3.330000	0.039335	0.025292
3.340000	0.039349	0.025269
3.350000	0.039362	0.025246
3.360000	0.039376	0.025222
3.370000	0.039390	0.025199
3.380000	0.039404	0.025176
3.390000	0.039417	0.025152
3.400000	0.039431	0.025129
3.410000	0.039444	0.025106
3.420000	0.039458	0.025083
3.430000	0.039471	0.025059
3.440000	0.039485	0.025036
3.450000	0.039498	0.025013
3.460000	0.039512	0.024990
3.470000	0.039525	0.024966
3.480000	0.039538	0.024943
3.490000	0.039552	0.024920
3.500000	0.039565	0.024897
3.510000	0.039578	0.024874
3.520000	0.039591	0.024850
3.530000	0.039604	0.024827
3.540000	0.039617	0.024804
3.550000	0.039630	0.024781
3.560000	0.039643	0.024758
3.570000	0.039656	0.024735
3.580000	0.039669	0.024711
3.590000	0.039682	0.024688
3.600000	0.039695	0.024665
3.610000	0.039708	0.024642
3.620000	0.039720	0.024619
3.630000	0.039733	0.024596
3.640000	0.039746	0.024573
3.650000	0.039758	0.024550
3.660000	0.039771	0.024526
3.670000	0.039784	0.024503
3.680000	0.039796	0.024480
3.690000	0.039809	0.024457
3.700000	0.039821	0.024434
3.710000	0.039833	0.024411
3.720000	0.039846	0.024388
3.730000	0.039858	0.024365
3.740000	0.039870	0.024342
3.750000	0.039883	0.024319
3.760000	0.039895	0.024296
3.770000	0.039907	0.024273
3.780000	0.039919	0.024250
3.790000	0.039931	0.024227
3.800000	0.039943	0.024204
3.810000	0.039955	0.024181
3.820000	0.039967	0.024158
3.830000	0.039979	0.024135
3.840000	0.039991	0.024112
3.850000	0.040003	0.024089
3.860000	0.040015	0.024066
3.870000	0.040026	0.024043
3.880000	0.040038	0.024020
3.890000	0.040050	0.023997
3.900000	0.040061	0.023974
3.910000	0.040073	0.023952
3.920000	0.040085	0.023929
3.930000	0.040096	0.023906
3.940000	0.040107	0.023883
3.950000	0.040119	0.023860
3.960000	0.040130	0.023837
3.970000	0.040142	0.023814
3.980000	0.040153	0.023791
3.990000	0.040164	0.023769
4.000000	0.040175	0.023746
4.010000	0.040187	0.023723
4.020000	0.040198	0.023700
4.030000	0.040209	0.023677
4.040000	0.040220	0.023655
4.050000	0.040231	0.023632
4.060000	0.040242	0.023609
4.070000	0.040253	0.023586
4.080000	0.040264	0.023563
4.090000	0.040274	0.023541
4.100000	0.040285	0.023518
4.110000	0.040296	0.023495
4.120000	0.040307	0.023473
4.130000	0.040317	0.023450
4.140000	0.040328	0.023427
4.150000	0.040339	0.023404
4.160000	0.040349	0.023382
4.170000	0.040360	0.023359
4.180000	0.040370	0.023336
4.190000	0.040381	0.023314
4.200000	0.040391	0.023291
4.210000	0.040401	0.023268
4.220000	0.040412	0.023246
4.230000	0.040422	0.023223
4.240000	0.040432	0.023201
4.250000	0.040442	0.023178
4.260000	0.040452	0.023155
4.270000	0.040462	0.023133
4.280000	0.040472	0.023110
4.290000	0.040482	0.023088
4.300000	0.040492	0.023065
4.310000	0.040502	0.023042
4.320000	0.040512	0.023020
4.330000	0.040522	0.022997
4.340000	0.040532	0.022975
4.350000	0.040541	0.022952
4.360000	0.040551	0.022930
4.370000	0.040561	0.022907
4.380000	0.040570	0.022885
4.390000	0.040580	0.022862
4.400000	0.040589	0.022840
4.410000	0.040599	0.022817
4.420000	0.040608	0.022795
4.430000	0.040618	0.022773
4.440000	0.040627	0.022750
4.450000	0.040636	0.022728
4.460000	0.040646	0.022705
4.470000	0.040655	0.022683
4.480000	0.040664	0.022661
4.490000	0.040673	0.022638
4.500000	0.040682	0.022616
4.510000	0.040691	0.022593
4.520000	0.040700	0.022571
4.530000	0.040709	0.022549
4.540000	0.040718	0.022526
4.550000	0.040727	0.022504
4.560000	0.040736	0.022482
4.570000	0.040744	0.022459
4.580000	0.040753	0.022437
4.590000	0.040762	0.022415
4.600000	0.040770	0.022393
4.610000	0.040779	0.022370
4.620000	0.040788	0.022348
4.630000	0.040796	0.022326
4.640000	0.040805	0.022304
4.650000	0.040813	0.022281
4.660000	0.040821	0.022259
4.670000	0.040830	0.022237
4.680000	0.040838	0.022215
4.690000	0.040846	0.022193
4.700000	0.040854	0.022171
4.710000	0.040862	0.022148
4.720000	0.040870	0.022126
4.730000	0.040879	0.022104
4.740000	0.040887	0.022082
4.750000	0.040894	0.022060
4.760000	0.040902	0.022038
4.770000	0.040910	0.022016
4.780000	0.040918	0.021994
4.790000	0.040926	0.021972
4.800000	0.040934	0.021949
4.810000	0.040941	0.021927
4.820000	0.040949	0.021905
4.830000	0.040956	0.021883
4.840000	0.040964	0.021861
4.850000	0.040971	0.021839
4.860000	0.040979	0.021817
4.870000	0.040986	0.021795
4.880000	0.040994	0.021773
4.890000	0.041001	0.021751
4.900000	0.041008	0.021729
4.910000	0.041015	0.021708
4.920000	0.041023	0.021686
4.930000	0.041030	0.021664
4.940000	0.041037	0.021642
4.950000	0.041044	0.021620
4.960000	0.041051	0.021598
4.970000	0.041058	0.021576
4.980000	0.041065	0.021554
4.990000	0.041072	0.021532
5.000000	0.041078	0.021511
5.010000	0.041085	0.021489
5.020000	0.041092	0.021467
5.030000	0.041099	0.021445
5.040000	0.041105	0.021423
5.050000	0.041112	0.021402
5.060000	0.041118	0.021380
5.070000	0.041125	0.021358
5.080000	0.041131	0.021336
5.090000	0.041138	0.021315
5.100000	0.041144	0.021293
5.110000	0.041150	0.021271
5.120000	0.041156	0.021249
5.130000	0.041163	0.021228
5.140000	0.041169	0.021206
5.150000	0.041175	0.021184
5.160000	0.041181	0.021163
5.170000	0.041187	0.021141
5.180000	0.041193	0.021119
5.190000	0.041199	0.021098
5.200000	0.041205	0.021076
5.210000	0.041210	0.021055
5.220000	0.041216	0.021033
5.230000	0.041222	0.021011
5.240000	0.041228	0.020990
5.250000	0.041233	0.020968
5.260000	0.041239	0.020947
5.270000	0.041244	0.020925
5.280000	0.041250	0.020904
5.290000	0.041255	0.020882
5.300000	0.041261	0.020861
5.310000	0.041266	0.020839
5.320000	0.041271	0.020818
5.330000	0.041277	0.020796
5.340000	0.041282	0.020775
5.350000	0.041287	0.020753
5.360000	0.041292	0.020732
5.370000	0.041297	0.020711
5.380000	0.041302	0.020689
5.390000	0.041307	0.020668
5.400000	0.041312	0.020646
5.410000	0.041317	0.020625
5.420000	0.041322	0.020604
5.430000	0.041326	0.020582
5.440000	0.041331	0.020561
5.450000	0.041336	0.020540
5.460000	0.041340	0.020518
5.470000	0.041345	0.020497
5.480000	0.041350	0.020476
5.490000	0.041354	0.020455
5.500000	0.041358	0.020433
5.510000	0.041363	0.020412
5.520000	0.041367	0.020391
5.530000	0.041371	0.020370
5.540000	0.041376	0.020348
5.550000	0.041380	0.020327
5.560000	0.041384	0.020306
5.570000	0.041388	0.020285
5.580000	0.041392	0.020264
5.590000	0.041396	0.020243
5.600000	0.041400	0.020221
5.610000	0.041404	0.020200
5.620000	0.041408	0.020179
5.630000	0.041412	0.020158
5.640000	0.041415	0.020137
5.650000	0.041419	0.020116
5.660000	0.041423	0.020095
5.670000	0.041426	0.020074
5.680000	0.041430	0.020053
5.690000	0.041433	0.020032
5.700000	0.041437	0.020011
5.710000	0.041440	0.019990
5.720000	0.041444	0.019969
5.730000	0.041447	0.019948
5.740000	0.041450	0.019927
5.750000	0.041453	0.019906
5.760000	0.041457	0.019885
5.770000	0.041460	0.019864
5.780000	0.041463	0.019843
5.790000	0.041466	0.019822
5.800000	0.041469	0.019801
5.810000	0.041472	0.019781
5.820000	0.041475	0.019760
5.830000	0.041477	0.019739
5.840000	0.041480	0.019718
5.850000	0.041483	0.019697
5.860000	0.041486	0.019676
5.870000	0.041488	0.019656
5.880000	0.041491	0.019635
5.890000	0.041493	0.019614
5.900000	0.041496	0.019593
5.910000	0.041498	0.019573
5.920000	0.041501	0.019552
5.930000	0.041503	0.019531
5.940000	0.041505	0.019510
5.950000	0.041507	0.019490
5.960000	0.041510	0.019469
5.970000	0.041512	0.019448
5.980000	0.041514	0.019428
5.990000	0.041516	0.019407
6.000000	0.041518	0.019386
6.010000	0.041520	0.019366
6.020000	0.041522	0.019345
6.030000	0.041523	0.019325
6.040000	0.041525	0.019304
6.050000	0.041527	0.019284
6.060000	0.041529	0.019263
6.070000	0.041530	0.019242
6.080000	0.041532	0.019222
6.090000	0.041533	0.019201
6.100000	0.041535	0.019181
6.110000	0.041536	0.019160
6.120000	0.041538	0.019140
6.130000	0.041539	0.019120
6.140000	0.041540	0.019099
6.150000	0.041541	0.019079
6.160000	0.041543	0.019058
6.170000	0.041544	0.019038
6.180000	0.041545	0.019017
6.190000	0.041546	0.018997
6.200000	0.041547	0.018977
6.210000	0.041548	0.018956
6.220000	0.041549	0.018936
6.230000	0.041549	0.018916
6.240000	0.041550	0.018895
6.250000	0.041551	0.018875
6.260000	0.041552	0.018855
6.270000	0.041552	0.018835
6.280000	0.041553	0.018814
6.290000	0.041553	0.018794
6.300000	0.041554	0.018774
6.310000	0.041554	0.018754
6.320000	0.041555	0.018733
6.330000	0.041555	0.018713
6.340000	0.041555	0.018693
6.350000	0.041556	0.018673
6.360000	0.041556	0.018653
6.370000	0.041556	0.018633
6.380000	0.041556	0.018612
6.390000	0.041556	0.018592
6.400000	0.041556	0.018572
6.410000	0.041556	0.018552
6.420000	0.041556	0.018532
6.430000	0.041556	0.018512
6.440000	0.041555	0.018492
6.450000	0.041555	0.018472
6.460000	0.041555	0.018452
6.470000	0.041554	0.018432
6.480000	0.041554	0.018412
6.490000	0.041553	0.018392
6.500000	0.041553	0.018372
6.510000	0.041552	0.018352
6.520000	0.041552	0.018332
6.530000	0.041551	0.018312
6.540000	0.041550	0.018292
6.550000	0.041549	0.018272
6.560000	0.041549	0.018253
6.570000	0.041548	0.018233
6.580000	0.041547	0.018213
6.590000	0.041546	0.018193
6.600000	0.041545	0.018173
6.610000	0.041544	0.018153
6.620000	0.041543	0.018134
6.630000	0.041541	0.018114
6.640000	0.041540	0.018094
6.650000	0.041539	0.018074
6.660000	0.041538	0.018055
6.670000	0.041536	0.018035
6.680000	0.041535	0.018015
6.690000	0.041533	0.017995
6.700000	0.041532	0.017976
6.710000	0.041530	0.017956
6.720000	0.041528	0.017936
6.730000	0.041527	0.017917
6.740000	0.041525	0.017897
6.750000	0.041523	0.017877
6.760000	0.041521	0.017858
6.770000	0.041519	0.017838
6.780000	0.041517	0.017819
6.790000	0.041515	0.017799
6.800000	0.041513	0.017780
6.810000	0.041511	0.017760
6.820000	0.041509	0.017741
6.830000	0.041507	0.017721
6.840000	0.041505	0.017702
6.850000	0.041502	0.017682
6.860000	0.041500	0.017663
6.870000	0.041498	0.017643
6.880000	0.041495	0.017624
6.890000	0.041493	0.017604
6.900000	0.041490	0.017585
6.910000	0.041488	0.017565
6.920000	0.041485	0.017546
6.930000	0.041482	0.017527
6.940000	0.041479	0.017507
6.950000	0.041477	0.017488
6.960000	0.041474	0.017469
6.970000	0.041471	0.017449
6.980000	0.041468	0.017430
6.990000	0.041465	0.017411
7.000000	0.041462	0.017391
7.010000	0.041459	0.017372
7.020000	0.041455	0.017353
7.030000	0.041452	0.017334
7.040000	0.041449	0.017314
7.050000	0.041446	0.017295
7.060000	0.041442	0.017276
7.070000	0.041439	0.017257
7.080000	0.041435	0.017238
7.090000	0.041432	0.017219
7.100000	0.041428	0.017199
7.110000	0.041425	0.017180
7.120000	0.041421	0.017161
7.130000	0.041417	0.017142
7.140000	0.041413	0.017123
7.150000	0.041410	0.017104
7.160000	0.041406	0.017085
7.170000	0.041402	0.017066
7.180000	0.041398	0.017047
7.190000	0.041394	0.017028
7.200000	0.041390	0.017009
7.210000	0.041386	0.016990
7.220000	0.041381	0.016971
7.230000	0.041377	0.016952
7.240000	0.041373	0.016933
7.250000	0.041368	0.016914
7.260000	0.041364	0.016895
7.270000	0.041360	0.016876
7.280000	0.041355	0.016857
7.290000	0.041351	0.016839
7.300000	0.041346	0.016820
7.310000	0.041341	0.016801
7.320000	0.041337	0.016782
7.330000	0.041332	0.016763
7.340000	0.041327	0.016744
7.350000	0.041322	0.016726
7.360000	0.041317	0.016707
7.370000	0.041312	0.016688
7.380000	0.041307	0.016669
7.390000	0.041302	0.016651
7.400000	0.041297	0.016632
7.410000	0.041292	0.016613
7.420000	0.041287	0.016595
7.430000	0.041282	0.016576
7.440000	0.041276	0.016557
7.450000	0.041271	0.016539
7.460000	0.041266	0.016520
7.470000	0.041260	0.016501
7.480000	0.041255	0.016483
7.490000	0.041249	0.016464
7.500000	0.041243	0.016446
7.510000	0.041238	0.016427
7.520000	0.041232	0.016408
7.530000	0.041226	0.016390
7.540000	0.041221	0.016371
7.550000	0.041215	0.016353
7.560000	0.041209	0.016334
7.570000	0.041203	0.016316
7.580000	0.041197	0.016298
7.590000	0.041191	0.016279
7.600000	0.041185	0.016261
7.610000	0.041178	0.016242
7.620000	0.041172	0.016224
7.630000	0.041166	0.016205
7.640000	0.041160	0.016187
7.650000	0.041153	0.016169
7.660000	0.041147	0.016150
7.670000	0.041140	0.016132
7.680000	0.041134	0.016114
7.690000	0.041127	0.016095
7.700000	0.041121	0.016077
7.710000	0.041114	0.016059
7.720000	0.041107	0.016041
7.730000	0.041101	0.016022
7.740000	0.041094	0.016004
7.750000	0.041087	0.015986
7.760000	0.041080	0.015968
7.770000	0.041073	0.015949
7.780000	0.041066	0.015931
7.790000	0.041059	0.015913
7.800000	0.041052	0.015895
7.810000	0.041045	0.015877
7.820000	0.041037	0.015859
7.830000	0.041030	0.015841
7.840000	0.041023	0.015823
7.850000	0.041015	0.015804
7.860000	0.041008	0.015786
7.870000	0.041000	0.015768
7.880000	0.040993	0.015750
7.890000	0.040985	0.015732
7.900000	0.040978	0.015714
7.910000	0.040970	0.015696
7.920000	0.040962	0.015678
7.930000	0.040955	0.015660
7.940000	0.040947	0.015642
7.950000	0.040939	0.015624
7.960000	0.040931	0.015607
7.970000	0.040923	0.015589
7.980000	0.040915	0.015571
7.990000	0.040907	0.015553
8.000000	0.040899	0.015535
8.010000	0.040891	0.015517
8.020000	0.040882	0.015499
8.030000	0.040874	0.015481
8.040000	0.040866	0.015464
8.050000	0.040857	0.015446
8.060000	0.040849	0.015428
8.070000	0.040840	0.015410
8.080000	0.040832	0.015393
8.090000	0.040823	0.015375
8.100000	0.040815	0.015357
8.110000	0.040806	0.015339
8.120000	0.040797	0.015322
8.130000	0.040788	0.015304
8.140000	0.040780	0.015286
8.150000	0.040771	0.015269
8.160000	0.040762	0.015251
8.170000	0.040753	0.015233
8.180000	0.040744	0.015216
8.190000	0.040735	0.015198
8.200000	0.040726	0.015181
8.210000	0.040717	0.015163
8.220000	0.040707	0.015146
8.230000	0.040698	0.015128
8.240000	0.040689	0.015110
8.250000	0.040679	0.015093
8.260000	0.040670	0.015075
8.270000	0.040660	0.015058
8.280000	0.040651	0.015040
8.290000	0.040641	0.015023
8.300000	0.040632	0.015006
8.310000	0.040622	0.014988
8.320000	0.040612	0.014971
8.330000	0.040603	0.014953
8.340000	0.040593	0.014936
8.350000	0.040583	0.014919
8.360000	0.040573	0.014901
8.370000	0.040563	0.014884
8.380000	0.040553	0.014867
8.390000	0.040543	0.014849
8.400000	0.040533	0.014832
8.410000	0.040523	0.014815
8.420000	0.040513	0.014797
8.430000	0.040502	0.014780
8.440000	0.040492	0.014763
8.450000	0.040482	0.014746
8.460000	0.040471	0.014728
8.470000	0.040461	0.014711
8.480000	0.040450	0.014694
8.490000	0.040440	0.014677
8.500000	0.040429	0.014660
8.510000	0.040419	0.014643
8.520000	0.040408	0.014625
8.530000	0.040397	0.014608
8.540000	0.040386	0.014591
8.550000	0.040375	0.014574
8.560000	0.040365	0.014557
8.570000	0.040354	0.014540
8.580000	0.040343	0.014523
8.590000	0.040332	0.014506
8.600000	0.040321	0.014489
8.610000	0.040309	0.014472
8.620000	0.040298	0.014455
8.630000	0.040287	0.014438
8.640000	0.040276	0.014421
8.650000	0.040264	0.014404
8.660000	0.040253	0.014387
8.670000	0.040242	0.014370
8.680000	0.040230	0.014353
8.690000	0.040219	0.014336
8.700000	0.040207	0.014320
8.710000	0.040195	0.014303
8.720000	0.040184	0.014286
8.730000	0.040172	0.014269
8.740000	0.040160	0.014252
8.750000	0.040149	0.014235
8.760000	0.040137	0.014219
8.770000	0.040125	0.014202
8.780000	0.040113	0.014185
8.790000	0.040101	0.014168
8.800000	0.040089	0.014152
8.810000	0.040077	0.014135
8.820000	0.040065	0.014118
8.830000	0.040052	0.014101
8.840000	0.040040	0.014085
8.850000	0.040028	0.014068
8.860000	0.040016	0.014051
8.870000	0.040003	0.014035
8.880000	0.039991	0.014018
8.890000	0.039978	0.014002
8.900000	0.039966	0.013985
8.910000	0.039953	0.013968
8.920000	0.039941	0.013952
8.930000	0.039928	0.013935
8.940000	0.039915	0.013919
8.950000	0.039903	0.013902
8.960000	0.039890	0.013886
8.970000	0.039877	0.013869
8.980000	0.039864	0.013853
8.990000	0.039851	0.013836
9.000000	0.039838	0.013820
9.010000	0.039825	0.013803
9.020000	0.039812	0.013787
9.030000	0.039799	0.013770
9.040000	0.039786	0.013754
9.050000	0.039772	0.013738
9.060000	0.039759	0.013721
9.070000	0.039746	0.013705
9.080000	0.039733	0.013689
9.090000	0.039719	0.013672
9.100000	0.039706	0.013656
9.110000	0.039692	0.013640
9.120000	0.039679	0.013623
9.130000	0.039665	0.013607
9.140000	0.039651	0.013591
9.150000	0.039638	0.013575
9.160000	0.039624	0.013558
9.170000	0.039610	0.013542
9.180000	0.039596	0.013526
9.190000	0.039583	0.013510
9.200000	0.039569	0.013494
9.210000	0.039555	0.013477
9.220000	0.039541	0.013461
9.230000	0.039527	0.013445
9.240000	0.039512	0.013429
9.250000	0.039498	0.013413
9.260000	0.039484	0.013397
9.270000	0.039470	0.013381
9.280000	0.039456	0.013365
9.290000	0.039441	0.013349
9.300000	0.039427	0.013333
9.310000	0.039413	0.013317
9.320000	0.039398	0.013301
9.330000	0.039384	0.013285
9.340000	0.039369	0.013269
9.350000	0.039354	0.013253
9.360000	0.039340	0.013237
9.370000	0.039325	0.013221
9.380000	0.039310	0.013205
9.390000	0.039296	0.013189
9.400000	0.039281	0.013173
9.410000	0.039266	0.013157
9.420000	0.039251	0.013141
9.430000	0.039236	0.013125
9.440000	0.039221	0.013109
9.450000	0.039206	0.013094
9.460000	0.039191	0.013078
9.470000	0.039176	0.013062
9.480000	0.039160	0.013046
9.490000	0.039145	0.013030
9.500000	0.039130	0.013015
9.510000	0.039115	0.012999
9.520000	0.039099	0.012983
9.530000	0.039084	0.012967
9.540000	0.039068	0.012952
9.550000	0.039053	0.012936
9.560000	0.039037	0.012920
9.570000	0.039022	0.012905
9.580000	0.039006	0.012889
9.590000	0.038990	0.012873
9.600000	0.038975	0.012858
9.610000	0.038959	0.012842
9.620000	0.038943	0.012827
9.630000	0.038927	0.012811
9.640000	0.038911	0.012795
9.650000	0.038896	0.012780
9.660000	0.038880	0.012764
9.670000	0.038863	0.012749
9.680000	0.038847	0.012733
9.690000	0.038831	0.012718
9.700000	0.038815	0.012702
9.710000	0.038799	0.012687
9.720000	0.038783	0.012671
9.730000	0.038766	0.012656
9.740000	0.038750	0.012640
9.750000	0.038734	0.012625
9.760000	0.038717	0.012610
9.770000	0.038701	0.012594
9.780000	0.038684	0.012579
9.790000	0.038668	0.012563
9.800000	0.038651	0.012548
9.810000	0.038635	0.012533
9.820000	0.038618	0.012517
9.830000	0.038601	0.012502
9.840000	0.038584	0.012487
9.850000	0.038568	0.012471
9.860000	0.038551	0.012456
9.870000	0.038534	0.012441
9.880000	0.038517	0.012426
9.890000	0.038500	0.012410
9.900000	0.038483	0.012395
9.910000	0.038466	0.012380
9.920000	0.038449	0.012365
9.930000	0.038432	0.012350
9.940000	0.038414	0.012334
9.950000	0.038397	0.012319
9.960000	0.038380	0.012304
9.970000	0.038363	0.012289
9.980000	0.038345	0.012274
9.990000	0.038328	0.012259
10.000000	0.038310	0.012244
