-10.000000	0.024251	0.024251
-9.990000	0.024285	0.024285
-9.980000	0.024320	0.024320
-9.970000	0.024354	0.024354
-9.960000	0.024389	0.024389
-9.950000	0.024423	0.024423
-9.940000	0.024458	0.024458
-9.930000	0.024492	0.024492
-9.920000	0.024527	0.024527
-9.910000	0.024561	0.024561
-9.900000	0.024595	0.024595
-9.890000	0.024630	0.024630
-9.880000	0.024664	0.024664
-9.870000	0.024699	0.024699
-9.860000	0.024733	0.024733
-9.850000	0.024768	0.024768
-9.840000	0.024802	0.024802
-9.830000	0.024837	0.024837
-9.820000	0.024871	0.024871
-9.810000	0.024906	0.024906
-9.800000	0.024940	0.024940
-9.790000	0.024975	0.024975
-9.780000	0.025010	0.025010
-9.770000	0.025044	0.025044
-9.760000	0.025079	0.025079
-9.750000	0.025113	0.025113
-9.740000	0.025148	0.025148
-9.730000	0.025182	0.025182
-9.720000	0.025217	0.025217
-9.710000	0.025251	0.025251
-9.700000	0.025286	0.025286
-9.690000	0.025321	0.025321
-9.680000	0.025355	0.025355
-9.670000	0.025390	0.025390
-9.660000	0.025424	0.025424
-9.650000	0.025459	0.025459
-9.640000	0.025493	0.025493
-9.630000	0.025528	0.025528
-9.620000	0.025563	0.025563
-9.610000	0.025597	0.025597
-9.600000	0.025632	0.025632
-9.590000	0.025666	0.025666
-9.580000	0.025701	0.025701
-9.570000	0.025736	0.025736
-9.560000	0.025770	0.025770
-9.550000	0.025805	0.025805
-9.540000	0.025839	0.025839
-9.530000	0.025874	0.025874
-9.520000	0.025909	0.025909
-9.510000	0.025943	0.025943
-9.500000	0.025978	0.025978
-9.490000	0.026012	0.026012
-9.480000	0.026047	0.026047
-9.470000	0.026082	0.026082
-9.460000	0.026116	0.026116
-9.450000	0.026151	0.026151
-9.440000	0.026186	0.026186
-9.430000	0.026220	0.026220
-9.420000	0.026255	0.026255
-9.410000	0.026289	0.026289
-9.400000	0.026324	0.026324
-9.390000	0.026359	0.026359
-9.380000	0.026393	0.026393
-9.370000	0.026428	0.026428
-9.360000	0.026463	0.026463
-9.350000	0.026497	0.026497
-9.340000	0.026532	0.026532
-9.330000	0.026566	0.026566
-9.320000	0.026601	0.026601
-9.310000	0.026636	0.026636
-9.300000	0.026670	0.026670
-9.290000	0.026705	0.026705
-9.280000	0.026740	0.026740
-9.270000	0.026774	0.026774
-9.260000	0.026809	0.026809
-9.250000	0.026843	0.026843
-9.240000	0.026878	0.026878
-9.230000	0.026913	0.026913
-9.220000	0.026947	0.026947
-9.210000	0.026982	0.026982
-9.200000	0.027017	0.027017
-9.190000	0.027051	0.027051
-9.180000	0.027086	0.027086
-9.170000	0.027120	0.027120
-9.160000	0.027155	0.027155
-9.150000	0.027190	0.027190
-9.140000	0.027224	0.027224
-9.130000	0.027259	0.027259
-9.120000	0.027293	0.027293
-9.110000	0.027328	0.027328
-9.100000	0.027363	0.027363
-9.090000	0.027397	0.027397
-9.080000	0.027432	0.027432
-9.070000	0.027466	0.027466
-9.060000	0.027501	0.027501
-9.050000	0.027536	0.027536
-9.040000	0.027570	0.027570
-9.030000	0.027605	0.027605
-9.020000	0.027639	0.027639
-9.010000	0.027674	0.027674
-9.000000	0.027709	0.027709
-8.990000	0.027743	0.027743
-8.980000	0.027778	0.027778
-8.970000	0.027812	0.027812
-8.960000	0.027847	0.027847
-8.950000	0.027881	0.027881
-8.940000	0.027916	0.027916
-8.930000	0.027951	0.027951
-8.920000	0.027985	0.027985
-8.910000	0.028020	0.028020
-8.900000	0.028054	0.028054
-8.890000	0.028089	0.028089
-8.880000	0.028123	0.028123
-8.870000	0.028158	0.028158
-8.860000	0.028192	0.028192
-8.850000	0.028227	0.028227
-8.840000	0.028261	0.028261
-8.830000	0.028296	0.028296
-8.820000	0.028330	0.028330
-8.810000	0.028365	0.028365
-8.800000	0.028399	0.028399
-8.790000	0.028434	0.028434
-8.780000	0.028468	0.028468
-8.770000	0.028503	0.028503
-8.760000	0.028537	0.028537
-8.750000	0.028572	0.028572
-8.740000	0.028606	0.028606
-8.730000	0.028641	0.028641
-8.720000	0.028675	0.028675
-8.710000	0.028710	0.028710
-8.700000	0.028744	0.028744
-8.690000	0.028778	0.028778
-8.680000	0.028813	0.028813
-8.670000	0.028847	0.028847
-8.660000	0.028882	0.028882
-8.650000	0.028916	0.028916
-8.640000	0.028950	0.028950
-8.630000	0.028985	0.028985
-8.620000	0.029019	0.029019
-8.610000	0.029054	0.029054
-8.600000	0.029088	0.029088
-8.590000	0.029122	0.029122
-8.580000	0.029157	0.029157
-8.570000	0.029191	0.029191
-8.560000	0.029225	0.029225
-8.550000	0.029260	0.029260
-8.540000	0.029294	0.029294
-8.530000	0.029328	0.029328
-8.520000	0.029363	0.029363
-8.510000	0.029397	0.029397
-8.500000	0.029431	0.029431
-8.490000	0.029466	0.029466
-8.480000	0.029500	0.029500
-8.470000	0.029534	0.029534
-8.460000	0.029568	0.029568
-8.450000	0.029603	0.029603
-8.440000	0.029637	0.029637
-8.430000	0.029671	0.029671
-8.420000	0.029705	0.029705
-8.410000	0.029740	0.029740
-8.400000	0.029774	0.029774
-8.390000	0.029808	0.029808
-8.380000	0.029842	0.029842
-8.370000	0.029876	0.029876
-8.360000	0.029911	0.029911
-8.350000	0.029945	0.029945
-8.340000	0.029979	0.029979
-8.330000	0.030013	0.030013
-8.320000	0.030047	0.030047
-8.310000	0.030081	0.030081
-8.300000	0.030115	0.030115
-8.290000	0.030149	0.030149
-8.280000	0.030184	0.030184
-8.270000	0.030218	0.030218
-8.260000	0.030252	0.030252
-8.250000	0.030286	0.030286
-8.240000	0.030320	0.030320
-8.230000	0.030354	0.030354
-8.220000	0.030388	0.030388
-8.210000	0.030422	0.030422
-8.200000	0.030456	0.030456
-8.190000	0.030490	0.030490
-8.180000	0.030524	0.030524
-8.170000	0.030558	0.030558
-8.160000	0.030592	0.030592
-8.150000	0.030626	0.030626
-8.140000	0.030660	0.030660
-8.130000	0.030694	0.030694
-8.120000	0.030728	0.030728
-8.110000	0.030762	0.030762
-8.100000	0.030795	0.030795
-8.090000	0.030829	0.030829
-8.080000	0.030863	0.030863
-8.070000	0.030897	0.030897
-8.060000	0.030931	0.030931
-8.050000	0.030965	0.030965
-8.040000	0.030999	0.030999
-8.030000	0.031032	0.031032
-8.020000	0.031066	0.031066
-8.010000	0.031100	0.031100
-8.000000	0.031134	0.031134
-7.990000	0.031167	0.031167
-7.980000	0.031201	0.031201
-7.970000	0.031235	0.031235
-7.960000	0.031269	0.031269
-7.950000	0.031302	0.031302
-7.940000	0.031336	0.031336
-7.930000	0.031370	0.031370
-7.920000	0.031403	0.031403
-7.910000	0.031437	0.031437
-7.900000	0.031471	0.031471
-7.890000	0.031504	0.031504
-7.880000	0.031538	0.031538
-7.870000	0.031571	0.031571
-7.860000	0.031605	0.031605
-7.850000	0.031639	0.031639
-7.840000	0.031672	0.031672
-7.830000	0.031706	0.031706
-7.820000	0.031739	0.031739
-7.810000	0.031773	0.031773
-7.800000	0.031806	0.031806
-7.790000	0.031840	0.031840
-7.780000	0.031873	0.031873
-7.770000	0.031907	0.031907
-7.760000	0.031940	0.031940
-7.750000	0.031973	0.031973
-7.740000	0.032007	0.032007
-7.730000	0.032040	0.032040
-7.720000	0.032074	0.032074
-7.710000	0.032107	0.032107
-7.700000	0.032140	0.032140
-7.690000	0.032174	0.032174
-7.680000	0.032207	0.032207
-7.670000	0.032240	0.032240
-7.660000	0.032273	0.032273
-7.650000	0.032307	0.032307
-7.640000	0.032340	0.032340
-7.630000	0.032373	0.032373
-7.620000	0.032406	0.032406
-7.610000	0.032440	0.032440
-7.600000	0.032473	0.032473
-7.590000	0.032506	0.032506
-7.580000	0.032539	0.032539
-7.570000	0.032572	0.032572
-7.560000	0.032605	0.032605
-7.550000	0.032638	0.032638
-7.540000	0.032671	0.032671
-7.530000	0.032704	0.032704
-7.520000	0.032737	0.032737
-7.510000	0.032770	0.032770
-7.500000	0.032803	0.032803
-7.490000	0.032836	0.032836
-7.480000	0.032869	0.032869
-7.470000	0.032902	0.032902
-7.460000	0.032935	0.032935
-7.450000	0.032968	0.032968
-7.440000	0.033001	0.033001
-7.430000	0.033034	0.033034
-7.420000	0.033067	0.033067
-7.410000	0.033100	0.033100
-7.400000	0.033132	0.033132
-7.390000	0.033165	0.033165
-7.380000	0.033198	0.033198
-7.370000	0.033231	0.033231
-7.360000	0.033264	0.033264
-7.350000	0.033296	0.033296
-7.340000	0.033329	0.033329
-7.330000	0.033362	0.033362
-7.320000	0.033394	0.033394
-7.310000	0.033427	0.033427
-7.300000	0.033460	0.033460
-7.290000	0.033492	0.033492
-7.280000	0.033525	0.033525
-7.270000	0.033557	0.033557
-7.260000	0.033590	0.033590
-7.250000	0.033622	0.033622
-7.240000	0.033655	0.033655
-7.230000	0.033687	0.033687
-7.220000	0.033720	0.033720
-7.210000	0.033752	0.033752
-7.200000	0.033785	0.033785
-7.190000	0.033817	0.033817
-7.180000	0.033849	0.033849
-7.170000	0.033882	0.033882
-7.160000	0.033914	0.033914
-7.150000	0.033946	0.033946
-7.140000	0.033979	0.033979
-7.130000	0.034011	0.034011
-7.120000	0.034043	0.034043
-7.110000	0.034076	0.034076
-7.100000	0.034108	0.034108
-7.090000	0.034140	0.034140
-7.080000	0.034172	0.034172
-7.070000	0.034204	0.034204
-7.060000	0.034236	0.034236
-7.050000	0.034268	0.034268
-7.040000	0.034301	0.034301
-7.030000	0.034333	0.034333
-7.020000	0.034365	0.034365
-7.010000	0.034397	0.034397
-7.000000	0.034429	0.034429
-6.990000	0.034461	0.034461
-6.980000	0.034493	0.034493
-6.970000	0.034524	0.034524
-6.960000	0.034556	0.034556
-6.950000	0.034588	0.034588
-6.940000	0.034620	0.034620
-6.930000	0.034652	0.034652
-6.920000	0.034684	0.034684
-6.910000	0.034716	0.034716
-6.900000	0.034747	0.034747
-6.890000	0.034779	0.034779
-6.880000	0.034811	0.034811
-6.870000	0.034842	0.034842
-6.860000	0.034874	0.034874
-6.850000	0.034906	0.034906
-6.840000	0.034937	0.034937
-6.830000	0.034969	0.034969
-6.820000	0.035000	0.035000
-6.810000	0.035032	0.035032
-6.800000	0.035064	0.035064
-6.790000	0.035095	0.035095
-6.780000	0.035127	0.035127
-6.770000	0.035158	0.035158
-6.760000	0.035189	0.035189
-6.750000	0.035221	0.035221
-6.740000	0.035252	0.035252
-6.730000	0.035283	0.035283
-6.720000	0.035315	0.035315
-6.710000	0.035346	0.035346
-6.700000	0.035377	0.035377
-6.690000	0.035409	0.035409
-6.680000	0.035440	0.035440
-6.670000	0.035471	0.035471
-6.660000	0.035502	0.035502
-6.650000	0.035533	0.035533
-6.640000	0.035564	0.035564
-6.630000	0.035596	0.035596
-6.620000	0.035627	0.035627
-6.610000	0.035658	0.035658
-6.600000	0.035689	0.035689
-6.590000	0.035720	0.035720
-6.580000	0.035751	0.035751
-6.570000	0.035782	0.035782
-6.560000	0.035812	0.035812
-6.550000	0.035843	0.035843
-6.540000	0.035874	0.035874
-6.530000	0.035905	0.035905
-6.520000	0.035936	0.035936
-6.510000	0.035967	0.035967
-6.500000	0.035997	0.035997
-6.490000	0.036028	0.036028
-6.480000	0.036059	0.036059
-6.470000	0.036089	0.036089
-6.460000	0.036120	0.036120
-6.450000	0.036151	0.036151
-6.440000	0.036181	0.036181
-6.430000	0.036212	0.036212
-6.420000	0.036242	0.036242
-6.410000	0.036273	0.036273
-6.400000	0.036303	0.036303
-6.390000	0.036334	0.036334
-6.380000	0.036364	0.036364
-6.370000	0.036395	0.036395
-6.360000	0.036425	0.036425
-6.350000	0.036455	0.036455
-6.340000	0.036486	0.036486
-6.330000	0.036516	0.036516
-6.320000	0.036546	0.036546
-6.310000	0.036576	0.036576
-6.300000	0.036607	0.036607
-6.290000	0.036637	0.036637
-6.280000	0.036667	0.036667
-6.270000	0.036697	0.036697
-6.260000	0.036727	0.036727
-6.250000	0.036757	0.036757
-6.240000	0.036787	0.036787
-6.230000	0.036817	0.036817
-6.220000	0.036847	0.036847
-6.210000	0.036877	0.036877
-6.200000	0.036907	0.036907
-6.190000	0.036937	0.036937
-6.180000	0.036967	0.036967
-6.170000	0.036996	0.036996
-6.160000	0.037026	0.037026
-6.150000	0.037056	0.037056
-6.140000	0.037086	0.037086
-6.130000	0.037115	0.037115
-6.120000	0.037145	0.037145
-6.110000	0.037175	0.037175
-6.100000	0.037204	0.037204
-6.090000	0.037234	0.037234
-6.080000	0.037263	0.037263
-6.070000	0.037293	0.037293
-6.060000	0.037322	0.037322
-6.050000	0.037352	0.037352
-6.040000	0.037381	0.037381
-6.030000	0.037410	0.037410
-6.020000	0.037440	0.037440
-6.010000	0.037469	0.037469
-6.000000	0.037498	0.037498
-5.990000	0.037528	0.037528
-5.980000	0.037557	0.037557
-5.970000	0.037586	0.037586
-5.960000	0.037615	0.037615
-5.950000	0.037644	0.037644
-5.940000	0.037673	0.037673
-5.930000	0.037703	0.037703
-5.920000	0.037732	0.037732
-5.910000	0.037761	0.037761
-5.900000	0.037790	0.037790
-5.890000	0.037818	0.037818
-5.880000	0.037847	0.037847
-5.870000	0.037876	0.037876
-5.860000	0.037905	0.037905
-5.850000	0.037934	0.037934
-5.840000	0.037963	0.037963
-5.830000	0.037991	0.037991
-5.820000	0.038020	0.038020
-5.810000	0.038049	0.038049
-5.800000	0.038077	0.038077
-5.790000	0.038106	0.038106
-5.780000	0.038135	0.038135
-5.770000	0.038163	0.038163
-5.760000	0.038192	0.038192
-5.750000	0.038220	0.038220
-5.740000	0.038249	0.038249
-5.730000	0.038277	0.038277
-5.720000	0.038305	0.038305
-5.710000	0.038334	0.038334
-5.700000	0.038362	0.038362
-5.690000	0.038390	0.038390
-5.680000	0.038419	0.038419
-5.670000	0.038447	0.038447
-5.660000	0.038475	0.038475
-5.650000	0.038503	0.038503
-5.640000	0.038531	0.038531
-5.630000	0.038559	0.038559
-5.620000	0.038587	0.038587
-5.610000	0.038615	0.038615
-5.600000	0.038643	0.038643
-5.590000	0.038671	0.038671
-5.580000	0.038699	0.038699
-5.570000	0.038727	0.038727
-5.560000	0.038755	0.038755
-5.550000	0.038783	0.038783
-5.540000	0.038810	0.038810
-5.530000	0.038838	0.038838
-5.520000	0.038866	0.038866
-5.510000	0.038893	0.038893
-5.500000	0.038921	0.038921
-5.490000	0.038949	0.038949
-5.480000	0.038976	0.038976
-5.470000	0.039004	0.039004
-5.460000	0.039031	0.039031
-5.450000	0.039058	0.039058
-5.440000	0.039086	0.039086
-5.430000	0.039113	0.039113
-5.420000	0.039141	0.039141
-5.410000	0.039168	0.039168
-5.400000	0.039195	0.039195
-5.390000	0.039222	0.039222
-5.380000	0.039250	0.039250
-5.370000	0.039277	0.039277
-5.360000	0.039304	0.039304
-5.350000	0.039331	0.039331
-5.340000	0.039358	0.039358
-5.330000	0.039385	0.039385
-5.320000	0.039412	0.039412
-5.310000	0.039439	0.039439
-5.300000	0.039466	0.039466
-5.290000	0.039493	0.039493
-5.280000	0.039519	0.039519
-5.270000	0.039546	0.039546
-5.260000	0.039573	0.039573
-5.250000	0.039600	0.039600
-5.240000	0.039626	0.039626
-5.230000	0.039653	0.039653
-5.220000	0.039679	0.039679
-5.210000	0.039706	0.039706
-5.200000	0.039733	0.039733
-5.190000	0.039759	0.039759
-5.180000	0.039785	0.039785
-5.170000	0.039812	0.039812
-5.160000	0.039838	0.039838
-5.150000	0.039865	0.039865
-5.140000	0.039891	0.039891
-5.130000	0.039917	0.039917
-5.120000	0.039943	0.039943
-5.110000	0.039970	0.039970
-5.100000	0.039996	0.039996
-5.090000	0.040022	0.040022
-5.080000	0.040048	0.040048
-5.070000	0.040074	0.040074
-5.060000	0.040100	0.040100
-5.050000	0.040126	0.040126
-5.040000	0.040152	0.040152
-5.030000	0.040178	0.040178
-5.020000	0.040203	0.040203
-5.010000	0.040229	0.040229
-5.000000	0.040255	0.040255
-4.990000	0.040281	0.040281
-4.980000	0.040306	0.040306
-4.970000	0.040332	0.040332
-4.960000	0.040357	0.040357
-4.950000	0.040383	0.040383
-4.940000	0.040409	0.040409
-4.930000	0.040434	0.040434
-4.920000	0.040459	0.040459
-4.910000	0.040485	0.040485
-4.900000	0.040510	0.040510
-4.890000	0.040536	0.040536
-4.880000	0.040561	0.040561
-4.870000	0.040586	0.040586
-4.860000	0.040611	0.040611
-4.850000	0.040636	0.040636
-4.840000	0.040661	0.040661
-4.830000	0.040687	0.040687
-4.820000	0.040712	0.040712
-4.810000	0.040737	0.040737
-4.800000	0.040762	0.040762
-4.790000	0.040786	0.040786
-4.780000	0.040811	0.040811
-4.770000	0.040836	0.040836
-4.760000	0.040861	0.040861
-4.750000	0.040886	0.040886
-4.740000	0.040910	0.040910
-4.730000	0.040935	0.040935
-4.720000	0.040960	0.040960
-4.710000	0.040984	0.040984
-4.700000	0.041009	0.041009
-4.690000	0.041033	0.041033
-4.680000	0.041058	0.041058
-4.670000	0.041082	0.041082
-4.660000	0.041107	0.041107
-4.650000	0.041131	0.041131
-4.640000	0.041155	0.041155
-4.630000	0.041179	0.041179
-4.620000	0.041204	0.041204
-4.610000	0.041228	0.041228
-4.600000	0.041252	0.041252
-4.590000	0.041276	0.041276
-4.580000	0.041300	0.041300
-4.570000	0.041324	0.041324
-4.560000	0.041348	0.041348
-4.550000	0.041372	0.041372
-4.540000	0.041396	0.041396
-4.530000	0.041420	0.041420
-4.520000	0.041443	0.041443
-4.510000	0.041467	0.041467
-4.500000	0.041491	0.041491
-4.490000	0.041514	0.041514
-4.480000	0.041538	0.041538
-4.470000	0.041562	0.041562
-4.460000	0.041585	0.041585
-4.450000	0.041609	0.041609
-4.440000	0.041632	0.041632
-4.430000	0.041656	0.041656
-4.420000	0.041679	0.041679
-4.410000	0.041702	0.041702
-4.400000	0.041725	0.041725
-4.390000	0.041749	0.041749
-4.380000	0.041772	0.041772
-4.370000	0.041795	0.041795
-4.360000	0.041818	0.041818
-4.350000	0.041841	0.041841
-4.340000	0.041864	0.041864
-4.330000	0.041887	0.041887
-4.320000	0.041910	0.041910
-4.310000	0.041933	0.041933
-4.300000	0.041956	0.041956
-4.290000	0.041979	0.041979
-4.280000	0.042001	0.042001
-4.270000	0.042024	0.042024
-4.260000	0.042047	0.042047
-4.250000	0.042069	0.042069
-4.240000	0.042092	0.042092
-4.230000	0.042114	0.042114
-4.220000	0.042137	0.042137
-4.210000	0.042159	0.042159
-4.200000	0.042182	0.042182
-4.190000	0.042204	0.042204
-4.180000	0.042226	0.042226
-4.170000	0.042249	0.042249
-4.160000	0.042271	0.042271
-4.150000	0.042293	0.042293
-4.140000	0.042315	0.042315
-4.130000	0.042337	0.042337
-4.120000	0.042359	0.042359
-4.110000	0.042381	0.042381
-4.100000	0.042403	0.042403
-4.090000	0.042425	0.042425
-4.080000	0.042447	0.042447
-4.070000	0.042469	0.042469
-4.060000	0.042491	0.042491
-4.050000	0.042512	0.042512
-4.040000	0.042534	0.042534
-4.030000	0.042556	0.042556
-4.020000	0.042577	0.042577
-4.010000	0.042599	0.042599
-4.000000	0.042620	0.042620
-3.990000	0.042642	0.042642
-3.980000	0.042663	0.042663
-3.970000	0.042684	0.042684
-3.960000	0.042706	0.042706
-3.950000	0.042727	0.042727
-3.940000	0.042748	0.042748
-3.930000	0.042769	0.042769
-3.920000	0.042790	0.042790
-3.910000	0.042811	0.042811
-3.900000	0.042833	0.042833
-3.890000	0.042854	0.042854
-3.880000	0.042874	0.042874
-3.870000	0.042895	0.042895
-3.860000	0.042916	0.042916
-3.850000	0.042937	0.042937
-3.840000	0.042958	0.042958
-3.830000	0.042978	0.042978
-3.820000	0.042999	0.042999
-3.810000	0.043020	0.043020
-3.800000	0.043040	0.043040
-3.790000	0.043061	0.043061
-3.780000	0.043081	0.043081
-3.770000	0.043102	0.043102
-3.760000	0.043122	0.043122
-3.750000	0.043142	0.043142
-3.740000	0.043163	0.043163
-3.730000	0.043183	0.043183
-3.720000	0.043203	0.043203
-3.710000	0.043223	0.043223
-3.700000	0.043243	0.043243
-3.690000	0.043263	0.043263
-3.680000	0.043283	0.043283
-3.670000	0.043303	0.043303
-3.660000	0.043323	0.043323
-3.650000	0.043343	0.043343
-3.640000	0.043363	0.043363
-3.630000	0.043383	0.043383
-3.620000	0.043402	0.043402
-3.610000	0.043422	0.043422
-3.600000	0.043442	0.043442
-3.590000	0.043461	0.043461
-3.580000	0.043481	0.043481
-3.570000	0.043500	0.043500
-3.560000	0.043520	0.043520
-3.550000	0.043539	0.043539
-3.540000	0.043558	0.043558
-3.530000	0.043578	0.043578
-3.520000	0.043597	0.043597
-3.510000	0.043616	0.043616
-3.500000	0.043635	0.043635
-3.490000	0.043654	0.043654
-3.480000	0.043673	0.043673
-3.470000	0.043692	0.043692
-3.460000	0.043711	0.043711
-3.450000	0.043730	0.043730
-3.440000	0.043749	0.043749
-3.430000	0.043768	0.043768
-3.420000	0.043786	0.043786
-3.410000	0.043805	0.043805
-3.400000	0.043824	0.043824
-3.390000	0.043842	0.043842
-3.380000	0.043861	0.043861
-3.370000	0.043879	0.043879
-3.360000	0.043898	0.043898
-3.350000	0.043916	0.043916
-3.340000	0.043935	0.043935
-3.330000	0.043953	0.043953
-3.320000	0.043971	0.043971
-3.310000	0.043989	0.043989
-3.300000	0.044007	0.044007
-3.290000	0.044026	0.044026
-3.280000	0.044044	0.044044
-3.270000	0.044062	0.044062
-3.260000	0.044080	0.044080
-3.250000	0.044098	0.044098
-3.240000	0.044115	0.044115
-3.230000	0.044133	0.044133
-3.220000	0.044151	0.044151
-3.210000	0.044169	0.044169
-3.200000	0.044186	0.044186
-3.190000	0.044204	0.044204
-3.180000	0.044221	0.044221
-3.170000	0.044239	0.044239
-3.160000	0.044256	0.044256
-3.150000	0.044274	0.044274
-3.140000	0.044291	0.044291
-3.130000	0.044308	0.044308
-3.120000	0.044326	0.044326
-3.110000	0.044343	0.044343
-3.100000	0.044360	0.044360
-3.090000	0.044377	0.044377
-3.080000	0.044394	0.044394
-3.070000	0.044411	0.044411
-3.060000	0.044428	0.044428
-3.050000	0.044445	0.044445
-3.040000	0.044462	0.044462
-3.030000	0.044479	0.044479
-3.020000	0.044495	0.044495
-3.010000	0.044512	0.044512
-3.000000	0.044529	0.044529
-2.990000	0.044545	0.044545
-2.980000	0.044562	0.044562
-2.970000	0.044578	0.044578
-2.960000	0.044595	0.044595
-2.950000	0.044611	0.044611
-2.940000	0.044628	0.044628
-2.930000	0.044644	0.044644
-2.920000	0.044660	0.044660
-2.910000	0.044676	0.044676
-2.900000	0.044692	0.044692
-2.890000	0.044709	0.044709
-2.880000	0.044725	0.044725
-2.870000	0.044741	0.044741
-2.860000	0.044756	0.044756
-2.850000	0.044772	0.044772
-2.840000	0.044788	0.044788
-2.830000	0.044804	0.044804
-2.820000	0.044820	0.044820
-2.810000	0.044835	0.044835
-2.800000	0.044851	0.044851
-2.790000	0.044866	0.044866
-2.780000	0.044882	0.044882
-2.770000	0.044897	0.044897
-2.760000	0.044913	0.044913
-2.750000	0.044928	0.044928
-2.740000	0.044944	0.044944
-2.730000	0.044959	0.044959
-2.720000	0.044974	0.044974
-2.710000	0.044989	0.044989
-2.700000	0.045004	0.045004
-2.690000	0.045019	0.045019
-2.680000	0.045034	0.045034
-2.670000	0.045049	0.045049
-2.660000	0.045064	0.045064
-2.650000	0.045079	0.045079
-2.640000	0.045094	0.045094
-2.630000	0.045108	0.045108
-2.620000	0.045123	0.045123
-2.610000	0.045138	0.045138
-2.600000	0.045152	0.045152
-2.590000	0.045167	0.045167
-2.580000	0.045181	0.045181
-2.570000	0.045196	0.045196
-2.560000	0.045210	0.045210
-2.550000	0.045224	0.045224
-2.540000	0.045239	0.045239
-2.530000	0.045253	0.045253
-2.520000	0.045267	0.045267
-2.510000	0.045281	0.045281
-2.500000	0.045295	0.045295
-2.490000	0.045309	0.045309
-2.480000	0.045323	0.045323
-2.470000	0.045337	0.045337
-2.460000	0.045351	0.045351
-2.450000	0.045365	0.045365
-2.440000	0.045378	0.045378
-2.430000	0.045392	0.045392
-2.420000	0.045406	0.045406
-2.410000	0.045419	0.045419
-2.400000	0.045433	0.045433
-2.390000	0.045446	0.045446
-2.380000	0.045460	0.045460
-2.370000	0.045473	0.045473
-2.360000	0.045486	0.045486
-2.350000	0.045500	0.045500
-2.340000	0.045513	0.045513
-2.330000	0.045526	0.045526
-2.320000	0.045539	0.045539
-2.310000	0.045552	0.045552
-2.300000	0.045565	0.045565
-2.290000	0.045578	0.045578
-2.280000	0.045591	0.045591
-2.270000	0.045604	0.045604
-2.260000	0.045616	0.045616
-2.250000	0.045629	0.045629
-2.240000	0.045642	0.045642
-2.230000	0.045654	0.045654
-2.220000	0.045667	0.045667
-2.210000	0.045679	0.045679
-2.200000	0.045692	0.045692
-2.190000	0.045704	0.045704
-2.180000	0.045716	0.045716
-2.170000	0.045729	0.045729
-2.160000	0.045741	0.045741
-2.150000	0.045753	0.045753
-2.140000	0.045765	0.045765
-2.130000	0.045777	0.045777
-2.120000	0.045789	0.045789
-2.110000	0.045801	0.045801
-2.100000	0.045813	0.045813
-2.090000	0.045825	0.045825
-2.080000	0.045837	0.045837
-2.070000	0.045849	0.045849
-2.060000	0.045860	0.045860
-2.050000	0.045872	0.045872
-2.040000	0.045883	0.045883
-2.030000	0.045895	0.045895
-2.020000	0.045906	0.045906
-2.010000	0.045918	0.045918
-2.000000	0.045929	0.045929
-1.990000	0.045941	0.045941
-1.980000	0.045952	0.045952
-1.970000	0.045963	0.045963
-1.960000	0.045974	0.045974
-1.950000	0.045985	0.045985
-1.940000	0.045996	0.045996
-1.930000	0.046007	0.046007
-1.920000	0.046018	0.046018
-1.910000	0.046029	0.046029
-1.900000	0.046040	0.046040
-1.890000	0.046050	0.046050
-1.880000	0.046061	0.046061
-1.870000	0.046072	0.046072
-1.860000	0.046082	0.046082
-1.850000	0.046093	0.046093
-1.840000	0.046103	0.046103
-1.830000	0.046114	0.046114
-1.820000	0.046124	0.046124
-1.810000	0.046135	0.046135
-1.800000	0.046145	0.046145
-1.790000	0.046155	0.046155
-1.780000	0.046165	0.046165
-1.770000	0.046175	0.046175
-1.760000	0.046185	0.046185
-1.750000	0.046195	0.046195
-1.740000	0.046205	0.046205
-1.730000	0.046215	0.046215
-1.720000	0.046225	0.046225
-1.710000	0.046235	0.046235
-1.700000	0.046244	0.046244
-1.690000	0.046254	0.046254
-1.680000	0.046264	0.046264
-1.670000	0.046273	0.046273
-1.660000	0.046283	0.046283
-1.650000	0.046292	0.046292
-1.640000	0.046301	0.046301
-1.630000	0.046311	0.046311
-1.620000	0.046320	0.046320
-1.610000	0.046329	0.046329
-1.600000	0.046338	0.046338
-1.590000	0.046347	0.046347
-1.580000	0.046356	0.046356
-1.570000	0.046365	0.046365
-1.560000	0.046374	0.046374
-1.550000	0.046383	0.046383
-1.540000	0.046392	0.046392
-1.530000	0.046401	0.046401
-1.520000	0.046409	0.046409
-1.510000	0.046418	0.046418
-1.500000	0.046427	0.046427
-1.490000	0.046435	0.046435
-1.480000	0.046444	0.046444
-1.470000	0.046452	0.046452
-1.460000	0.046460	0.046460
-1.450000	0.046469	0.046469
-1.440000	0.046477	0.046477
-1.430000	0.046485	0.046485
-1.420000	0.046493	0.046493
-1.410000	0.046501	0.046501
-1.400000	0.046509	0.046509
-1.390000	0.046517	0.046517
-1.380000	0.046525	0.046525
-1.370000	0.046533	0.046533
-1.360000	0.046541	0.046541
-1.350000	0.046549	0.046549
-1.340000	0.046556	0.046556
-1.330000	0.046564	0.046564
-1.320000	0.046572	0.046572
-1.310000	0.046579	0.046579
-1.300000	0.046587	0.046587
-1.290000	0.046594	0.046594
-1.280000	0.046601	0.046601
-1.270000	0.046609	0.046609
-1.260000	0.046616	0.046616
-1.250000	0.046623	0.046623
-1.240000	0.046630	0.046630
-1.230000	0.046637	0.046637
-1.220000	0.046644	0.046644
-1.210000	0.046651	0.046651
-1.200000	0.046658	0.046658
-1.190000	0.046665	0.046665
-1.180000	0.046672	0.046672
-1.170000	0.046679	0.046679
-1.160000	0.046685	0.046685
-1.150000	0.046692	0.046692
-1.140000	0.046698	0.046698
-1.130000	0.046705	0.046705
-1.120000	0.046711	0.046711
-1.110000	0.046718	0.046718
-1.100000	0.046724	0.046724
-1.090000	0.046730	0.046730
-1.080000	0.046737	0.046737
-1.070000	0.046743	0.046743
-1.060000	0.046749	0.046749
-1.050000	0.046755	0.046755
-1.040000	0.046761	0.046761
-1.030000	0.046767	0.046767
-1.020000	0.046773	0.046773
-1.010000	0.046779	0.046779
-1.000000	0.046784	0.046784
-0.990000	0.046790	0.046790
-0.980000	0.046796	0.046796
-0.970000	0.046801	0.046801
-0.960000	0.046807	0.046807
-0.950000	0.046812	0.046812
-0.940000	0.046818	0.046818
-0.930000	0.046823	0.046823
-0.920000	0.046828	0.046828
-0.910000	0.046834	0.046834
-0.900000	0.046839	0.046839
-0.890000	0.046844	0.046844
-0.880000	0.046849	0.046849
-0.870000	0.046854	0.046854
-0.860000	0.046859	0.046859
-0.850000	0.046864	0.046864
-0.840000	0.046869	0.046869
-0.830000	0.046874	0.046874
-0.820000	0.046878	0.046878
-0.810000	0.046883	0.046883
-0.800000	0.046888	0.046888
-0.790000	0.046892	0.046892
-0.780000	0.046897	0.046897
-0.770000	0.046901	0.046901
-0.760000	0.046906	0.046906
-0.750000	0.046910	0.046910
-0.740000	0.046914	0.046914
-0.730000	0.046918	0.046918
-0.720000	0.046923	0.046923
-0.710000	0.046927	0.046927
-0.700000	0.046931	0.046931
-0.690000	0.046935	0.046935
-0.680000	0.046939	0.046939
-0.670000	0.046943	0.046943
-0.660000	0.046946	0.046946
-0.650000	0.046950	0.046950
-0.640000	0.046954	0.046954
-0.630000	0.046958	0.046958
-0.620000	0.046961	0.046961
-0.610000	0.046965	0.046965
-0.600000	0.046968	0.046968
-0.590000	0.046972	0.046972
-0.580000	0.046975	0.046975
-0.570000	0.046978	0.046978
-0.560000	0.046982	0.046982
-0.550000	0.046985	0.046985
-0.540000	0.046988	0.046988
-0.530000	0.046991	0.046991
-0.520000	0.046994	0.046994
-0.510000	0.046997	0.046997
-0.500000	0.047000	0.047000
-0.490000	0.047003	0.047003
-0.480000	0.047005	0.047005
-0.470000	0.047008	0.047008
-0.460000	0.047011	0.047011
-0.450000	0.047013	0.047013
-0.440000	0.047016	0.047016
-0.430000	0.047019	0.047019
-0.420000	0.047021	0.047021
-0.410000	0.047023	0.047023
-0.400000	0.047026	0.047026
-0.390000	0.047028	0.047028
-0.380000	0.047030	0.047030
-0.370000	0.047032	0.047032
-0.360000	0.047034	0.047034
-0.350000	0.047037	0.047037
-0.340000	0.047039	0.047039
-0.330000	0.047040	0.047040
-0.320000	0.047042	0.047042
-0.310000	0.047044	0.047044
-0.300000	0.047046	0.047046
-0.290000	0.047048	0.047048
-0.280000	0.047049	0.047049
-0.270000	0.047051	0.047051
-0.260000	0.047052	0.047052
-0.250000	0.047054	0.047054
-0.240000	0.047055	0.047055
-0.230000	0.047057	0.047057
-0.220000	0.047058	0.047058
-0.210000	0.047059	0.047059
-0.200000	0.047060	0.047060
-0.190000	0.047061	0.047061
-0.180000	0.047062	0.047062
-0.170000	0.047063	0.047063
-0.160000	0.047064	0.047064
-0.150000	0.047065	0.047065
-0.140000	0.047066	0.047066
-0.130000	0.047067	0.047067
-0.120000	0.047068	0.047068
-0.110000	0.047068	0.047068
-0.100000	0.047069	0.047069
-0.090000	0.047069	0.047069
-0.080000	0.047070	0.047070
-0.070000	0.047070	0.047070
-0.060000	0.047071	0.047071
-0.050000	0.047071	0.047071
-0.040000	0.047071	0.047071
-0.030000	0.047072	0.047072
-0.020000	0.047072	0.047072
-0.010000	0.047072	0.047072
-0.000000	0.047072	0.047072
0.010000	0.047072	0.047072
0.020000	0.047072	0.047072
0.030000	0.047072	0.047072
0.040000	0.047071	0.047071
0.050000	0.047071	0.047071
0.060000	0.047071	0.047071
0.070000	0.047070	0.047070
0.080000	0.047070	0.047070
0.090000	0.047069	0.047069
0.100000	0.047069	0.047069
0.110000	0.047068	0.047068
0.120000	0.047068	0.047068
0.130000	0.047067	0.047067
0.140000	0.047066	0.047066
0.150000	0.047065	0.047065
0.160000	0.047064	0.047064
0.170000	0.047063	0.047063
0.180000	0.047062	0.047062
0.190000	0.047061	0.047061
0.200000	0.047060	0.047060
0.210000	0.047059	0.047059
0.220000	0.047058	0.047058
0.230000	0.047057	0.047057
0.240000	0.047055	0.047055
0.250000	0.047054	0.047054
0.260000	0.047052	0.047052
0.270000	0.047051	0.047051
0.280000	0.047049	0.047049
0.290000	0.047048	0.047048
0.300000	0.047046	0.047046
0.310000	0.047044	0.047044
0.320000	0.047042	0.047042
0.330000	0.047040	0.047040
0.340000	0.047039	0.047039
0.350000	0.047037	0.047037
0.360000	0.047034	0.047034
0.370000	0.047032	0.047032
0.380000	0.047030	0.047030
0.390000	0.047028	0.047028
0.400000	0.047026	0.047026
0.410000	0.047023	0.047023
0.420000	0.047021	0.047021
0.430000	0.047019	0.047019
0.440000	0.047016	0.047016
0.450000	0.047013	0.047013
0.460000	0.047011	0.047011
0.470000	0.047008	0.047008
0.480000	0.047005	0.047005
0.490000	0.047003	0.047003
0.500000	0.047000	0.047000
0.510000	0.046997	0.046997
0.520000	0.046994	0.046994
0.530000	0.046991	0.046991
0.540000	0.046988	0.046988
0.550000	0.046985	0.046985
0.560000	0.046982	0.046982
0.570000	0.046978	0.046978
0.580000	0.046975	0.046975
0.590000	0.046972	0.046972
0.600000	0.046968	0.046968
0.610000	0.046965	0.046965
0.620000	0.046961	0.046961
0.630000	0.046958	0.046958
0.640000	0.046954	0.046954
0.650000	0.046950	0.046950
0.660000	0.046946	0.046946
0.670000	0.046943	0.046943
0.680000	0.046939	0.046939
0.690000	0.046935	0.046935
0.700000	0.046931	0.046931
0.710000	0.046927	0.046927
0.720000	0.046923	0.046923
0.730000	0.046918	0.046918
0.740000	0.046914	0.046914
0.750000	0.046910	0.046910
0.760000	0.046906	0.046906
0.770000	0.046901	0.046901
0.780000	0.046897	0.046897
0.790000	0.046892	0.046892
0.800000	0.046888	0.046888
0.810000	0.046883	0.046883
0.820000	0.046878	0.046878
0.830000	0.046874	0.046874
0.840000	0.046869	0.046869
0.850000	0.046864	0.046864
0.860000	0.046859	0.046859
0.870000	0.046854	0.046854
0.880000	0.046849	0.046849
0.890000	0.046844	0.046844
0.900000	0.046839	0.046839
0.910000	0.046834	0.046834
0.920000	0.046828	0.046828
0.930000	0.046823	0.046823
0.940000	0.046818	0.046818
0.950000	0.046812	0.046812
0.960000	0.046807	0.046807
0.970000	0.046801	0.046801
0.980000	0.046796	0.046796
0.990000	0.046790	0.046790
1.000000	0.046784	0.046784
1.010000	0.046779	0.046779
1.020000	0.046773	0.046773
1.030000	0.046767	0.046767
1.040000	0.046761	0.046761
1.050000	0.046755	0.046755
1.060000	0.046749	0.046749
1.070000	0.046743	0.046743
1.080000	0.046737	0.046737
1.090000	0.046730	0.046730
1.100000	0.046724	0.046724
1.110000	0.046718	0.046718
1.120000	0.046711	0.046711
1.130000	0.046705	0.046705
1.140000	0.046698	0.046698
1.150000	0.046692	0.046692
1.160000	0.046685	0.046685
1.170000	0.046679	0.046679
1.180000	0.046672	0.046672
1.190000	0.046665	0.046665
1.200000	0.046658	0.046658
1.210000	0.046651	0.046651
1.220000	0.046644	0.046644
1.230000	0.046637	0.046637
1.240000	0.046630	0.046630
1.250000	0.046623	0.046623
1.260000	0.046616	0.046616
1.270000	0.046609	0.046609
1.280000	0.046601	0.046601
1.290000	0.046594	0.046594
1.300000	0.046587	0.046587
1.310000	0.046579	0.046579
1.320000	0.046572	0.046572
1.330000	0.046564	0.046564
1.340000	0.046556	0.046556
1.350000	0.046549	0.046549
1.360000	0.046541	0.046541
1.370000	0.046533	0.046533
1.380000	0.046525	0.046525
1.390000	0.046517	0.046517
1.400000	0.046509	0.046509
1.410000	0.046501	0.046501
1.420000	0.046493	0.046493
1.430000	0.046485	0.046485
1.440000	0.046477	0.046477
1.450000	0.046469	0.046469
1.460000	0.046460	0.046460
1.470000	0.046452	0.046452
1.480000	0.046444	0.046444
1.490000	0.046435	0.046435
1.500000	0.046427	0.046427
1.510000	0.046418	0.046418
1.520000	0.046409	0.046409
1.530000	0.046401	0.046401
1.540000	0.046392	0.046392
1.550000	0.046383	0.046383
1.560000	0.046374	0.046374
1.570000	0.046365	0.046365
1.580000	0.046356	0.046356
1.590000	0.046347	0.046347
1.600000	0.046338	0.046338
1.610000	0.046329	0.046329
1.620000	0.046320	0.046320
1.630000	0.046311	0.046311
1.640000	0.046301	0.046301
1.650000	0.046292	0.046292
1.660000	0.046283	0.046283
1.670000	0.046273	0.046273
1.680000	0.046264	0.046264
1.690000	0.046254	0.046254
1.700000	0.046244	0.046244
1.710000	0.046235	0.046235
1.720000	0.046225	0.046225
1.730000	0.046215	0.046215
1.740000	0.046205	0.046205
1.750000	0.046195	0.046195
1.760000	0.046185	0.046185
1.770000	0.046175	0.046175
1.780000	0.046165	0.046165
1.790000	0.046155	0.046155
1.800000	0.046145	0.046145
1.810000	0.046135	0.046135
1.820000	0.046124	0.046124
1.830000	0.046114	0.046114
1.840000	0.046103	0.046103
1.850000	0.046093	0.046093
1.860000	0.046082	0.046082
1.870000	0.046072	0.046072
1.880000	0.046061	0.046061
1.890000	0.046050	0.046050
1.900000	0.046040	0.046040
1.910000	0.046029	0.046029
1.920000	0.046018	0.046018
1.930000	0.046007	0.046007
1.940000	0.045996	0.045996
1.950000	0.045985	0.045985
1.960000	0.045974	0.045974
1.970000	0.045963	0.045963
1.980000	0.045952	0.045952
1.990000	0.045941	0.045941
2.000000	0.045929	0.045929
2.010000	0.045918	0.045918
2.020000	0.045906	0.045906
2.030000	0.045895	0.045895
2.040000	0.045883	0.045883
2.050000	0.045872	0.045872
2.060000	0.045860	0.045860
2.070000	0.045849	0.045849
2.080000	0.045837	0.045837
2.090000	0.045825	0.045825
2.100000	0.045813	0.045813
2.110000	0.045801	0.045801
2.120000	0.045789	0.045789
2.130000	0.045777	0.045777
2.140000	0.045765	0.045765
2.150000	0.045753	0.045753
2.160000	0.045741	0.045741
2.170000	0.045729	0.045729
2.180000	0.045716	0.045716
2.190000	0.045704	0.045704
2.200000	0.045692	0.045692
2.210000	0.045679	0.045679
2.220000	0.045667	0.045667
2.230000	0.045654	0.045654
2.240000	0.045642	0.045642
2.250000	0.045629	0.045629
2.260000	0.045616	0.045616
2.270000	0.045604	0.045604
2.280000	0.045591	0.045591
2.290000	0.045578	0.045578
2.300000	0.045565	0.045565
2.310000	0.045552	0.045552
2.320000	0.045539	0.045539
2.330000	0.045526	0.045526
2.340000	0.045513	0.045513
2.350000	0.045500	0.045500
2.360000	0.045486	0.045486
2.370000	0.045473	0.045473
2.380000	0.045460	0.045460
2.390000	0.045446	0.045446
2.400000	0.045433	0.045433
2.410000	0.045419	0.045419
2.420000	0.045406	0.045406
2.430000	0.045392	0.045392
2.440000	0.045378	0.045378
2.450000	0.045365	0.045365
2.460000	0.045351	0.045351
2.470000	0.045337	0.045337
2.480000	0.045323	0.045323
2.490000	0.045309	0.045309
2.500000	0.045295	0.045295
2.510000	0.045281	0.045281
2.520000	0.045267	0.045267
2.530000	0.045253	0.045253
2.540000	0.045239	0.045239
2.550000	0.045224	0.045224
2.560000	0.045210	0.045210
2.570000	0.045196	0.045196
2.580000	0.045181	0.045181
2.590000	0.045167	0.045167
2.600000	0.045152	0.045152
2.610000	0.045138	0.045138
2.620000	0.045123	0.045123
2.630000	0.045108	0.045108
2.640000	0.045094	0.045094
2.650000	0.045079	0.045079
2.660000	0.045064	0.045064
2.670000	0.045049	0.045049
2.680000	0.045034	0.045034
2.690000	0.045019	0.045019
2.700000	0.045004	0.045004
2.710000	0.044989	0.044989
2.720000	0.044974	0.044974
2.730000	0.044959	0.044959
2.740000	0.044944	0.044944
2.750000	0.044928	0.044928
2.760000	0.044913	0.044913
2.770000	0.044897	0.044897
2.780000	0.044882	0.044882
2.790000	0.044866	0.044866
2.800000	0.044851	0.044851
2.810000	0.044835	0.044835
2.820000	0.044820	0.044820
2.830000	0.044804	0.044804
2.840000	0.044788	0.044788
2.850000	0.044772	0.044772
2.860000	0.044756	0.044756
2.870000	0.044741	0.044741
2.880000	0.044725	0.044725
2.890000	0.044709	0.044709
2.900000	0.044692	0.044692
2.910000	0.044676	0.044676
2.920000	0.044660	0.044660
2.930000	0.044644	0.044644
2.940000	0.044628	0.044628
2.950000	0.044611	0.044611
2.960000	0.044595	0.044595
2.970000	0.044578	0.044578
2.980000	0.044562	0.044562
2.990000	0.044545	0.044545
3.000000	0.044529	0.044529
3.010000	0.044512	0.044512
3.020000	0.044495	0.044495
3.030000	0.044479	0.044479
3.040000	0.044462	0.044462
3.050000	0.044445	0.044445
3.060000	0.044428	0.044428
3.070000	0.044411	0.044411
3.080000	0.044394	0.044394
3.090000	0.044377	0.044377
3.100000	0.044360	0.044360
3.110000	0.044343	0.044343
3.120000	0.044326	0.044326
3.130000	0.044308	0.044308
3.140000	0.044291	0.044291
3.150000	0.044274	0.044274
3.160000	0.044256	0.044256
3.170000	0.044239	0.044239
3.180000	0.044221	0.044221
3.190000	0.044204	0.044204
3.200000	0.044186	0.044186
3.210000	0.044169	0.044169
3.220000	0.044151	0.044151
3.230000	0.044133	0.044133
3.240000	0.044115	0.044115
3.250000	0.044098	0.044098
3.260000	0.044080	0.044080
3.270000	0.044062	0.044062
3.280000	0.044044	0.044044
3.290000	0.044026	0.044026
3.300000	0.044007	0.044007
3.310000	0.043989	0.043989
3.320000	0.043971	0.043971
3.330000	0.043953	0.043953
3.340000	0.043935	0.043935
3.350000	0.043916	0.043916
3.360000	0.043898	0.043898
3.370000	0.043879	0.043879
3.380000	0.043861	0.043861
3.390000	0.043842	0.043842
3.400000	0.043824	0.043824
3.410000	0.043805	0.043805
3.420000	0.043786	0.043786
3.430000	0.043768	0.043768
3.440000	0.043749	0.043749
3.450000	0.043730	0.043730
3.460000	0.043711	0.043711
3.470000	0.043692	0.043692
3.480000	0.043673	0.043673
3.490000	0.043654	0.043654
3.500000	0.043635	0.043635
3.510000	0.043616	0.043616
3.520000	0.043597	0.043597
3.530000	0.043578	0.043578
3.540000	0.043558	0.043558
3.550000	0.043539	0.043539
3.560000	0.043520	0.043520
3.570000	0.043500	0.043500
3.580000	0.043481	0.043481
3.590000	0.043461	0.043461
3.600000	0.043442	0.043442
3.610000	0.043422	0.043422
3.620000	0.043402	0.043402
3.630000	0.043383	0.043383
3.640000	0.043363	0.043363
3.650000	0.043343	0.043343
3.660000	0.043323	0.043323
3.670000	0.043303	0.043303
3.680000	0.043283	0.043283
3.690000	0.043263	0.043263
3.700000	0.043243	0.043243
3.710000	0.043223	0.043223
3.720000	0.043203	0.043203
3.730000	0.043183	0.043183
3.740000	0.043163	0.043163
3.750000	0.043142	0.043142
3.760000	0.043122	0.043122
3.770000	0.043102	0.043102
3.780000	0.043081	0.043081
3.790000	0.043061	0.043061
3.800000	0.043040	0.043040
3.810000	0.043020	0.043020
3.820000	0.042999	0.042999
3.830000	0.042978	0.042978
3.840000	0.042958	0.042958
3.850000	0.042937	0.042937
3.860000	0.042916	0.042916
3.870000	0.042895	0.042895
3.880000	0.042874	0.042874
3.890000	0.042854	0.042854
3.900000	0.042833	0.042833
3.910000	0.042811	0.042811
3.920000	0.042790	0.042790
3.930000	0.042769	0.042769
3.940000	0.042748	0.042748
3.950000	0.042727	0.042727
3.960000	0.042706	0.042706
3.970000	0.042684	0.042684
3.980000	0.042663	0.042663
3.990000	0.042642	0.042642
4.000000	0.042620	0.042620
4.010000	0.042599	0.042599
4.020000	0.042577	0.042577
4.030000	0.042556	0.042556
4.040000	0.042534	0.042534
4.050000	0.042512	0.042512
4.060000	0.042491	0.042491
4.070000	0.042469	0.042469
4.080000	0.042447	0.042447
4.090000	0.042425	0.042425
4.100000	0.042403	0.042403
4.110000	0.042381	0.042381
4.120000	0.042359	0.042359
4.130000	0.042337	0.042337
4.140000	0.042315	0.042315
4.150000	0.042293	0.042293
4.160000	0.042271	0.042271
4.170000	0.042249	0.042249
4.180000	0.042226	0.042226
4.190000	0.042204	0.042204
4.200000	0.042182	0.042182
4.210000	0.042159	0.042159
4.220000	0.042137	0.042137
4.230000	0.042114	0.042114
4.240000	0.042092	0.042092
4.250000	0.042069	0.042069
4.260000	0.042047	0.042047
4.270000	0.042024	0.042024
4.280000	0.042001	0.042001
4.290000	0.041979	0.041979
4.300000	0.041956	0.041956
4.310000	0.041933	0.041933
4.320000	0.041910	0.041910
4.330000	0.041887	0.041887
4.340000	0.041864	0.041864
4.350000	0.041841	0.041841
4.360000	0.041818	0.041818
4.370000	0.041795	0.041795
4.380000	0.041772	0.041772
4.390000	0.041749	0.041749
4.400000	0.041725	0.041725
4.410000	0.041702	0.041702
4.420000	0.041679	0.041679
4.430000	0.041656	0.041656
4.440000	0.041632	0.041632
4.450000	0.041609	0.041609
4.460000	0.041585	0.041585
4.470000	0.041562	0.041562
4.480000	0.041538	0.041538
4.490000	0.041514	0.041514
4.500000	0.041491	0.041491
4.510000	0.041467	0.041467
4.520000	0.041443	0.041443
4.530000	0.041420	0.041420
4.540000	0.041396	0.041396
4.550000	0.041372	0.041372
4.560000	0.041348	0.041348
4.570000	0.041324	0.041324
4.580000	0.041300	0.041300
4.590000	0.041276	0.041276
4.600000	0.041252	0.041252
4.610000	0.041228	0.041228
4.620000	0.041204	0.041204
4.630000	0.041179	0.041179
4.640000	0.041155	0.041155
4.650000	0.041131	0.041131
4.660000	0.041107	0.041107
4.670000	0.041082	0.041082
4.680000	0.041058	0.041058
4.690000	0.041033	0.041033
4.700000	0.041009	0.041009
4.710000	0.040984	0.040984
4.720000	0.040960	0.040960
4.730000	0.040935	0.040935
4.740000	0.040910	0.040910
4.750000	0.040886	0.040886
4.760000	0.040861	0.040861
4.770000	0.040836	0.040836
4.780000	0.040811	0.040811
4.790000	0.040786	0.040786
4.800000	0.040762	0.040762
4.810000	0.040737	0.040737
4.820000	0.040712	0.040712
4.830000	0.040687	0.040687
4.840000	0.040661	0.040661
4.850000	0.040636	0.040636
4.860000	0.040611	0.040611
4.870000	0.040586	0.040586
4.880000	0.040561	0.040561
4.890000	0.040536	0.040536
4.900000	0.040510	0.040510
4.910000	0.040485	0.040485
4.920000	0.040459	0.040459
4.930000	0.040434	0.040434
4.940000	0.040409	0.040409
4.950000	0.040383	0.040383
4.960000	0.040357	0.040357
4.970000	0.040332	0.040332
4.980000	0.040306	0.040306
4.990000	0.040281	0.040281
5.000000	0.040255	0.040255
5.010000	0.040229	0.040229
5.020000	0.040203	0.040203
5.030000	0.040178	0.040178
5.040000	0.040152	0.040152
5.050000	0.040126	0.040126
5.060000	0.040100	0.040100
5.070000	0.040074	0.040074
5.080000	0.040048	0.040048
5.090000	0.040022	0.040022
5.100000	0.039996	0.039996
5.110000	0.039970	0.039970
5.120000	0.039943	0.039943
5.130000	0.039917	0.039917
5.140000	0.039891	0.039891
5.150000	0.039865	0.039865
5.160000	0.039838	0.039838
5.170000	0.039812	0.039812
5.180000	0.039785	0.039785
5.190000	0.039759	0.039759
5.200000	0.039733	0.039733
5.210000	0.039706	0.039706
5.220000	0.039679	0.039679
5.230000	0.039653	0.039653
5.240000	0.039626	0.039626
5.250000	0.039600	0.039600
5.260000	0.039573	0.039573
5.270000	0.039546	0.039546
5.280000	0.039519	0.039519
5.290000	0.039493	0.039493
5.300000	0.039466	0.039466
5.310000	0.039439	0.039439
5.320000	0.039412	0.039412
5.330000	0.039385	0.039385
5.340000	0.039358	0.039358
5.350000	0.039331	0.039331
5.360000	0.039304	0.039304
5.370000	0.039277	0.039277
5.380000	0.039250	0.039250
5.390000	0.039222	0.039222
5.400000	0.039195	0.039195
5.410000	0.039168	0.039168
5.420000	0.039141	0.039141
5.430000	0.039113	0.039113
5.440000	0.039086	0.039086
5.450000	0.039058	0.039058
5.460000	0.039031	0.039031
5.470000	0.039004	0.039004
5.480000	0.038976	0.038976
5.490000	0.038949	0.038949
5.500000	0.038921	0.038921
5.510000	0.038893	0.038893
5.520000	0.038866	0.038866
5.530000	0.038838	0.038838
5.540000	0.038810	0.038810
5.550000	0.038783	0.038783
5.560000	0.038755	0.038755
5.570000	0.038727	0.038727
5.580000	0.038699	0.038699
5.590000	0.038671	0.038671
5.600000	0.038643	0.038643
5.610000	0.038615	0.038615
5.620000	0.038587	0.038587
5.630000	0.038559	0.038559
5.640000	0.038531	0.038531
5.650000	0.038503	0.038503
5.660000	0.038475	0.038475
5.670000	0.038447	0.038447
5.680000	0.038419	0.038419
5.690000	0.038390	0.038390
5.700000	0.038362	0.038362
5.710000	0.038334	0.038334
5.720000	0.038305	0.038305
5.730000	0.038277	0.038277
5.740000	0.038249	0.038249
5.750000	0.038220	0.038220
5.760000	0.038192	0.038192
5.770000	0.038163	0.038163
5.780000	0.038135	0.038135
5.790000	0.038106	0.038106
5.800000	0.038077	0.038077
5.810000	0.038049	0.038049
5.820000	0.038020	0.038020
5.830000	0.037991	0.037991
5.840000	0.037963	0.037963
5.850000	0.037934	0.037934
5.860000	0.037905	0.037905
5.870000	0.037876	0.037876
5.880000	0.037847	0.037847
5.890000	0.037818	0.037818
5.900000	0.037790	0.037790
5.910000	0.037761	0.037761
5.920000	0.037732	0.037732
5.930000	0.037703	0.037703
5.940000	0.037673	0.037673
5.950000	0.037644	0.037644
5.960000	0.037615	0.037615
5.970000	0.037586	0.037586
5.980000	0.037557	0.037557
5.990000	0.037528	0.037528
6.000000	0.037498	0.037498
6.010000	0.037469	0.037469
6.020000	0.037440	0.037440
6.030000	0.037410	0.037410
6.040000	0.037381	0.037381
6.050000	0.037352	0.037352
6.060000	0.037322	0.037322
6.070000	0.037293	0.037293
6.080000	0.037263	0.037263
6.090000	0.037234	0.037234
6.100000	0.037204	0.037204
6.110000	0.037175	0.037175
6.120000	0.037145	0.037145
6.130000	0.037115	0.037115
6.140000	0.037086	0.037086
6.150000	0.037056	0.037056
6.160000	0.037026	0.037026
6.170000	0.036996	0.036996
6.180000	0.036967	0.036967
6.190000	0.036937	0.036937
6.200000	0.036907	0.036907
6.210000	0.036877	0.036877
6.220000	0.036847	0.036847
6.230000	0.036817	0.036817
6.240000	0.036787	0.036787
6.250000	0.036757	0.036757
6.260000	0.036727	0.036727
6.270000	0.036697	0.036697
6.280000	0.036667	0.036667
6.290000	0.036637	0.036637
6.300000	0.036607	0.036607
6.310000	0.036576	0.036576
6.320000	0.036546	0.036546
6.330000	0.036516	0.036516
6.340000	0.036486	0.036486
6.350000	0.036455	0.036455
6.360000	0.036425	0.036425
6.370000	0.036395	0.036395
6.380000	0.036364	0.036364
6.390000	0.036334	0.036334
6.400000	0.036303	0.036303
6.410000	0.036273	0.036273
6.420000	0.036242	0.036242
6.430000	0.036212	0.036212
6.440000	0.036181	0.036181
6.450000	0.036151	0.036151
6.460000	0.036120	0.036120
6.470000	0.036089	0.036089
6.480000	0.036059	0.036059
6.490000	0.036028	0.036028
6.500000	0.035997	0.035997
6.510000	0.035967	0.035967
6.520000	0.035936	0.035936
6.530000	0.035905	0.035905
6.540000	0.035874	0.035874
6.550000	0.035843	0.035843
6.560000	0.035812	0.035812
6.570000	0.035782	0.035782
6.580000	0.035751	0.035751
6.590000	0.035720	0.035720
6.600000	0.035689	0.035689
6.610000	0.035658	0.035658
6.620000	0.035627	0.035627
6.630000	0.035596	0.035596
6.640000	0.035564	0.035564
6.650000	0.035533	0.035533
6.660000	0.035502	0.035502
6.670000	0.035471	0.035471
6.680000	0.035440	0.035440
6.690000	0.035409	0.035409
6.700000	0.035377	0.035377
6.710000	0.035346	0.035346
6.720000	0.035315	0.035315
6.730000	0.035283	0.035283
6.740000	0.035252	0.035252
6.750000	0.035221	0.035221
6.760000	0.035189	0.035189
6.770000	0.035158	0.035158
6.780000	0.035127	0.035127
6.790000	0.035095	0.035095
6.800000	0.035064	0.035064
6.810000	0.035032	0.035032
6.820000	0.035000	0.035000
6.830000	0.034969	0.034969
6.840000	0.034937	0.034937
6.850000	0.034906	0.034906
6.860000	0.034874	0.034874
6.870000	0.034842	0.034842
6.880000	0.034811	0.034811
6.890000	0.034779	0.034779
6.900000	0.034747	0.034747
6.910000	0.034716	0.034716
6.920000	0.034684	0.034684
6.930000	0.034652	0.034652
6.940000	0.034620	0.034620
6.950000	0.034588	0.034588
6.960000	0.034556	0.034556
6.970000	0.034524	0.034524
6.980000	0.034493	0.034493
6.990000	0.034461	0.034461
7.000000	0.034429	0.034429
7.010000	0.034397	0.034397
7.020000	0.034365	0.034365
7.030000	0.034333	0.034333
7.040000	0.034301	0.034301
7.050000	0.034268	0.034268
7.060000	0.034236	0.034236
7.070000	0.034204	0.034204
7.080000	0.034172	0.034172
7.090000	0.034140	0.034140
7.100000	0.034108	0.034108
7.110000	0.034076	0.034076
7.120000	0.034043	0.034043
7.130000	0.034011	0.034011
7.140000	0.033979	0.033979
7.150000	0.033946	0.033946
7.160000	0.033914	0.033914
7.170000	0.033882	0.033882
7.180000	0.033849	0.033849
7.190000	0.033817	0.033817
7.200000	0.033785	0.033785
7.210000	0.033752	0.033752
7.220000	0.033720	0.033720
7.230000	0.033687	0.033687
7.240000	0.033655	0.033655
7.250000	0.033622	0.033622
7.260000	0.033590	0.033590
7.270000	0.033557	0.033557
7.280000	0.033525	0.033525
7.290000	0.033492	0.033492
7.300000	0.033460	0.033460
7.310000	0.033427	0.033427
7.320000	0.033394	0.033394
7.330000	0.033362	0.033362
7.340000	0.033329	0.033329
7.350000	0.033296	0.033296
7.360000	0.033264	0.033264
7.370000	0.033231	0.033231
7.380000	0.033198	0.033198
7.390000	0.033165	0.033165
7.400000	0.033132	0.033132
7.410000	0.033100	0.033100
7.420000	0.033067	0.033067
7.430000	0.033034	0.033034
7.440000	0.033001	0.033001
7.450000	0.032968	0.032968
7.460000	0.032935	0.032935
7.470000	0.032902	0.032902
7.480000	0.032869	0.032869
7.490000	0.032836	0.032836
7.500000	0.032803	0.032803
7.510000	0.032770	0.032770
7.520000	0.032737	0.032737
7.530000	0.032704	0.032704
7.540000	0.032671	0.032671
7.550000	0.032638	0.032638
7.560000	0.032605	0.032605
7.570000	0.032572	0.032572
7.580000	0.032539	0.032539
7.590000	0.032506	0.032506
7.600000	0.032473	0.032473
7.610000	0.032440	0.032440
7.620000	0.032406	0.032406
7.630000	0.032373	0.032373
7.640000	0.032340	0.032340
7.650000	0.032307	0.032307
7.660000	0.032273	0.032273
7.670000	0.032240	0.032240
7.680000	0.032207	0.032207
7.690000	0.032174	0.032174
7.700000	0.032140	0.032140
7.710000	0.032107	0.032107
7.720000	0.032074	0.032074
7.730000	0.032040	0.032040
7.740000	0.032007	0.032007
7.750000	0.031973	0.031973
7.760000	0.031940	0.031940
7.770000	0.031907	0.031907
7.780000	0.031873	0.031873
7.790000	0.031840	0.031840
7.800000	0.031806	0.031806
7.810000	0.031773	0.031773
7.820000	0.031739	0.031739
7.830000	0.031706	0.031706
7.840000	0.031672	0.031672
7.850000	0.031639	0.031639
7.860000	0.031605	0.031605
7.870000	0.031571	0.031571
7.880000	0.031538	0.031538
7.890000	0.031504	0.031504
7.900000	0.031471	0.031471
7.910000	0.031437	0.031437
7.920000	0.031403	0.031403
7.930000	0.031370	0.031370
7.940000	0.031336	0.031336
7.950000	0.031302	0.031302
7.960000	0.031269	0.031269
7.970000	0.031235	0.031235
7.980000	0.031201	0.031201
7.990000	0.031167	0.031167
8.000000	0.031134	0.031134
8.010000	0.031100	0.031100
8.020000	0.031066	0.031066
8.030000	0.031032	0.031032
8.040000	0.030999	0.030999
8.050000	0.030965	0.030965
8.060000	0.030931	0.030931
8.070000	0.030897	0.030897
8.080000	0.030863	0.030863
8.090000	0.030829	0.030829
8.100000	0.030795	0.030795
8.110000	0.030762	0.030762
8.120000	0.030728	0.030728
8.130000	0.030694	0.030694
8.140000	0.030660	0.030660
8.150000	0.030626	0.030626
8.160000	0.030592	0.030592
8.170000	0.030558	0.030558
8.180000	0.030524	0.030524
8.190000	0.030490	0.030490
8.200000	0.030456	0.030456
8.210000	0.030422	0.030422
8.220000	0.030388	0.030388
8.230000	0.030354	0.030354
8.240000	0.030320	0.030320
8.250000	0.030286	0.030286
8.260000	0.030252	0.030252
8.270000	0.030218	0.030218
8.280000	0.030184	0.030184
8.290000	0.030149	0.030149
8.300000	0.030115	0.030115
8.310000	0.030081	0.030081
8.320000	0.030047	0.030047
8.330000	0.030013	0.030013
8.340000	0.029979	0.029979
8.350000	0.029945	0.029945
8.360000	0.029911	0.029911
8.370000	0.029876	0.029876
8.380000	0.029842	0.029842
8.390000	0.029808	0.029808
8.400000	0.029774	0.029774
8.410000	0.029740	0.029740
8.420000	0.029705	0.029705
8.430000	0.029671	0.029671
8.440000	0.029637	0.029637
8.450000	0.029603	0.029603
8.460000	0.029568	0.029568
8.470000	0.029534	0.029534
8.480000	0.029500	0.029500
8.490000	0.029466	0.029466
8.500000	0.029431	0.029431
8.510000	0.029397	0.029397
8.520000	0.029363	0.029363
8.530000	0.029328	0.029328
8.540000	0.029294	0.029294
8.550000	0.029260	0.029260
8.560000	0.029225	0.029225
8.570000	0.029191	0.029191
8.580000	0.029157	0.029157
8.590000	0.029122	0.029122
8.600000	0.029088	0.029088
8.610000	0.029054	0.029054
8.620000	0.029019	0.029019
8.630000	0.028985	0.028985
8.640000	0.028950	0.028950
8.650000	0.028916	0.028916
8.660000	0.028882	0.028882
8.670000	0.028847	0.028847
8.680000	0.028813	0.028813
8.690000	0.028778	0.028778
8.700000	0.028744	0.028744
8.710000	0.028710	0.028710
8.720000	0.028675	0.028675
8.730000	0.028641	0.028641
8.740000	0.028606	0.028606
8.750000	0.028572	0.028572
8.760000	0.028537	0.028537
8.770000	0.028503	0.028503
8.780000	0.028468	0.028468
8.790000	0.028434	0.028434
8.800000	0.028399	0.028399
8.810000	0.028365	0.028365
8.820000	0.028330	0.028330
8.830000	0.028296	0.028296
8.840000	0.028261	0.028261
8.850000	0.028227	0.028227
8.860000	0.028192	0.028192
8.870000	0.028158	0.028158
8.880000	0.028123	0.028123
8.890000	0.028089	0.028089
8.900000	0.028054	0.028054
8.910000	0.028020	0.028020
8.920000	0.027985	0.027985
8.930000	0.027951	0.027951
8.940000	0.027916	0.027916
8.950000	0.027881	0.027881
8.960000	0.027847	0.027847
8.970000	0.027812	0.027812
8.980000	0.027778	0.027778
8.990000	0.027743	0.027743
9.000000	0.027709	0.027709
9.010000	0.027674	0.027674
9.020000	0.027639	0.027639
9.030000	0.027605	0.027605
9.040000	0.027570	0.027570
9.050000	0.027536	0.027536
9.060000	0.027501	0.027501
9.070000	0.027466	0.027466
9.080000	0.027432	0.027432
9.090000	0.027397	0.027397
9.100000	0.027363	0.027363
9.110000	0.027328	0.027328
9.120000	0.027293	0.027293
9.130000	0.027259	0.027259
9.140000	0.027224	0.027224
9.150000	0.027190	0.027190
9.160000	0.027155	0.027155
9.170000	0.027120	0.027120
9.180000	0.027086	0.027086
9.190000	0.027051	0.027051
9.200000	0.027017	0.027017
9.210000	0.026982	0.026982
9.220000	0.026947	0.026947
9.230000	0.026913	0.026913
9.240000	0.026878	0.026878
9.250000	0.026843	0.026843
9.260000	0.026809	0.026809
9.270000	0.026774	0.026774
9.280000	0.026740	0.026740
9.290000	0.026705	0.026705
9.300000	0.026670	0.026670
9.310000	0.026636	0.026636
9.320000	0.026601	0.026601
9.330000	0.026566	0.026566
9.340000	0.026532	0.026532
9.350000	0.026497	0.026497
9.360000	0.026463	0.026463
9.370000	0.026428	0.026428
9.380000	0.026393	0.026393
9.390000	0.026359	0.026359
9.400000	0.026324	0.026324
9.410000	0.026289	0.026289
9.420000	0.026255	0.026255
9.430000	0.026220	0.026220
9.440000	0.026186	0.026186
9.450000	0.026151	0.026151
9.460000	0.026116	0.026116
9.470000	0.026082	0.026082
9.480000	0.026047	0.026047
9.490000	0.026012	0.026012
9.500000	0.025978	0.025978
9.510000	0.025943	0.025943
9.520000	0.025909	0.025909
9.530000	0.025874	0.025874
9.540000	0.025839	0.025839
9.550000	0.025805	0.025805
9.560000	0.025770	0.025770
9.570000	0.025736	0.025736
9.580000	0.025701	0.025701
9.590000	0.025666	0.025666
9.600000	0.025632	0.025632
9.610000	0.025597	0.025597
9.620000	0.025563	0.025563
9.630000	0.025528	0.025528
9.640000	0.025493	0.025493
9.650000	0.025459	0.025459
9.660000	0.025424	0.025424
9.670000	0.025390	0.025390
9.680000	0.025355	0.025355
9.690000	0.025321	0.025321
9.700000	0.025286	0.025286
9.710000	0.025251	0.025251
9.720000	0.025217	0.025217
9.730000	0.025182	0.025182
9.740000	0.025148	0.025148
9.750000	0.025113	0.025113
9.760000	0.025079	0.025079
9.770000	0.025044	0.025044
9.780000	0.025010	0.025010
9.790000	0.024975	0.024975
9.800000	0.024940	0.024940
9.810000	0.024906	0.024906
9.820000	0.024871	0.024871
9.830000	0.024837	0.024837
9.840000	0.024802	0.024802
9.850000	0.024768	0.024768
9.860000	0.024733	0.024733
9.870000	0.024699	0.024699
9.880000	0.024664	0.024664
9.890000	0.024630	0.024630
9.900000	0.024595	0.024595
9.910000	0.024561	0.024561
9.920000	0.024527	0.024527
9.930000	0.024492	0.024492
9.940000	0.024458	0.024458
9.950000	0.024423	0.024423
9.960000	0.024389	0.024389
9.970000	0.024354	0.024354
9.980000	0.024320	0.024320
9.990000	0.024285	0.024285
10.000000	0.024251	0.024251
