-10.000000	0.046465	0.041653
-9.990000	0.046434	0.041689
-9.980000	0.046404	0.041726
-9.970000	0.046374	0.041762
-9.960000	0.046343	0.041798
-9.950000	0.046313	0.041834
-9.940000	0.046282	0.041870
-9.930000	0.046251	0.041906
-9.920000	0.046220	0.041942
-9.910000	0.046190	0.041978
-9.900000	0.046159	0.042014
-9.890000	0.046128	0.042050
-9.880000	0.046097	0.042086
-9.870000	0.046066	0.042122
-9.860000	0.046035	0.042157
-9.850000	0.046004	0.042193
-9.840000	0.045972	0.042229
-9.830000	0.045941	0.042265
-9.820000	0.045910	0.042301
-9.810000	0.045878	0.042336
-9.800000	0.045847	0.042372
-9.790000	0.045815	0.042408
-9.780000	0.045784	0.042443
-9.770000	0.045752	0.042479
-9.760000	0.045721	0.042515
-9.750000	0.045689	0.042550
-9.740000	0.045657	0.042586
-9.730000	0.045625	0.042621
-9.720000	0.045594	0.042657
-9.710000	0.045562	0.042692
-9.700000	0.045530	0.042727
-9.690000	0.045498	0.042763
-9.680000	0.045466	0.042798
-9.670000	0.045433	0.042834
-9.660000	0.045401	0.042869
-9.650000	0.045369	0.042904
-9.640000	0.045337	0.042939
-9.630000	0.045304	0.042975
-9.620000	0.045272	0.043010
-9.610000	0.045240	0.043045
-9.600000	0.045207	0.043080
-9.590000	0.045174	0.043115
-9.580000	0.045142	0.043150
-9.570000	0.045109	0.043185
-9.560000	0.045076	0.043220
-9.550000	0.045044	0.043255
-9.540000	0.045011	0.043290
-9.530000	0.044978	0.043325
-9.520000	0.044945	0.043360
-9.510000	0.044912	0.043395
-9.500000	0.044879	0.043430
-9.490000	0.044846	0.043464
-9.480000	0.044813	0.043499
-9.470000	0.044780	0.043534
-9.460000	0.044747	0.043569
-9.450000	0.044713	0.043603
-9.440000	0.044680	0.043638
-9.430000	0.044647	0.043672
-9.420000	0.044613	0.043707
-9.410000	0.044580	0.043741
-9.400000	0.044546	0.043776
-9.390000	0.044513	0.043810
-9.380000	0.044479	0.043845
-9.370000	0.044445	0.043879
-9.360000	0.044412	0.043913
-9.350000	0.044378	0.043948
-9.340000	0.044344	0.043982
-9.330000	0.044310	0.044016
-9.320000	0.044276	0.044050
-9.310000	0.044242	0.044085
-9.300000	0.044208	0.044119
-9.290000	0.044174	0.044153
-9.280000	0.044140	0.044187
-9.270000	0.044106	0.044221
-9.260000	0.044072	0.044255
-9.250000	0.044038	0.044289
-9.240000	0.044003	0.044323
-9.230000	0.043969	0.044357
-9.220000	0.043935	0.044390
-9.210000	0.043900	0.044424
-9.200000	0.043866	0.044458
-9.190000	0.043831	0.044492
-9.180000	0.043797	0.044525
-9.170000	0.043762	0.044559
-9.160000	0.043727	0.044593
-9.150000	0.043693	0.044626
-9.140000	0.043658	0.044660
-9.130000	0.043623	0.044693
-9.120000	0.043588	0.044726
-9.110000	0.043554	0.044760
-9.100000	0.043519	0.044793
-9.090000	0.043484	0.044827
-9.080000	0.043449	0.044860
-9.070000	0.043414	0.044893
-9.060000	0.043379	0.044926
-9.050000	0.043343	0.044959
-9.040000	0.043308	0.044993
-9.030000	0.043273	0.045026
-9.020000	0.043238	0.045059
-9.010000	0.043202	0.045092
-9.000000	0.043167	0.045125
-8.990000	0.043132	0.045157
-8.980000	0.043096	0.045190
-8.970000	0.043061	0.045223
-8.960000	0.043025	0.045256
-8.950000	0.042990	0.045289
-8.940000	0.042954	0.045321
-8.930000	0.042919	0.045354
-8.920000	0.042883	0.045387
-8.910000	0.042847	0.045419
-8.900000	0.042811	0.045452
-8.890000	0.042776	0.045484
-8.880000	0.042740	0.045516
-8.870000	0.042704	0.045549
-8.860000	0.042668	0.045581
-8.850000	0.042632	0.045613
-8.840000	0.042596	0.045646
-8.830000	0.042560	0.045678
-8.820000	0.042524	0.045710
-8.810000	0.042488	0.045742
-8.800000	0.042452	0.045774
-8.790000	0.042415	0.045806
-8.780000	0.042379	0.045838
-8.770000	0.042343	0.045870
-8.760000	0.042307	0.045902
-8.750000	0.042270	0.045934
-8.740000	0.042234	0.045965
-8.730000	0.042197	0.045997
-8.720000	0.042161	0.046029
-8.710000	0.042124	0.046061
-8.700000	0.042088	0.046092
-8.690000	0.042051	0.046124
-8.680000	0.042015	0.046155
-8.670000	0.041978	0.046187
-8.660000	0.041941	0.046218
-8.650000	0.041905	0.046249
-8.640000	0.041868	0.046281
-8.630000	0.041831	0.046312
-8.620000	0.041794	0.046343
-8.610000	0.041757	0.046374
-8.600000	0.041720	0.046405
-8.590000	0.041683	0.046436
-8.580000	0.041647	0.046467
-8.570000	0.041609	0.046498
-8.560000	0.041572	0.046529
-8.550000	0.041535	0.046560
-8.540000	0.041498	0.046591
-8.530000	0.041461	0.046621
-8.520000	0.041424	0.046652
-8.510000	0.041387	0.046683
-8.500000	0.041349	0.046713
-8.490000	0.041312	0.046744
-8.480000	0.041275	0.046774
-8.470000	0.041237	0.046805
-8.460000	0.041200	0.046835
-8.450000	0.041163	0.046865
-8.440000	0.041125	0.046895
-8.430000	0.041088	0.046926
-8.420000	0.041050	0.046956
-8.410000	0.041013	0.046986
-8.400000	0.040975	0.047016
-8.390000	0.040937	0.047046
-8.380000	0.040900	0.047076
-8.370000	0.040862	0.047106
-8.360000	0.040824	0.047136
-8.350000	0.040787	0.047165
-8.340000	0.040749	0.047195
-8.330000	0.040711	0.047225
-8.320000	0.040673	0.047254
-8.310000	0.040635	0.047284
-8.300000	0.040597	0.047313
-8.290000	0.040559	0.047343
-8.280000	0.040522	0.047372
-8.270000	0.040484	0.047401
-8.260000	0.040446	0.047431
-8.250000	0.040407	0.047460
-8.240000	0.040369	0.047489
-8.230000	0.040331	0.047518
-8.220000	0.040293	0.047547
-8.210000	0.040255	0.047576
-8.200000	0.040217	0.047605
-8.190000	0.040179	0.047634
-8.180000	0.040140	0.047662
-8.170000	0.040102	0.047691
-8.160000	0.040064	0.047720
-8.150000	0.040025	0.047748
-8.140000	0.039987	0.047777
-8.130000	0.039949	0.047805
-8.120000	0.039910	0.047834
-8.110000	0.039872	0.047862
-8.100000	0.039833	0.047890
-8.090000	0.039795	0.047919
-8.080000	0.039756	0.047947
-8.070000	0.039718	0.047975
-8.060000	0.039679	0.048003
-8.050000	0.039640	0.048031
-8.040000	0.039602	0.048059
-8.030000	0.039563	0.048087
-8.020000	0.039524	0.048115
-8.010000	0.039486	0.048142
-8.000000	0.039447	0.048170
-7.990000	0.039408	0.048198
-7.980000	0.039369	0.048225
-7.970000	0.039331	0.048253
-7.960000	0.039292	0.048280
-7.950000	0.039253	0.048308
-7.940000	0.039214	0.048335
-7.930000	0.039175	0.048362
-7.920000	0.039136	0.048389
-7.910000	0.039097	0.048416
-7.900000	0.039058	0.048443
-7.890000	0.039019	0.048470
-7.880000	0.038980	0.048497
-7.870000	0.038941	0.048524
-7.860000	0.038902	0.048551
-7.850000	0.038863	0.048578
-7.840000	0.038824	0.048604
-7.830000	0.038785	0.048631
-7.820000	0.038745	0.048657
-7.810000	0.038706	0.048684
-7.800000	0.038667	0.048710
-7.790000	0.038628	0.048737
-7.780000	0.038588	0.048763
-7.770000	0.038549	0.048789
-7.760000	0.038510	0.048815
-7.750000	0.038471	0.048841
-7.740000	0.038431	0.048867
-7.730000	0.038392	0.048893
-7.720000	0.038352	0.048919
-7.710000	0.038313	0.048945
-7.700000	0.038274	0.048970
-7.690000	0.038234	0.048996
-7.680000	0.038195	0.049022
-7.670000	0.038155	0.049047
-7.660000	0.038116	0.049072
-7.650000	0.038076	0.049098
-7.640000	0.038037	0.049123
-7.630000	0.037997	0.049148
-7.620000	0.037957	0.049173
-7.610000	0.037918	0.049199
-7.600000	0.037878	0.049224
-7.590000	0.037839	0.049249
-7.580000	0.037799	0.049273
-7.570000	0.037759	0.049298
-7.560000	0.037719	0.049323
-7.550000	0.037680	0.049348
-7.540000	0.037640	0.049372
-7.530000	0.037600	0.049397
-7.520000	0.037560	0.049421
-7.510000	0.037521	0.049445
-7.500000	0.037481	0.049470
-7.490000	0.037441	0.049494
-7.480000	0.037401	0.049518
-7.470000	0.037361	0.049542
-7.460000	0.037321	0.049566
-7.450000	0.037282	0.049590
-7.440000	0.037242	0.049614
-7.430000	0.037202	0.049638
-7.420000	0.037162	0.049661
-7.410000	0.037122	0.049685
-7.400000	0.037082	0.049709
-7.390000	0.037042	0.049732
-7.380000	0.037002	0.049755
-7.370000	0.036962	0.049779
-7.360000	0.036922	0.049802
-7.350000	0.036882	0.049825
-7.340000	0.036842	0.049848
-7.330000	0.036802	0.049871
-7.320000	0.036762	0.049894
-7.310000	0.036721	0.049917
-7.300000	0.036681	0.049940
-7.290000	0.036641	0.049963
-7.280000	0.036601	0.049985
-7.270000	0.036561	0.050008
-7.260000	0.036521	0.050030
-7.250000	0.036481	0.050053
-7.240000	0.036440	0.050075
-7.230000	0.036400	0.050097
-7.220000	0.036360	0.050119
-7.210000	0.036320	0.050142
-7.200000	0.036279	0.050164
-7.190000	0.036239	0.050186
-7.180000	0.036199	0.050207
-7.170000	0.036159	0.050229
-7.160000	0.036118	0.050251
-7.150000	0.036078	0.050273
-7.140000	0.036038	0.050294
-7.130000	0.035997	0.050316
-7.120000	0.035957	0.050337
-7.110000	0.035917	0.050358
-7.100000	0.035876	0.050379
-7.090000	0.035836	0.050401
-7.080000	0.035796	0.050422
-7.070000	0.035755	0.050443
-7.060000	0.035715	0.050464
-7.050000	0.035674	0.050484
-7.040000	0.035634	0.050505
-7.030000	0.035593	0.050526
-7.020000	0.035553	0.050546
-7.010000	0.035513	0.050567
-7.000000	0.035472	0.050587
-6.990000	0.035432	0.050608
-6.980000	0.035391	0.050628
-6.970000	0.035351	0.050648
-6.960000	0.035310	0.050668
-6.950000	0.035270	0.050688
-6.940000	0.035229	0.050708
-6.930000	0.035189	0.050728
-6.920000	0.035148	0.050748
-6.910000	0.035108	0.050767
-6.900000	0.035067	0.050787
-6.890000	0.035026	0.050806
-6.880000	0.034986	0.050826
-6.870000	0.034945	0.050845
-6.860000	0.034905	0.050864
-6.850000	0.034864	0.050883
-6.840000	0.034824	0.050902
-6.830000	0.034783	0.050921
-6.820000	0.034742	0.050940
-6.810000	0.034702	0.050959
-6.800000	0.034661	0.050978
-6.790000	0.034621	0.050997
-6.780000	0.034580	0.051015
-6.770000	0.034539	0.051034
-6.760000	0.034499	0.051052
-6.750000	0.034458	0.051070
-6.740000	0.034417	0.051088
-6.730000	0.034377	0.051107
-6.720000	0.034336	0.051125
-6.710000	0.034295	0.051143
-6.700000	0.034255	0.051160
-6.690000	0.034214	0.051178
-6.680000	0.034173	0.051196
-6.670000	0.034133	0.051214
-6.660000	0.034092	0.051231
-6.650000	0.034051	0.051248
-6.640000	0.034011	0.051266
-6.630000	0.033970	0.051283
-6.620000	0.033929	0.051300
-6.610000	0.033889	0.051317
-6.600000	0.033848	0.051334
-6.590000	0.033807	0.051351
-6.580000	0.033767	0.051368
-6.570000	0.033726	0.051385
-6.560000	0.033685	0.051401
-6.550000	0.033644	0.051418
-6.540000	0.033604	0.051434
-6.530000	0.033563	0.051451
-6.520000	0.033522	0.051467
-6.510000	0.033482	0.051483
-6.500000	0.033441	0.051499
-6.490000	0.033400	0.051515
-6.480000	0.033359	0.051531
-6.470000	0.033319	0.051547
-6.460000	0.033278	0.051563
-6.450000	0.033237	0.051578
-6.440000	0.033196	0.051594
-6.430000	0.033156	0.051609
-6.420000	0.033115	0.051625
-6.410000	0.033074	0.051640
-6.400000	0.033034	0.051655
-6.390000	0.032993	0.051670
-6.380000	0.032952	0.051685
-6.370000	0.032911	0.051700
-6.360000	0.032871	0.051715
-6.350000	0.032830	0.051730
-6.340000	0.032789	0.051744
-6.330000	0.032748	0.051759
-6.320000	0.032708	0.051773
-6.310000	0.032667	0.051787
-6.300000	0.032626	0.051802
-6.290000	0.032586	0.051816
-6.280000	0.032545	0.051830
-6.270000	0.032504	0.051844
-6.260000	0.032463	0.051858
-6.250000	0.032423	0.051871
-6.240000	0.032382	0.051885
-6.230000	0.032341	0.051899
-6.220000	0.032301	0.051912
-6.210000	0.032260	0.051926
-6.200000	0.032219	0.051939
-6.190000	0.032179	0.051952
-6.180000	0.032138	0.051965
-6.170000	0.032097	0.051978
-6.160000	0.032057	0.051991
-6.150000	0.032016	0.052004
-6.140000	0.031975	0.052017
-6.130000	0.031935	0.052029
-6.120000	0.031894	0.052042
-6.110000	0.031853	0.052054
-6.100000	0.031813	0.052067
-6.090000	0.031772	0.052079
-6.080000	0.031731	0.052091
-6.070000	0.031691	0.052103
-6.060000	0.031650	0.052115
-6.050000	0.031609	0.052127
-6.040000	0.031569	0.052139
-6.030000	0.031528	0.052150
-6.020000	0.031487	0.052162
-6.010000	0.031447	0.052173
-6.000000	0.031406	0.052185
-5.990000	0.031366	0.052196
-5.980000	0.031325	0.052207
-5.970000	0.031284	0.052218
-5.960000	0.031244	0.052229
-5.950000	0.031203	0.052240
-5.940000	0.031163	0.052251
-5.930000	0.031122	0.052261
-5.920000	0.031082	0.052272
-5.910000	0.031041	0.052282
-5.900000	0.031001	0.052293
-5.890000	0.030960	0.052303
-5.880000	0.030919	0.052313
-5.870000	0.030879	0.052323
-5.860000	0.030838	0.052333
-5.850000	0.030798	0.052343
-5.840000	0.030757	0.052353
-5.830000	0.030717	0.052363
-5.820000	0.030676	0.052372
-5.810000	0.030636	0.052382
-5.800000	0.030596	0.052391
-5.790000	0.030555	0.052400
-5.780000	0.030515	0.052410
-5.770000	0.030474	0.052419
-5.760000	0.030434	0.052428
-5.750000	0.030393	0.052437
-5.740000	0.030353	0.052445
-5.730000	0.030313	0.052454
-5.720000	0.030272	0.052463
-5.710000	0.030232	0.052471
-5.700000	0.030191	0.052479
-5.690000	0.030151	0.052488
-5.680000	0.030111	0.052496
-5.670000	0.030070	0.052504
-5.660000	0.030030	0.052512
-5.650000	0.029990	0.052520
-5.640000	0.029949	0.052527
-5.630000	0.029909	0.052535
-5.620000	0.029869	0.052543
-5.610000	0.029829	0.052550
-5.600000	0.029788	0.052557
-5.590000	0.029748	0.052565
-5.580000	0.029708	0.052572
-5.570000	0.029668	0.052579
-5.560000	0.029627	0.052586
-5.550000	0.029587	0.052593
-5.540000	0.029547	0.052599
-5.530000	0.029507	0.052606
-5.520000	0.029467	0.052613
-5.510000	0.029426	0.052619
-5.500000	0.029386	0.052625
-5.490000	0.029346	0.052632
-5.480000	0.029306	0.052638
-5.470000	0.029266	0.052644
-5.460000	0.029226	0.052650
-5.450000	0.029186	0.052655
-5.440000	0.029146	0.052661
-5.430000	0.029106	0.052667
-5.420000	0.029066	0.052672
-5.410000	0.029026	0.052677
-5.400000	0.028986	0.052683
-5.390000	0.028946	0.052688
-5.380000	0.028906	0.052693
-5.370000	0.028866	0.052698
-5.360000	0.028826	0.052703
-5.350000	0.028786	0.052708
-5.340000	0.028746	0.052712
-5.330000	0.028706	0.052717
-5.320000	0.028666	0.052721
-5.310000	0.028626	0.052725
-5.300000	0.028586	0.052730
-5.290000	0.028546	0.052734
-5.280000	0.028507	0.052738
-5.270000	0.028467	0.052742
-5.260000	0.028427	0.052746
-5.250000	0.028387	0.052749
-5.240000	0.028347	0.052753
-5.230000	0.028308	0.052756
-5.220000	0.028268	0.052760
-5.210000	0.028228	0.052763
-5.200000	0.028188	0.052766
-5.190000	0.028149	0.052769
-5.180000	0.028109	0.052772
-5.170000	0.028069	0.052775
-5.160000	0.028030	0.052778
-5.150000	0.027990	0.052780
-5.140000	0.027950	0.052783
-5.130000	0.027911	0.052785
-5.120000	0.027871	0.052788
-5.110000	0.027832	0.052790
-5.100000	0.027792	0.052792
-5.090000	0.027753	0.052794
-5.080000	0.027713	0.052796
-5.070000	0.027674	0.052798
-5.060000	0.027634	0.052799
-5.050000	0.027595	0.052801
-5.040000	0.027555	0.052802
-5.030000	0.027516	0.052804
-5.020000	0.027476	0.052805
-5.010000	0.027437	0.052806
-5.000000	0.027398	0.052807
-4.990000	0.027358	0.052808
-4.980000	0.027319	0.052809
-4.970000	0.027280	0.052809
-4.960000	0.027240	0.052810
-4.950000	0.027201	0.052810
-4.940000	0.027162	0.052811
-4.930000	0.027123	0.052811
-4.920000	0.027083	0.052811
-4.910000	0.027044	0.052811
-4.900000	0.027005	0.052811
-4.890000	0.026966	0.052811
-4.880000	0.026927	0.052811
-4.870000	0.026887	0.052810
-4.860000	0.026848	0.052810
-4.850000	0.026809	0.052809
-4.840000	0.026770	0.052809
-4.830000	0.026731	0.052808
-4.820000	0.026692	0.052807
-4.810000	0.026653	0.052806
-4.800000	0.026614	0.052805
-4.790000	0.026575	0.052803
-4.780000	0.026536	0.052802
-4.770000	0.026497	0.052801
-4.760000	0.026458	0.052799
-4.750000	0.026420	0.052797
-4.740000	0.026381	0.052796
-4.730000	0.026342	0.052794
-4.720000	0.026303	0.052792
-4.710000	0.026264	0.052790
-4.700000	0.026225	0.052787
-4.690000	0.026187	0.052785
-4.680000	0.026148	0.052783
-4.670000	0.026109	0.052780
-4.660000	0.026071	0.052777
-4.650000	0.026032	0.052775
-4.640000	0.025993	0.052772
-4.630000	0.025955	0.052769
-4.620000	0.025916	0.052766
-4.610000	0.025877	0.052762
-4.600000	0.025839	0.052759
-4.590000	0.025800	0.052756
-4.580000	0.025762	0.052752
-4.570000	0.025723	0.052748
-4.560000	0.025685	0.052745
-4.550000	0.025647	0.052741
-4.540000	0.025608	0.052737
-4.530000	0.025570	0.052733
-4.520000	0.025531	0.052728
-4.510000	0.025493	0.052724
-4.500000	0.025455	0.052720
-4.490000	0.025416	0.052715
-4.480000	0.025378	0.052711
-4.470000	0.025340	0.052706
-4.460000	0.025302	0.052701
-4.450000	0.025263	0.052696
-4.440000	0.025225	0.052691
-4.430000	0.025187	0.052686
-4.420000	0.025149	0.052680
-4.410000	0.025111	0.052675
-4.400000	0.025073	0.052669
-4.390000	0.025035	0.052664
-4.380000	0.024997	0.052658
-4.370000	0.024959	0.052652
-4.360000	0.024921	0.052646
-4.350000	0.024883	0.052640
-4.340000	0.024845	0.052634
-4.330000	0.024807	0.052628
-4.320000	0.024769	0.052621
-4.310000	0.024731	0.052615
-4.300000	0.024693	0.052608
-4.290000	0.024655	0.052601
-4.280000	0.024618	0.052595
-4.270000	0.024580	0.052588
-4.260000	0.024542	0.052581
-4.250000	0.024504	0.052573
-4.240000	0.024467	0.052566
-4.230000	0.024429	0.052559
-4.220000	0.024391	0.052551
-4.210000	0.024354	0.052544
-4.200000	0.024316	0.052536
-4.190000	0.024279	0.052528
-4.180000	0.024241	0.052520
-4.170000	0.024204	0.052512
-4.160000	0.024166	0.052504
-4.150000	0.024129	0.052496
-4.140000	0.024091	0.052487
-4.130000	0.024054	0.052479
-4.120000	0.024017	0.052470
-4.110000	0.023979	0.052462
-4.100000	0.023942	0.052453
-4.090000	0.023905	0.052444
-4.080000	0.023867	0.052435
-4.070000	0.023830	0.052426
-4.060000	0.023793	0.052416
-4.050000	0.023756	0.052407
-4.040000	0.023719	0.052398
-4.030000	0.023682	0.052388
-4.020000	0.023644	0.052378
-4.010000	0.023607	0.052368
-4.000000	0.023570	0.052358
-3.990000	0.023533	0.052348
-3.980000	0.023496	0.052338
-3.970000	0.023459	0.052328
-3.960000	0.023423	0.052318
-3.950000	0.023386	0.052307
-3.940000	0.023349	0.052297
-3.930000	0.023312	0.052286
-3.920000	0.023275	0.052275
-3.910000	0.023238	0.052264
-3.900000	0.023202	0.052253
-3.890000	0.023165	0.052242
-3.880000	0.023128	0.052231
-3.870000	0.023091	0.052220
-3.860000	0.023055	0.052208
-3.850000	0.023018	0.052197
-3.840000	0.022982	0.052185
-3.830000	0.022945	0.052173
-3.820000	0.022909	0.052161
-3.810000	0.022872	0.052149
-3.800000	0.022836	0.052137
-3.790000	0.022799	0.052125
-3.780000	0.022763	0.052113
-3.770000	0.022726	0.052100
-3.760000	0.022690	0.052088
-3.750000	0.022654	0.052075
-3.740000	0.022617	0.052062
-3.730000	0.022581	0.052049
-3.720000	0.022545	0.052036
-3.710000	0.022509	0.052023
-3.700000	0.022473	0.052010
-3.690000	0.022436	0.051997
-3.680000	0.022400	0.051983
-3.670000	0.022364	0.051970
-3.660000	0.022328	0.051956
-3.650000	0.022292	0.051943
-3.640000	0.022256	0.051929
-3.630000	0.022220	0.051915
-3.620000	0.022184	0.051901
-3.610000	0.022148	0.051886
-3.600000	0.022113	0.051872
-3.590000	0.022077	0.051858
-3.580000	0.022041	0.051843
-3.570000	0.022005	0.051829
-3.560000	0.021969	0.051814
-3.550000	0.021934	0.051799
-3.540000	0.021898	0.051784
-3.530000	0.021862	0.051769
-3.520000	0.021827	0.051754
-3.510000	0.021791	0.051739
-3.500000	0.021756	0.051723
-3.490000	0.021720	0.051708
-3.480000	0.021685	0.051692
-3.470000	0.021649	0.051677
-3.460000	0.021614	0.051661
-3.450000	0.021578	0.051645
-3.440000	0.021543	0.051629
-3.430000	0.021508	0.051613
-3.420000	0.021472	0.051597
-3.410000	0.021437	0.051580
-3.400000	0.021402	0.051564
-3.390000	0.021367	0.051548
-3.380000	0.021332	0.051531
-3.370000	0.021296	0.051514
-3.360000	0.021261	0.051497
-3.350000	0.021226	0.051480
-3.340000	0.021191	0.051463
-3.330000	0.021156	0.051446
-3.320000	0.021121	0.051429
-3.310000	0.021086	0.051411
-3.300000	0.021051	0.051394
-3.290000	0.021016	0.051376
-3.280000	0.020982	0.051359
-3.270000	0.020947	0.051341
-3.260000	0.020912	0.051323
-3.250000	0.020877	0.051305
-3.240000	0.020843	0.051287
-3.230000	0.020808	0.051269
-3.220000	0.020773	0.051250
-3.210000	0.020739	0.051232
-3.200000	0.020704	0.051213
-3.190000	0.020670	0.051195
-3.180000	0.020635	0.051176
-3.170000	0.020601	0.051157
-3.160000	0.020566	0.051138
-3.150000	0.020532	0.051119
-3.140000	0.020497	0.051100
-3.130000	0.020463	0.051080
-3.120000	0.020429	0.051061
-3.110000	0.020394	0.051042
-3.100000	0.020360	0.051022
-3.090000	0.020326	0.051002
-3.080000	0.020292	0.050982
-3.070000	0.020258	0.050963
-3.060000	0.020223	0.050943
-3.050000	0.020189	0.050922
-3.040000	0.020155	0.050902
-3.030000	0.020121	0.050882
-3.020000	0.020087	0.050861
-3.010000	0.020053	0.050841
-3.000000	0.020020	0.050820
-2.990000	0.019986	0.050800
-2.980000	0.019952	0.050779
-2.970000	0.019918	0.050758
-2.960000	0.019884	0.050737
-2.950000	0.019851	0.050716
-2.940000	0.019817	0.050694
-2.930000	0.019783	0.050673
-2.920000	0.019750	0.050652
-2.910000	0.019716	0.050630
-2.900000	0.019682	0.050608
-2.890000	0.019649	0.050587
-2.880000	0.019615	0.050565
-2.870000	0.019582	0.050543
-2.860000	0.019548	0.050521
-2.850000	0.019515	0.050499
-2.840000	0.019482	0.050476
-2.830000	0.019448	0.050454
-2.820000	0.019415	0.050431
-2.810000	0.019382	0.050409
-2.800000	0.019349	0.050386
-2.790000	0.019316	0.050363
-2.780000	0.019282	0.050341
-2.770000	0.019249	0.050318
-2.760000	0.019216	0.050295
-2.750000	0.019183	0.050271
-2.740000	0.019150	0.050248
-2.730000	0.019117	0.050225
-2.720000	0.019084	0.050201
-2.710000	0.019051	0.050178
-2.700000	0.019019	0.050154
-2.690000	0.018986	0.050130
-2.680000	0.018953	0.050106
-2.670000	0.018920	0.050082
-2.660000	0.018887	0.050058
-2.650000	0.018855	0.050034
-2.640000	0.018822	0.050010
-2.630000	0.018790	0.049986
-2.620000	0.018757	0.049961
-2.610000	0.018724	0.049936
-2.600000	0.018692	0.049912
-2.590000	0.018659	0.049887
-2.580000	0.018627	0.049862
-2.570000	0.018595	0.049837
-2.560000	0.018562	0.049812
-2.550000	0.018530	0.049787
-2.540000	0.018498	0.049762
-2.530000	0.018465	0.049736
-2.520000	0.018433	0.049711
-2.510000	0.018401	0.049685
-2.500000	0.018369	0.049660
-2.490000	0.018337	0.049634
-2.480000	0.018305	0.049608
-2.470000	0.018273	0.049582
-2.460000	0.018241	0.049556
-2.450000	0.018209	0.049530
-2.440000	0.018177	0.049504
-2.430000	0.018145	0.049478
-2.420000	0.018113	0.049451
-2.410000	0.018081	0.049425
-2.400000	0.018050	0.049398
-2.390000	0.018018	0.049372
-2.380000	0.017986	0.049345
-2.370000	0.017954	0.049318
-2.360000	0.017923	0.049291
-2.350000	0.017891	0.049264
-2.340000	0.017860	0.049237
-2.330000	0.017828	0.049209
-2.320000	0.017797	0.049182
-2.310000	0.017765	0.049155
-2.300000	0.017734	0.049127
-2.290000	0.017702	0.049099
-2.280000	0.017671	0.049072
-2.270000	0.017640	0.049044
-2.260000	0.017609	0.049016
-2.250000	0.017577	0.048988
-2.240000	0.017546	0.048960
-2.230000	0.017515	0.048932
-2.220000	0.017484	0.048903
-2.210000	0.017453	0.048875
-2.200000	0.017422	0.048847
-2.190000	0.017391	0.048818
-2.180000	0.017360	0.048789
-2.170000	0.017329	0.048761
-2.160000	0.017298	0.048732
-2.150000	0.017267	0.048703
-2.140000	0.017236	0.048674
-2.130000	0.017206	0.048645
-2.120000	0.017175	0.048615
-2.110000	0.017144	0.048586
-2.100000	0.017114	0.048557
-2.090000	0.017083	0.048527
-2.080000	0.017052	0.048498
-2.070000	0.017022	0.048468
-2.060000	0.016991	0.048438
-2.050000	0.016961	0.048409
-2.040000	0.016930	0.048379
-2.030000	0.016900	0.048349
-2.020000	0.016870	0.048319
-2.010000	0.016839	0.048288
-2.000000	0.016809	0.048258
-1.990000	0.016779	0.048228
-1.980000	0.016749	0.048197
-1.970000	0.016718	0.048167
-1.960000	0.016688	0.048136
-1.950000	0.016658	0.048105
-1.940000	0.016628	0.048075
-1.930000	0.016598	0.048044
-1.920000	0.016568	0.048013
-1.910000	0.016538	0.047982
-1.900000	0.016508	0.047951
-1.890000	0.016478	0.047919
-1.880000	0.016449	0.047888
-1.870000	0.016419	0.047857
-1.860000	0.016389	0.047825
-1.850000	0.016359	0.047794
-1.840000	0.016330	0.047762
-1.830000	0.016300	0.047730
-1.820000	0.016270	0.047698
-1.810000	0.016241	0.047666
-1.800000	0.016211	0.047634
-1.790000	0.016182	0.047602
-1.780000	0.016152	0.047570
-1.770000	0.016123	0.047538
-1.760000	0.016094	0.047505
-1.750000	0.016064	0.047473
-1.740000	0.016035	0.047441
-1.730000	0.016006	0.047408
-1.720000	0.015976	0.047375
-1.710000	0.015947	0.047343
-1.700000	0.015918	0.047310
-1.690000	0.015889	0.047277
-1.680000	0.015860	0.047244
-1.670000	0.015831	0.047211
-1.660000	0.015802	0.047177
-1.650000	0.015773	0.047144
-1.640000	0.015744	0.047111
-1.630000	0.015715	0.047077
-1.620000	0.015686	0.047044
-1.610000	0.015658	0.047010
-1.600000	0.015629	0.046977
-1.590000	0.015600	0.046943
-1.580000	0.015571	0.046909
-1.570000	0.015543	0.046875
-1.560000	0.015514	0.046841
-1.550000	0.015486	0.046807
-1.540000	0.015457	0.046773
-1.530000	0.015428	0.046739
-1.520000	0.015400	0.046705
-1.510000	0.015372	0.046670
-1.500000	0.015343	0.046636
-1.490000	0.015315	0.046601
-1.480000	0.015287	0.046567
-1.470000	0.015258	0.046532
-1.460000	0.015230	0.046497
-1.450000	0.015202	0.046462
-1.440000	0.015174	0.046427
-1.430000	0.015146	0.046392
-1.420000	0.015118	0.046357
-1.410000	0.015090	0.046322
-1.400000	0.015062	0.046287
-1.390000	0.015034	0.046252
-1.380000	0.015006	0.046216
-1.370000	0.014978	0.046181
-1.360000	0.014950	0.046145
-1.350000	0.014922	0.046110
-1.340000	0.014894	0.046074
-1.330000	0.014867	0.046038
-1.320000	0.014839	0.046002
-1.310000	0.014811	0.045966
-1.300000	0.014784	0.045930
-1.290000	0.014756	0.045894
-1.280000	0.014729	0.045858
-1.270000	0.014701	0.045822
-1.260000	0.014674	0.045786
-1.250000	0.014646	0.045749
-1.240000	0.014619	0.045713
-1.230000	0.014591	0.045676
-1.220000	0.014564	0.045640
-1.210000	0.014537	0.045603
-1.200000	0.014510	0.045567
-1.190000	0.014483	0.045530
-1.180000	0.014455	0.045493
-1.170000	0.014428	0.045456
-1.160000	0.014401	0.045419
-1.150000	0.014374	0.045382
-1.140000	0.014347	0.045345
-1.130000	0.014320	0.045307
-1.120000	0.014293	0.045270
-1.110000	0.014266	0.045233
-1.100000	0.014240	0.045195
-1.090000	0.014213	0.045158
-1.080000	0.014186	0.045120
-1.070000	0.014159	0.045083
-1.060000	0.014133	0.045045
-1.050000	0.014106	0.045007
-1.040000	0.014079	0.044969
-1.030000	0.014053	0.044931
-1.020000	0.014026	0.044894
-1.010000	0.014000	0.044855
-1.000000	0.013973	0.044817
-0.990000	0.013947	0.044779
-0.980000	0.013920	0.044741
-0.970000	0.013894	0.044703
-0.960000	0.013868	0.044664
-0.950000	0.013842	0.044626
-0.940000	0.013815	0.044587
-0.930000	0.013789	0.044549
-0.920000	0.013763	0.044510
-0.910000	0.013737	0.044471
-0.900000	0.013711	0.044433
-0.890000	0.013685	0.044394
-0.880000	0.013659	0.044355
-0.870000	0.013633	0.044316
-0.860000	0.013607	0.044277
-0.850000	0.013581	0.044238
-0.840000	0.013555	0.044199
-0.830000	0.013529	0.044159
-0.820000	0.013504	0.044120
-0.810000	0.013478	0.044081
-0.800000	0.013452	0.044041
-0.790000	0.013427	0.044002
-0.780000	0.013401	0.043962
-0.770000	0.013375	0.043923
-0.760000	0.013350	0.043883
-0.750000	0.013324	0.043843
-0.740000	0.013299	0.043803
-0.730000	0.013273	0.043764
-0.720000	0.013248	0.043724
-0.710000	0.013223	0.043684
-0.700000	0.013197	0.043644
-0.690000	0.013172	0.043604
-0.680000	0.013147	0.043563
-0.670000	0.013122	0.043523
-0.660000	0.013097	0.043483
-0.650000	0.013072	0.043443
-0.640000	0.013046	0.043402
-0.630000	0.013021	0.043362
-0.620000	0.012996	0.043321
-0.610000	0.012971	0.043281
-0.600000	0.012947	0.043240
-0.590000	0.012922	0.043199
-0.580000	0.012897	0.043159
-0.570000	0.012872	0.043118
-0.560000	0.012847	0.043077
-0.550000	0.012823	0.043036
-0.540000	0.012798	0.042995
-0.530000	0.012773	0.042954
-0.520000	0.012749	0.042913
-0.510000	0.012724	0.042872
-0.500000	0.012699	0.042831
-0.490000	0.012675	0.042790
-0.480000	0.012650	0.042748
-0.470000	0.012626	0.042707
-0.460000	0.012602	0.042666
-0.450000	0.012577	0.042624
-0.440000	0.012553	0.042583
-0.430000	0.012529	0.042541
-0.420000	0.012504	0.042499
-0.410000	0.012480	0.042458
-0.400000	0.012456	0.042416
-0.390000	0.012432	0.042374
-0.380000	0.012408	0.042332
-0.370000	0.012384	0.042290
-0.360000	0.012360	0.042249
-0.350000	0.012336	0.042207
-0.340000	0.012312	0.042165
-0.330000	0.012288	0.042122
-0.320000	0.012264	0.042080
-0.310000	0.012240	0.042038
-0.300000	0.012217	0.041996
-0.290000	0.012193	0.041954
-0.280000	0.012169	0.041911
-0.270000	0.012146	0.041869
-0.260000	0.012122	0.041826
-0.250000	0.012098	0.041784
-0.240000	0.012075	0.041741
-0.230000	0.012051	0.041699
-0.220000	0.012028	0.041656
-0.210000	0.012004	0.041613
-0.200000	0.011981	0.041571
-0.190000	0.011958	0.041528
-0.180000	0.011934	0.041485
-0.170000	0.011911	0.041442
-0.160000	0.011888	0.041399
-0.150000	0.011864	0.041356
-0.140000	0.011841	0.041313
-0.130000	0.011818	0.041270
-0.120000	0.011795	0.041227
-0.110000	0.011772	0.041184
-0.100000	0.011749	0.041141
-0.090000	0.011726	0.041098
-0.080000	0.011703	0.041054
-0.070000	0.011680	0.041011
-0.060000	0.011657	0.040968
-0.050000	0.011634	0.040924
-0.040000	0.011612	0.040881
-0.030000	0.011589	0.040837
-0.020000	0.011566	0.040794
-0.010000	0.011543	0.040750
-0.000000	0.011521	0.040706
0.010000	0.011498	0.040663
0.020000	0.011476	0.040619
0.030000	0.011453	0.040575
0.040000	0.011430	0.040531
0.050000	0.011408	0.040488
0.060000	0.011386	0.040444
0.070000	0.011363	0.040400
0.080000	0.011341	0.040356
0.090000	0.011318	0.040312
0.100000	0.011296	0.040268
0.110000	0.011274	0.040224
0.120000	0.011252	0.040179
0.130000	0.011230	0.040135
0.140000	0.011207	0.040091
0.150000	0.011185	0.040047
0.160000	0.011163	0.040003
0.170000	0.011141	0.039958
0.180000	0.011119	0.039914
0.190000	0.011097	0.039869
0.200000	0.011075	0.039825
0.210000	0.011054	0.039780
0.220000	0.011032	0.039736
0.230000	0.011010	0.039691
0.240000	0.010988	0.039647
0.250000	0.010966	0.039602
0.260000	0.010945	0.039558
0.270000	0.010923	0.039513
0.280000	0.010901	0.039468
0.290000	0.010880	0.039423
0.300000	0.010858	0.039379
0.310000	0.010837	0.039334
0.320000	0.010815	0.039289
0.330000	0.010794	0.039244
0.340000	0.010772	0.039199
0.350000	0.010751	0.039154
0.360000	0.010730	0.039109
0.370000	0.010708	0.039064
0.380000	0.010687	0.039019
0.390000	0.010666	0.038974
0.400000	0.010645	0.038929
0.410000	0.010624	0.038883
0.420000	0.010603	0.038838
0.430000	0.010581	0.038793
0.440000	0.010560	0.038748
0.450000	0.010539	0.038702
0.460000	0.010518	0.038657
0.470000	0.010498	0.038612
0.480000	0.010477	0.038566
0.490000	0.010456	0.038521
0.500000	0.010435	0.038475
0.510000	0.010414	0.038430
0.520000	0.010393	0.038384
0.530000	0.010373	0.038339
0.540000	0.010352	0.038293
0.550000	0.010331	0.038248
0.560000	0.010311	0.038202
0.570000	0.010290	0.038156
0.580000	0.010270	0.038111
0.590000	0.010249	0.038065
0.600000	0.010229	0.038019
0.610000	0.010208	0.037974
0.620000	0.010188	0.037928
0.630000	0.010168	0.037882
0.640000	0.010147	0.037836
0.650000	0.010127	0.037790
0.660000	0.010107	0.037744
0.670000	0.010086	0.037698
0.680000	0.010066	0.037652
0.690000	0.010046	0.037607
0.700000	0.010026	0.037561
0.710000	0.010006	0.037515
0.720000	0.009986	0.037468
0.730000	0.009966	0.037422
0.740000	0.009946	0.037376
0.750000	0.009926	0.037330
0.760000	0.009906	0.037284
0.770000	0.009886	0.037238
0.780000	0.009866	0.037192
0.790000	0.009847	0.037145
0.800000	0.009827	0.037099
0.810000	0.009807	0.037053
0.820000	0.009787	0.037007
0.830000	0.009768	0.036960
0.840000	0.009748	0.036914
0.850000	0.009729	0.036868
0.860000	0.009709	0.036821
0.870000	0.009690	0.036775
0.880000	0.009670	0.036729
0.890000	0.009651	0.036682
0.900000	0.009631	0.036636
0.910000	0.009612	0.036589
0.920000	0.009593	0.036543
0.930000	0.009573	0.036496
0.940000	0.009554	0.036450
0.950000	0.009535	0.036403
0.960000	0.009516	0.036357
0.970000	0.009496	0.036310
0.980000	0.009477	0.036264
0.990000	0.009458	0.036217
1.000000	0.009439	0.036170
1.010000	0.009420	0.036124
1.020000	0.009401	0.036077
1.030000	0.009382	0.036030
1.040000	0.009363	0.035984
1.050000	0.009344	0.035937
1.060000	0.009325	0.035890
1.070000	0.009307	0.035843
1.080000	0.009288	0.035797
1.090000	0.009269	0.035750
1.100000	0.009250	0.035703
1.110000	0.009232	0.035656
1.120000	0.009213	0.035609
1.130000	0.009194	0.035563
1.140000	0.009176	0.035516
1.150000	0.009157	0.035469
1.160000	0.009139	0.035422
1.170000	0.009120	0.035375
1.180000	0.009102	0.035328
1.190000	0.009083	0.035281
1.200000	0.009065	0.035234
1.210000	0.009047	0.035188
1.220000	0.009028	0.035141
1.230000	0.009010	0.035094
1.240000	0.008992	0.035047
1.250000	0.008974	0.035000
1.260000	0.008955	0.034953
1.270000	0.008937	0.034906
1.280000	0.008919	0.034859
1.290000	0.008901	0.034812
1.300000	0.008883	0.034765
1.310000	0.008865	0.034718
1.320000	0.008847	0.034671
1.330000	0.008829	0.034623
1.340000	0.008811	0.034576
1.350000	0.008793	0.034529
1.360000	0.008776	0.034482
1.370000	0.008758	0.034435
1.380000	0.008740	0.034388
1.390000	0.008722	0.034341
1.400000	0.008705	0.034294
1.410000	0.008687	0.034247
1.420000	0.008669	0.034200
1.430000	0.008652	0.034152
1.440000	0.008634	0.034105
1.450000	0.008616	0.034058
1.460000	0.008599	0.034011
1.470000	0.008581	0.033964
1.480000	0.008564	0.033917
1.490000	0.008547	0.033869
1.500000	0.008529	0.033822
1.510000	0.008512	0.033775
1.520000	0.008495	0.033728
1.530000	0.008477	0.033681
1.540000	0.008460	0.033633
1.550000	0.008443	0.033586
1.560000	0.008426	0.033539
1.570000	0.008408	0.033492
1.580000	0.008391	0.033445
1.590000	0.008374	0.033397
1.600000	0.008357	0.033350
1.610000	0.008340	0.033303
1.620000	0.008323	0.033256
1.630000	0.008306	0.033209
1.640000	0.008289	0.033161
1.650000	0.008272	0.033114
1.660000	0.008256	0.033067
1.670000	0.008239	0.033020
1.680000	0.008222	0.032972
1.690000	0.008205	0.032925
1.700000	0.008188	0.032878
1.710000	0.008172	0.032831
1.720000	0.008155	0.032783
1.730000	0.008138	0.032736
1.740000	0.008122	0.032689
1.750000	0.008105	0.032642
1.760000	0.008089	0.032594
1.770000	0.008072	0.032547
1.780000	0.008056	0.032500
1.790000	0.008039	0.032453
1.800000	0.008023	0.032406
1.810000	0.008006	0.032358
1.820000	0.007990	0.032311
1.830000	0.007974	0.032264
1.840000	0.007957	0.032217
1.850000	0.007941	0.032169
1.860000	0.007925	0.032122
1.870000	0.007909	0.032075
1.880000	0.007893	0.032028
1.890000	0.007876	0.031981
1.900000	0.007860	0.031933
1.910000	0.007844	0.031886
1.920000	0.007828	0.031839
1.930000	0.007812	0.031792
1.940000	0.007796	0.031745
1.950000	0.007780	0.031697
1.960000	0.007764	0.031650
1.970000	0.007749	0.031603
1.980000	0.007733	0.031556
1.990000	0.007717	0.031509
2.000000	0.007701	0.031462
2.010000	0.007685	0.031415
2.020000	0.007670	0.031367
2.030000	0.007654	0.031320
2.040000	0.007638	0.031273
2.050000	0.007623	0.031226
2.060000	0.007607	0.031179
2.070000	0.007591	0.031132
2.080000	0.007576	0.031085
2.090000	0.007560	0.031038
2.100000	0.007545	0.030991
2.110000	0.007529	0.030944
2.120000	0.007514	0.030896
2.130000	0.007498	0.030849
2.140000	0.007483	0.030802
2.150000	0.007468	0.030755
2.160000	0.007452	0.030708
2.170000	0.007437	0.030661
2.180000	0.007422	0.030614
2.190000	0.007407	0.030567
2.200000	0.007392	0.030520
2.210000	0.007376	0.030473
2.220000	0.007361	0.030426
2.230000	0.007346	0.030379
2.240000	0.007331	0.030333
2.250000	0.007316	0.030286
2.260000	0.007301	0.030239
2.270000	0.007286	0.030192
2.280000	0.007271	0.030145
2.290000	0.007256	0.030098
2.300000	0.007241	0.030051
2.310000	0.007226	0.030004
2.320000	0.007212	0.029957
2.330000	0.007197	0.029911
2.340000	0.007182	0.029864
2.350000	0.007167	0.029817
2.360000	0.007153	0.029770
2.370000	0.007138	0.029723
2.380000	0.007123	0.029677
2.390000	0.007109	0.029630
2.400000	0.007094	0.029583
2.410000	0.007079	0.029536
2.420000	0.007065	0.029490
2.430000	0.007050	0.029443
2.440000	0.007036	0.029396
2.450000	0.007021	0.029350
2.460000	0.007007	0.029303
2.470000	0.006993	0.029256
2.480000	0.006978	0.029210
2.490000	0.006964	0.029163
2.500000	0.006950	0.029117
2.510000	0.006935	0.029070
2.520000	0.006921	0.029024
2.530000	0.006907	0.028977
2.540000	0.006893	0.028931
2.550000	0.006879	0.028884
2.560000	0.006864	0.028838
2.570000	0.006850	0.028791
2.580000	0.006836	0.028745
2.590000	0.006822	0.028698
2.600000	0.006808	0.028652
2.610000	0.006794	0.028606
2.620000	0.006780	0.028559
2.630000	0.006766	0.028513
2.640000	0.006752	0.028466
2.650000	0.006738	0.028420
2.660000	0.006725	0.028374
2.670000	0.006711	0.028328
2.680000	0.006697	0.028281
2.690000	0.006683	0.028235
2.700000	0.006669	0.028189
2.710000	0.006656	0.028143
2.720000	0.006642	0.028097
2.730000	0.006628	0.028050
2.740000	0.006615	0.028004
2.750000	0.006601	0.027958
2.760000	0.006588	0.027912
2.770000	0.006574	0.027866
2.780000	0.006560	0.027820
2.790000	0.006547	0.027774
2.800000	0.006534	0.027728
2.810000	0.006520	0.027682
2.820000	0.006507	0.027636
2.830000	0.006493	0.027590
2.840000	0.006480	0.027544
2.850000	0.006467	0.027498
2.860000	0.006453	0.027452
2.870000	0.006440	0.027407
2.880000	0.006427	0.027361
2.890000	0.006414	0.027315
2.900000	0.006400	0.027269
2.910000	0.006387	0.027224
2.920000	0.006374	0.027178
2.930000	0.006361	0.027132
2.940000	0.006348	0.027086
2.950000	0.006335	0.027041
2.960000	0.006322	0.026995
2.970000	0.006309	0.026950
2.980000	0.006296	0.026904
2.990000	0.006283	0.026858
3.000000	0.006270	0.026813
3.010000	0.006257	0.026767
3.020000	0.006244	0.026722
3.030000	0.006231	0.026676
3.040000	0.006218	0.026631
3.050000	0.006206	0.026586
3.060000	0.006193	0.026540
3.070000	0.006180	0.026495
3.080000	0.006167	0.026450
3.090000	0.006155	0.026404
3.100000	0.006142	0.026359
3.110000	0.006130	0.026314
3.120000	0.006117	0.026269
3.130000	0.006104	0.026223
3.140000	0.006092	0.026178
3.150000	0.006079	0.026133
3.160000	0.006067	0.026088
3.170000	0.006054	0.026043
3.180000	0.006042	0.025998
3.190000	0.006029	0.025953
3.200000	0.006017	0.025908
3.210000	0.006005	0.025863
3.220000	0.005992	0.025818
3.230000	0.005980	0.025773
3.240000	0.005968	0.025728
3.250000	0.005955	0.025684
3.260000	0.005943	0.025639
3.270000	0.005931	0.025594
3.280000	0.005919	0.025549
3.290000	0.005907	0.025505
3.300000	0.005894	0.025460
3.310000	0.005882	0.025415
3.320000	0.005870	0.025371
3.330000	0.005858	0.025326
3.340000	0.005846	0.025281
3.350000	0.005834	0.025237
3.360000	0.005822	0.025192
3.370000	0.005810	0.025148
3.380000	0.005798	0.025103
3.390000	0.005786	0.025059
3.400000	0.005774	0.025015
3.410000	0.005762	0.024970
3.420000	0.005751	0.024926
3.430000	0.005739	0.024882
3.440000	0.005727	0.024838
3.450000	0.005715	0.024793
3.460000	0.005703	0.024749
3.470000	0.005692	0.024705
3.480000	0.005680	0.024661
3.490000	0.005668	0.024617
3.500000	0.005657	0.024573
3.510000	0.005645	0.024529
3.520000	0.005633	0.024485
3.530000	0.005622	0.024441
3.540000	0.005610	0.024397
3.550000	0.005599	0.024353
3.560000	0.005587	0.024309
3.570000	0.005576	0.024265
3.580000	0.005564	0.024221
3.590000	0.005553	0.024178
3.600000	0.005542	0.024134
3.610000	0.005530	0.024090
3.620000	0.005519	0.024047
3.630000	0.005508	0.024003
3.640000	0.005496	0.023960
3.650000	0.005485	0.023916
3.660000	0.005474	0.023872
3.670000	0.005462	0.023829
3.680000	0.005451	0.023786
3.690000	0.005440	0.023742
3.700000	0.005429	0.023699
3.710000	0.005418	0.023655
3.720000	0.005407	0.023612
3.730000	0.005396	0.023569
3.740000	0.005384	0.023526
3.750000	0.005373	0.023483
3.760000	0.005362	0.023439
3.770000	0.005351	0.023396
3.780000	0.005340	0.023353
3.790000	0.005329	0.023310
3.800000	0.005319	0.023267
3.810000	0.005308	0.023224
3.820000	0.005297	0.023181
3.830000	0.005286	0.023138
3.840000	0.005275	0.023096
3.850000	0.005264	0.023053
3.860000	0.005253	0.023010
3.870000	0.005243	0.022967
3.880000	0.005232	0.022925
3.890000	0.005221	0.022882
3.900000	0.005210	0.022839
3.910000	0.005200	0.022797
3.920000	0.005189	0.022754
3.930000	0.005179	0.022712
3.940000	0.005168	0.022669
3.950000	0.005157	0.022627
3.960000	0.005147	0.022584
3.970000	0.005136	0.022542
3.980000	0.005126	0.022500
3.990000	0.005115	0.022457
4.000000	0.005105	0.022415
4.010000	0.005094	0.022373
4.020000	0.005084	0.022331
4.030000	0.005073	0.022289
4.040000	0.005063	0.022247
4.050000	0.005053	0.022205
4.060000	0.005042	0.022163
4.070000	0.005032	0.022121
4.080000	0.005022	0.022079
4.090000	0.005011	0.022037
4.100000	0.005001	0.021995
4.110000	0.004991	0.021953
4.120000	0.004981	0.021912
4.130000	0.004971	0.021870
4.140000	0.004960	0.021828
4.150000	0.004950	0.021787
4.160000	0.004940	0.021745
4.170000	0.004930	0.021703
4.180000	0.004920	0.021662
4.190000	0.004910	0.021620
4.200000	0.004900	0.021579
4.210000	0.004890	0.021538
4.220000	0.004880	0.021496
4.230000	0.004870	0.021455
4.240000	0.004860	0.021414
4.250000	0.004850	0.021372
4.260000	0.004840	0.021331
4.270000	0.004830	0.021290
4.280000	0.004820	0.021249
4.290000	0.004811	0.021208
4.300000	0.004801	0.021167
4.310000	0.004791	0.021126
4.320000	0.004781	0.021085
4.330000	0.004771	0.021044
4.340000	0.004762	0.021003
4.350000	0.004752	0.020963
4.360000	0.004742	0.020922
4.370000	0.004733	0.020881
4.380000	0.004723	0.020841
4.390000	0.004713	0.020800
4.400000	0.004704	0.020759
4.410000	0.004694	0.020719
4.420000	0.004685	0.020678
4.430000	0.004675	0.020638
4.440000	0.004666	0.020598
4.450000	0.004656	0.020557
4.460000	0.004647	0.020517
4.470000	0.004637	0.020477
4.480000	0.004628	0.020436
4.490000	0.004618	0.020396
4.500000	0.004609	0.020356
4.510000	0.004599	0.020316
4.520000	0.004590	0.020276
4.530000	0.004581	0.020236
4.540000	0.004571	0.020196
4.550000	0.004562	0.020156
4.560000	0.004553	0.020116
4.570000	0.004544	0.020076
4.580000	0.004534	0.020037
4.590000	0.004525	0.019997
4.600000	0.004516	0.019957
4.610000	0.004507	0.019917
4.620000	0.004498	0.019878
4.630000	0.004488	0.019838
4.640000	0.004479	0.019799
4.650000	0.004470	0.019759
4.660000	0.004461	0.019720
4.670000	0.004452	0.019681
4.680000	0.004443	0.019641
4.690000	0.004434	0.019602
4.700000	0.004425	0.019563
4.710000	0.004416	0.019524
4.720000	0.004407	0.019484
4.730000	0.004398	0.019445
4.740000	0.004389	0.019406
4.750000	0.004380	0.019367
4.760000	0.004371	0.019328
4.770000	0.004363	0.019289
4.780000	0.004354	0.019250
4.790000	0.004345	0.019212
4.800000	0.004336	0.019173
4.810000	0.004327	0.019134
4.820000	0.004319	0.019095
4.830000	0.004310	0.019057
4.840000	0.004301	0.019018
4.850000	0.004292	0.018980
4.860000	0.004284	0.018941
4.870000	0.004275	0.018903
4.880000	0.004266	0.018864
4.890000	0.004258	0.018826
4.900000	0.004249	0.018788
4.910000	0.004241	0.018749
4.920000	0.004232	0.018711
4.930000	0.004223	0.018673
4.940000	0.004215	0.018635
4.950000	0.004206	0.018597
4.960000	0.004198	0.018559
4.970000	0.004189	0.018521
4.980000	0.004181	0.018483
4.990000	0.004172	0.018445
5.000000	0.004164	0.018407
5.010000	0.004156	0.018369
5.020000	0.004147	0.018332
5.030000	0.004139	0.018294
5.040000	0.004130	0.018256
5.050000	0.004122	0.018219
5.060000	0.004114	0.018181
5.070000	0.004106	0.018144
5.080000	0.004097	0.018106
5.090000	0.004089	0.018069
5.100000	0.004081	0.018032
5.110000	0.004073	0.017994
5.120000	0.004064	0.017957
5.130000	0.004056	0.017920
5.140000	0.004048	0.017883
5.150000	0.004040	0.017846
5.160000	0.004032	0.017808
5.170000	0.004024	0.017771
5.180000	0.004015	0.017735
5.190000	0.004007	0.017698
5.200000	0.003999	0.017661
5.210000	0.003991	0.017624
5.220000	0.003983	0.017587
5.230000	0.003975	0.017550
5.240000	0.003967	0.017514
5.250000	0.003959	0.017477
5.260000	0.003951	0.017441
5.270000	0.003943	0.017404
5.280000	0.003935	0.017368
5.290000	0.003927	0.017331
5.300000	0.003920	0.017295
5.310000	0.003912	0.017258
5.320000	0.003904	0.017222
5.330000	0.003896	0.017186
5.340000	0.003888	0.017150
5.350000	0.003880	0.017114
5.360000	0.003873	0.017078
5.370000	0.003865	0.017042
5.380000	0.003857	0.017006
5.390000	0.003849	0.016970
5.400000	0.003842	0.016934
5.410000	0.003834	0.016898
5.420000	0.003826	0.016862
5.430000	0.003819	0.016826
5.440000	0.003811	0.016791
5.450000	0.003803	0.016755
5.460000	0.003796	0.016719
5.470000	0.003788	0.016684
5.480000	0.003781	0.016648
5.490000	0.003773	0.016613
5.500000	0.003765	0.016578
5.510000	0.003758	0.016542
5.520000	0.003750	0.016507
5.530000	0.003743	0.016472
5.540000	0.003735	0.016437
5.550000	0.003728	0.016401
5.560000	0.003721	0.016366
5.570000	0.003713	0.016331
5.580000	0.003706	0.016296
5.590000	0.003698	0.016261
5.600000	0.003691	0.016227
5.610000	0.003684	0.016192
5.620000	0.003676	0.016157
5.630000	0.003669	0.016122
5.640000	0.003662	0.016088
5.650000	0.003654	0.016053
5.660000	0.003647	0.016018
5.670000	0.003640	0.015984
5.680000	0.003632	0.015949
5.690000	0.003625	0.015915
5.700000	0.003618	0.015880
5.710000	0.003611	0.015846
5.720000	0.003604	0.015812
5.730000	0.003596	0.015778
5.740000	0.003589	0.015743
5.750000	0.003582	0.015709
5.760000	0.003575	0.015675
5.770000	0.003568	0.015641
5.780000	0.003561	0.015607
5.790000	0.003554	0.015573
5.800000	0.003547	0.015539
5.810000	0.003540	0.015506
5.820000	0.003533	0.015472
5.830000	0.003526	0.015438
5.840000	0.003519	0.015404
5.850000	0.003512	0.015371
5.860000	0.003505	0.015337
5.870000	0.003498	0.015304
5.880000	0.003491	0.015270
5.890000	0.003484	0.015237
5.900000	0.003477	0.015204
5.910000	0.003470	0.015170
5.920000	0.003463	0.015137
5.930000	0.003456	0.015104
5.940000	0.003449	0.015071
5.950000	0.003443	0.015037
5.960000	0.003436	0.015004
5.970000	0.003429	0.014971
5.980000	0.003422	0.014938
5.990000	0.003415	0.014906
6.000000	0.003409	0.014873
6.010000	0.003402	0.014840
6.020000	0.003395	0.014807
6.030000	0.003389	0.014774
6.040000	0.003382	0.014742
6.050000	0.003375	0.014709
6.060000	0.003368	0.014677
6.070000	0.003362	0.014644
6.080000	0.003355	0.014612
6.090000	0.003349	0.014579
6.100000	0.003342	0.014547
6.110000	0.003335	0.014515
6.120000	0.003329	0.014482
6.130000	0.003322	0.014450
6.140000	0.003316	0.014418
6.150000	0.003309	0.014386
6.160000	0.003303	0.014354
6.170000	0.003296	0.014322
6.180000	0.003290	0.014290
6.190000	0.003283	0.014258
6.200000	0.003277	0.014226
6.210000	0.003270	0.014195
6.220000	0.003264	0.014163
6.230000	0.003257	0.014131
6.240000	0.003251	0.014100
6.250000	0.003245	0.014068
6.260000	0.003238	0.014036
6.270000	0.003232	0.014005
6.280000	0.003226	0.013974
6.290000	0.003219	0.013942
6.300000	0.003213	0.013911
6.310000	0.003207	0.013880
6.320000	0.003200	0.013848
6.330000	0.003194	0.013817
6.340000	0.003188	0.013786
6.350000	0.003182	0.013755
6.360000	0.003175	0.013724
6.370000	0.003169	0.013693
6.380000	0.003163	0.013662
6.390000	0.003157	0.013631
6.400000	0.003151	0.013600
6.410000	0.003144	0.013570
6.420000	0.003138	0.013539
6.430000	0.003132	0.013508
6.440000	0.003126	0.013478
6.450000	0.003120	0.013447
6.460000	0.003114	0.013417
6.470000	0.003108	0.013386
6.480000	0.003102	0.013356
6.490000	0.003096	0.013325
6.500000	0.003090	0.013295
6.510000	0.003084	0.013265
6.520000	0.003077	0.013235
6.530000	0.003071	0.013205
6.540000	0.003066	0.013175
6.550000	0.003060	0.013144
6.560000	0.003054	0.013114
6.570000	0.003048	0.013085
6.580000	0.003042	0.013055
6.590000	0.003036	0.013025
6.600000	0.003030	0.012995
6.610000	0.003024	0.012965
6.620000	0.003018	0.012936
6.630000	0.003012	0.012906
6.640000	0.003006	0.012876
6.650000	0.003001	0.012847
6.660000	0.002995	0.012817
6.670000	0.002989	0.012788
6.680000	0.002983	0.012759
6.690000	0.002977	0.012729
6.700000	0.002971	0.012700
6.710000	0.002966	0.012671
6.720000	0.002960	0.012642
6.730000	0.002954	0.012612
6.740000	0.002949	0.012583
6.750000	0.002943	0.012554
6.760000	0.002937	0.012525
6.770000	0.002931	0.012496
6.780000	0.002926	0.012468
6.790000	0.002920	0.012439
6.800000	0.002914	0.012410
6.810000	0.002909	0.012381
6.820000	0.002903	0.012353
6.830000	0.002898	0.012324
6.840000	0.002892	0.012295
6.850000	0.002886	0.012267
6.860000	0.002881	0.012238
6.870000	0.002875	0.012210
6.880000	0.002870	0.012182
6.890000	0.002864	0.012153
6.900000	0.002859	0.012125
6.910000	0.002853	0.012097
6.920000	0.002848	0.012069
6.930000	0.002842	0.012041
6.940000	0.002837	0.012013
6.950000	0.002831	0.011985
6.960000	0.002826	0.011957
6.970000	0.002820	0.011929
6.980000	0.002815	0.011901
6.990000	0.002809	0.011873
7.000000	0.002804	0.011845
7.010000	0.002799	0.011818
7.020000	0.002793	0.011790
7.030000	0.002788	0.011762
7.040000	0.002783	0.011735
7.050000	0.002777	0.011707
7.060000	0.002772	0.011680
7.070000	0.002767	0.011652
7.080000	0.002761	0.011625
7.090000	0.002756	0.011598
7.100000	0.002751	0.011570
7.110000	0.002745	0.011543
7.120000	0.002740	0.011516
7.130000	0.002735	0.011489
7.140000	0.002730	0.011462
7.150000	0.002724	0.011435
7.160000	0.002719	0.011408
7.170000	0.002714	0.011381
7.180000	0.002709	0.011354
7.190000	0.002704	0.011327
7.200000	0.002698	0.011301
7.210000	0.002693	0.011274
7.220000	0.002688	0.011247
7.230000	0.002683	0.011221
7.240000	0.002678	0.011194
7.250000	0.002673	0.011168
7.260000	0.002668	0.011141
7.270000	0.002663	0.011115
7.280000	0.002658	0.011088
7.290000	0.002652	0.011062
7.300000	0.002647	0.011036
7.310000	0.002642	0.011010
7.320000	0.002637	0.010983
7.330000	0.002632	0.010957
7.340000	0.002627	0.010931
7.350000	0.002622	0.010905
7.360000	0.002617	0.010879
7.370000	0.002612	0.010853
7.380000	0.002607	0.010827
7.390000	0.002602	0.010802
7.400000	0.002597	0.010776
7.410000	0.002593	0.010750
7.420000	0.002588	0.010725
7.430000	0.002583	0.010699
7.440000	0.002578	0.010673
7.450000	0.002573	0.010648
7.460000	0.002568	0.010622
7.470000	0.002563	0.010597
7.480000	0.002558	0.010572
7.490000	0.002553	0.010546
7.500000	0.002549	0.010521
7.510000	0.002544	0.010496
7.520000	0.002539	0.010471
7.530000	0.002534	0.010445
7.540000	0.002529	0.010420
7.550000	0.002525	0.010395
7.560000	0.002520	0.010370
7.570000	0.002515	0.010345
7.580000	0.002510	0.010320
7.590000	0.002506	0.010296
7.600000	0.002501	0.010271
7.610000	0.002496	0.010246
7.620000	0.002491	0.010221
7.630000	0.002487	0.010197
7.640000	0.002482	0.010172
7.650000	0.002477	0.010148
7.660000	0.002473	0.010123
7.670000	0.002468	0.010099
7.680000	0.002463	0.010074
7.690000	0.002459	0.010050
7.700000	0.002454	0.010026
7.710000	0.002450	0.010001
7.720000	0.002445	0.009977
7.730000	0.002440	0.009953
7.740000	0.002436	0.009929
7.750000	0.002431	0.009905
7.760000	0.002427	0.009881
7.770000	0.002422	0.009857
7.780000	0.002418	0.009833
7.790000	0.002413	0.009809
7.800000	0.002408	0.009785
7.810000	0.002404	0.009761
7.820000	0.002399	0.009738
7.830000	0.002395	0.009714
7.840000	0.002390	0.009690
7.850000	0.002386	0.009667
7.860000	0.002382	0.009643
7.870000	0.002377	0.009620
7.880000	0.002373	0.009596
7.890000	0.002368	0.009573
7.900000	0.002364	0.009549
7.910000	0.002359	0.009526
7.920000	0.002355	0.009503
7.930000	0.002351	0.009480
7.940000	0.002346	0.009456
7.950000	0.002342	0.009433
7.960000	0.002337	0.009410
7.970000	0.002333	0.009387
7.980000	0.002329	0.009364
7.990000	0.002324	0.009341
8.000000	0.002320	0.009318
8.010000	0.002316	0.009295
8.020000	0.002311	0.009273
8.030000	0.002307	0.009250
8.040000	0.002303	0.009227
8.050000	0.002299	0.009205
8.060000	0.002294	0.009182
8.070000	0.002290	0.009159
8.080000	0.002286	0.009137
8.090000	0.002282	0.009114
8.100000	0.002277	0.009092
8.110000	0.002273	0.009070
8.120000	0.002269	0.009047
8.130000	0.002265	0.009025
8.140000	0.002260	0.009003
8.150000	0.002256	0.008981
8.160000	0.002252	0.008958
8.170000	0.002248	0.008936
8.180000	0.002244	0.008914
8.190000	0.002240	0.008892
8.200000	0.002235	0.008870
8.210000	0.002231	0.008848
8.220000	0.002227	0.008826
8.230000	0.002223	0.008805
8.240000	0.002219	0.008783
8.250000	0.002215	0.008761
8.260000	0.002211	0.008739
8.270000	0.002207	0.008718
8.280000	0.002203	0.008696
8.290000	0.002199	0.008675
8.300000	0.002195	0.008653
8.310000	0.002191	0.008632
8.320000	0.002187	0.008610
8.330000	0.002182	0.008589
8.340000	0.002178	0.008568
8.350000	0.002174	0.008546
8.360000	0.002170	0.008525
8.370000	0.002166	0.008504
8.380000	0.002162	0.008483
8.390000	0.002159	0.008462
8.400000	0.002155	0.008441
8.410000	0.002151	0.008419
8.420000	0.002147	0.008399
8.430000	0.002143	0.008378
8.440000	0.002139	0.008357
8.450000	0.002135	0.008336
8.460000	0.002131	0.008315
8.470000	0.002127	0.008294
8.480000	0.002123	0.008274
8.490000	0.002119	0.008253
8.500000	0.002115	0.008232
8.510000	0.002112	0.008212
8.520000	0.002108	0.008191
8.530000	0.002104	0.008171
8.540000	0.002100	0.008150
8.550000	0.002096	0.008130
8.560000	0.002092	0.008110
8.570000	0.002088	0.008089
8.580000	0.002085	0.008069
8.590000	0.002081	0.008049
8.600000	0.002077	0.008029
8.610000	0.002073	0.008008
8.620000	0.002070	0.007988
8.630000	0.002066	0.007968
8.640000	0.002062	0.007948
8.650000	0.002058	0.007928
8.660000	0.002055	0.007908
8.670000	0.002051	0.007889
8.680000	0.002047	0.007869
8.690000	0.002043	0.007849
8.700000	0.002040	0.007829
8.710000	0.002036	0.007810
8.720000	0.002032	0.007790
8.730000	0.002029	0.007770
8.740000	0.002025	0.007751
8.750000	0.002021	0.007731
8.760000	0.002018	0.007712
8.770000	0.002014	0.007692
8.780000	0.002010	0.007673
8.790000	0.002007	0.007653
8.800000	0.002003	0.007634
8.810000	0.001999	0.007615
8.820000	0.001996	0.007596
8.830000	0.001992	0.007576
8.840000	0.001988	0.007557
8.850000	0.001985	0.007538
8.860000	0.001981	0.007519
8.870000	0.001978	0.007500
8.880000	0.001974	0.007481
8.890000	0.001971	0.007462
8.900000	0.001967	0.007443
8.910000	0.001964	0.007424
8.920000	0.001960	0.007406
8.930000	0.001956	0.007387
8.940000	0.001953	0.007368
8.950000	0.001949	0.007349
8.960000	0.001946	0.007331
8.970000	0.001942	0.007312
8.980000	0.001939	0.007294
8.990000	0.001935	0.007275
9.000000	0.001932	0.007257
9.010000	0.001928	0.007238
9.020000	0.001925	0.007220
9.030000	0.001922	0.007201
9.040000	0.001918	0.007183
9.050000	0.001915	0.007165
9.060000	0.001911	0.007147
9.070000	0.001908	0.007128
9.080000	0.001904	0.007110
9.090000	0.001901	0.007092
9.100000	0.001898	0.007074
9.110000	0.001894	0.007056
9.120000	0.001891	0.007038
9.130000	0.001887	0.007020
9.140000	0.001884	0.007002
9.150000	0.001881	0.006984
9.160000	0.001877	0.006967
9.170000	0.001874	0.006949
9.180000	0.001871	0.006931
9.190000	0.001867	0.006913
9.200000	0.001864	0.006896
9.210000	0.001861	0.006878
9.220000	0.001857	0.006860
9.230000	0.001854	0.006843
9.240000	0.001851	0.006825
9.250000	0.001847	0.006808
9.260000	0.001844	0.006791
9.270000	0.001841	0.006773
9.280000	0.001838	0.006756
9.290000	0.001834	0.006738
9.300000	0.001831	0.006721
9.310000	0.001828	0.006704
9.320000	0.001825	0.006687
9.330000	0.001821	0.006670
9.340000	0.001818	0.006653
9.350000	0.001815	0.006636
9.360000	0.001812	0.006618
9.370000	0.001808	0.006601
9.380000	0.001805	0.006585
9.390000	0.001802	0.006568
9.400000	0.001799	0.006551
9.410000	0.001796	0.006534
9.420000	0.001792	0.006517
9.430000	0.001789	0.006500
9.440000	0.001786	0.006484
9.450000	0.001783	0.006467
9.460000	0.001780	0.006450
9.470000	0.001777	0.006434
9.480000	0.001774	0.006417
9.490000	0.001770	0.006401
9.500000	0.001767	0.006384
9.510000	0.001764	0.006368
9.520000	0.001761	0.006351
9.530000	0.001758	0.006335
9.540000	0.001755	0.006319
9.550000	0.001752	0.006302
9.560000	0.001749	0.006286
9.570000	0.001746	0.006270
9.580000	0.001743	0.006254
9.590000	0.001740	0.006238
9.600000	0.001736	0.006221
9.610000	0.001733	0.006205
9.620000	0.001730	0.006189
9.630000	0.001727	0.006173
9.640000	0.001724	0.006157
9.650000	0.001721	0.006141
9.660000	0.001718	0.006126
9.670000	0.001715	0.006110
9.680000	0.001712	0.006094
9.690000	0.001709	0.006078
9.700000	0.001706	0.006062
9.710000	0.001703	0.006047
9.720000	0.001700	0.006031
9.730000	0.001697	0.006015
9.740000	0.001694	0.006000
9.750000	0.001691	0.005984
9.760000	0.001688	0.005969
9.770000	0.001685	0.005953
9.780000	0.001683	0.005938
9.790000	0.001680	0.005922
9.800000	0.001677	0.005907
9.810000	0.001674	0.005892
9.820000	0.001671	0.005876
9.830000	0.001668	0.005861
9.840000	0.001665	0.005846
9.850000	0.001662	0.005831
9.860000	0.001659	0.005816
9.870000	0.001656	0.005801
9.880000	0.001653	0.005786
9.890000	0.001651	0.005770
9.900000	0.001648	0.005755
9.910000	0.001645	0.005741
9.920000	0.001642	0.005726
9.930000	0.001639	0.005711
9.940000	0.001636	0.005696
9.950000	0.001633	0.005681
9.960000	0.001631	0.005666
9.970000	0.001628	0.005651
9.980000	0.001625	0.005637
9.990000	0.001622	0.005622
10.000000	0.001619	0.005607
