-10.000000	0.033164	0.040200
-9.990000	0.033121	0.040239
-9.980000	0.033077	0.040278
-9.970000	0.033034	0.040317
-9.960000	0.032990	0.040356
-9.950000	0.032947	0.040395
-9.940000	0.032903	0.040435
-9.930000	0.032860	0.040474
-9.920000	0.032816	0.040513
-9.910000	0.032773	0.040552
-9.900000	0.032729	0.040591
-9.890000	0.032686	0.040629
-9.880000	0.032642	0.040668
-9.870000	0.032599	0.040707
-9.860000	0.032555	0.040746
-9.850000	0.032511	0.040785
-9.840000	0.032468	0.040824
-9.830000	0.032424	0.040862
-9.820000	0.032381	0.040901
-9.810000	0.032337	0.040940
-9.800000	0.032294	0.040978
-9.790000	0.032250	0.041017
-9.780000	0.032207	0.041055
-9.770000	0.032163	0.041094
-9.760000	0.032120	0.041132
-9.750000	0.032076	0.041171
-9.740000	0.032032	0.041209
-9.730000	0.031989	0.041248
-9.720000	0.031945	0.041286
-9.710000	0.031902	0.041324
-9.700000	0.031858	0.041363
-9.690000	0.031815	0.041401
-9.680000	0.031771	0.041439
-9.670000	0.031728	0.041477
-9.660000	0.031684	0.041516
-9.650000	0.031641	0.041554
-9.640000	0.031597	0.041592
-9.630000	0.031553	0.041630
-9.620000	0.031510	0.041668
-9.610000	0.031466	0.041706
-9.600000	0.031423	0.041744
-9.590000	0.031379	0.041782
-9.580000	0.031336	0.041820
-9.570000	0.031292	0.041857
-9.560000	0.031249	0.041895
-9.550000	0.031205	0.041933
-9.540000	0.031162	0.041971
-9.530000	0.031118	0.042008
-9.520000	0.031075	0.042046
-9.510000	0.031031	0.042084
-9.500000	0.030988	0.042121
-9.490000	0.030944	0.042159
-9.480000	0.030901	0.042196
-9.470000	0.030857	0.042234
-9.460000	0.030814	0.042271
-9.450000	0.030771	0.042308
-9.440000	0.030727	0.042346
-9.430000	0.030684	0.042383
-9.420000	0.030640	0.042420
-9.410000	0.030597	0.042457
-9.400000	0.030553	0.042495
-9.390000	0.030510	0.042532
-9.380000	0.030466	0.042569
-9.370000	0.030423	0.042606
-9.360000	0.030380	0.042643
-9.350000	0.030336	0.042680
-9.340000	0.030293	0.042717
-9.330000	0.030250	0.042754
-9.320000	0.030206	0.042790
-9.310000	0.030163	0.042827
-9.300000	0.030119	0.042864
-9.290000	0.030076	0.042901
-9.280000	0.030033	0.042937
-9.270000	0.029989	0.042974
-9.260000	0.029946	0.043011
-9.250000	0.029903	0.043047
-9.240000	0.029859	0.043084
-9.230000	0.029816	0.043120
-9.220000	0.029773	0.043156
-9.210000	0.029730	0.043193
-9.200000	0.029686	0.043229
-9.190000	0.029643	0.043265
-9.180000	0.029600	0.043302
-9.170000	0.029557	0.043338
-9.160000	0.029513	0.043374
-9.150000	0.029470	0.043410
-9.140000	0.029427	0.043446
-9.130000	0.029384	0.043482
-9.120000	0.029341	0.043518
-9.110000	0.029297	0.043554
-9.100000	0.029254	0.043590
-9.090000	0.029211	0.043625
-9.080000	0.029168	0.043661
-9.070000	0.029125	0.043697
-9.060000	0.029082	0.043732
-9.050000	0.029039	0.043768
-9.040000	0.028996	0.043804
-9.030000	0.028952	0.043839
-9.020000	0.028909	0.043875
-9.010000	0.028866	0.043910
-9.000000	0.028823	0.043945
-8.990000	0.028780	0.043981
-8.980000	0.028737	0.044016
-8.970000	0.028694	0.044051
-8.960000	0.028651	0.044086
-8.950000	0.028608	0.044121
-8.940000	0.028565	0.044157
-8.930000	0.028522	0.044192
-8.920000	0.028480	0.044226
-8.910000	0.028437	0.044261
-8.900000	0.028394	0.044296
-8.890000	0.028351	0.044331
-8.880000	0.028308	0.044366
-8.870000	0.028265	0.044401
-8.860000	0.028222	0.044435
-8.850000	0.028179	0.044470
-8.840000	0.028137	0.044504
-8.830000	0.028094	0.044539
-8.820000	0.028051	0.044573
-8.810000	0.028008	0.044608
-8.800000	0.027966	0.044642
-8.790000	0.027923	0.044676
-8.780000	0.027880	0.044710
-8.770000	0.027837	0.044745
-8.760000	0.027795	0.044779
-8.750000	0.027752	0.044813
-8.740000	0.027709	0.044847
-8.730000	0.027667	0.044881
-8.720000	0.027624	0.044915
-8.710000	0.027582	0.044949
-8.700000	0.027539	0.044982
-8.690000	0.027496	0.045016
-8.680000	0.027454	0.045050
-8.670000	0.027411	0.045083
-8.660000	0.027369	0.045117
-8.650000	0.027326	0.045150
-8.640000	0.027284	0.045184
-8.630000	0.027242	0.045217
-8.620000	0.027199	0.045251
-8.610000	0.027157	0.045284
-8.600000	0.027114	0.045317
-8.590000	0.027072	0.045350
-8.580000	0.027030	0.045383
-8.570000	0.026987	0.045416
-8.560000	0.026945	0.045449
-8.550000	0.026903	0.045482
-8.540000	0.026860	0.045515
-8.530000	0.026818	0.045548
-8.520000	0.026776	0.045581
-8.510000	0.026734	0.045613
-8.500000	0.026691	0.045646
-8.490000	0.026649	0.045679
-8.480000	0.026607	0.045711
-8.470000	0.026565	0.045744
-8.460000	0.026523	0.045776
-8.450000	0.026481	0.045808
-8.440000	0.026439	0.045841
-8.430000	0.026397	0.045873
-8.420000	0.026355	0.045905
-8.410000	0.026313	0.045937
-8.400000	0.026271	0.045969
-8.390000	0.026229	0.046001
-8.380000	0.026187	0.046033
-8.370000	0.026145	0.046065
-8.360000	0.026103	0.046097
-8.350000	0.026061	0.046128
-8.340000	0.026019	0.046160
-8.330000	0.025977	0.046192
-8.320000	0.025936	0.046223
-8.310000	0.025894	0.046255
-8.300000	0.025852	0.046286
-8.290000	0.025810	0.046317
-8.280000	0.025769	0.046349
-8.270000	0.025727	0.046380
-8.260000	0.025685	0.046411
-8.250000	0.025644	0.046442
-8.240000	0.025602	0.046473
-8.230000	0.025560	0.046504
-8.220000	0.025519	0.046535
-8.210000	0.025477	0.046566
-8.200000	0.025436	0.046597
-8.190000	0.025394	0.046627
-8.180000	0.025353	0.046658
-8.170000	0.025311	0.046688
-8.160000	0.025270	0.046719
-8.150000	0.025229	0.046749
-8.140000	0.025187	0.046780
-8.130000	0.025146	0.046810
-8.120000	0.025105	0.046840
-8.110000	0.025063	0.046870
-8.100000	0.025022	0.046900
-8.090000	0.024981	0.046931
-8.080000	0.024940	0.046960
-8.070000	0.024898	0.046990
-8.060000	0.024857	0.047020
-8.050000	0.024816	0.047050
-8.040000	0.024775	0.047080
-8.030000	0.024734	0.047109
-8.020000	0.024693	0.047139
-8.010000	0.024652	0.047168
-8.000000	0.024611	0.047198
-7.990000	0.024570	0.047227
-7.980000	0.024529	0.047256
-7.970000	0.024488	0.047286
-7.960000	0.024447	0.047315
-7.950000	0.024406	0.047344
-7.940000	0.024365	0.047373
-7.930000	0.024325	0.047402
-7.920000	0.024284	0.047430
-7.910000	0.024243	0.047459
-7.900000	0.024202	0.047488
-7.890000	0.024162	0.047517
-7.880000	0.024121	0.047545
-7.870000	0.024080	0.047574
-7.860000	0.024040	0.047602
-7.850000	0.023999	0.047630
-7.840000	0.023959	0.047659
-7.830000	0.023918	0.047687
-7.820000	0.023878	0.047715
-7.810000	0.023837	0.047743
-7.800000	0.023797	0.047771
-7.790000	0.023756	0.047799
-7.780000	0.023716	0.047827
-7.770000	0.023676	0.047855
-7.760000	0.023635	0.047882
-7.750000	0.023595	0.047910
-7.740000	0.023555	0.047937
-7.730000	0.023515	0.047965
-7.720000	0.023474	0.047992
-7.710000	0.023434	0.048020
-7.700000	0.023394	0.048047
-7.690000	0.023354	0.048074
-7.680000	0.023314	0.048101
-7.670000	0.023274	0.048128
-7.660000	0.023234	0.048155
-7.650000	0.023194	0.048182
-7.640000	0.023154	0.048209
-7.630000	0.023114	0.048236
-7.620000	0.023074	0.048262
-7.610000	0.023034	0.048289
-7.600000	0.022995	0.048315
-7.590000	0.022955	0.048342
-7.580000	0.022915	0.048368
-7.570000	0.022875	0.048394
-7.560000	0.022836	0.048421
-7.550000	0.022796	0.048447
-7.540000	0.022756	0.048473
-7.530000	0.022717	0.048499
-7.520000	0.022677	0.048525
-7.510000	0.022638	0.048550
-7.500000	0.022598	0.048576
-7.490000	0.022559	0.048602
-7.480000	0.022519	0.048627
-7.470000	0.022480	0.048653
-7.460000	0.022440	0.048678
-7.450000	0.022401	0.048703
-7.440000	0.022362	0.048729
-7.430000	0.022323	0.048754
-7.420000	0.022283	0.048779
-7.410000	0.022244	0.048804
-7.400000	0.022205	0.048829
-7.390000	0.022166	0.048854
-7.380000	0.022127	0.048879
-7.370000	0.022088	0.048903
-7.360000	0.022049	0.048928
-7.350000	0.022010	0.048952
-7.340000	0.021971	0.048977
-7.330000	0.021932	0.049001
-7.320000	0.021893	0.049026
-7.310000	0.021854	0.049050
-7.300000	0.021815	0.049074
-7.290000	0.021776	0.049098
-7.280000	0.021738	0.049122
-7.270000	0.021699	0.049146
-7.260000	0.021660	0.049170
-7.250000	0.021622	0.049193
-7.240000	0.021583	0.049217
-7.230000	0.021544	0.049241
-7.220000	0.021506	0.049264
-7.210000	0.021467	0.049287
-7.200000	0.021429	0.049311
-7.190000	0.021390	0.049334
-7.180000	0.021352	0.049357
-7.170000	0.021314	0.049380
-7.160000	0.021275	0.049403
-7.150000	0.021237	0.049426
-7.140000	0.021199	0.049449
-7.130000	0.021161	0.049472
-7.120000	0.021122	0.049494
-7.110000	0.021084	0.049517
-7.100000	0.021046	0.049539
-7.090000	0.021008	0.049562
-7.080000	0.020970	0.049584
-7.070000	0.020932	0.049606
-7.060000	0.020894	0.049628
-7.050000	0.020856	0.049650
-7.040000	0.020818	0.049672
-7.030000	0.020780	0.049694
-7.020000	0.020743	0.049716
-7.010000	0.020705	0.049738
-7.000000	0.020667	0.049759
-6.990000	0.020629	0.049781
-6.980000	0.020592	0.049802
-6.970000	0.020554	0.049824
-6.960000	0.020516	0.049845
-6.950000	0.020479	0.049866
-6.940000	0.020441	0.049887
-6.930000	0.020404	0.049908
-6.920000	0.020366	0.049929
-6.910000	0.020329	0.049950
-6.900000	0.020292	0.049971
-6.890000	0.020254	0.049991
-6.880000	0.020217	0.050012
-6.870000	0.020180	0.050033
-6.860000	0.020142	0.050053
-6.850000	0.020105	0.050073
-6.840000	0.020068	0.050094
-6.830000	0.020031	0.050114
-6.820000	0.019994	0.050134
-6.810000	0.019957	0.050154
-6.800000	0.019920	0.050174
-6.790000	0.019883	0.050193
-6.780000	0.019846	0.050213
-6.770000	0.019809	0.050233
-6.760000	0.019772	0.050252
-6.750000	0.019736	0.050272
-6.740000	0.019699	0.050291
-6.730000	0.019662	0.050310
-6.720000	0.019625	0.050329
-6.710000	0.019589	0.050349
-6.700000	0.019552	0.050368
-6.690000	0.019516	0.050386
-6.680000	0.019479	0.050405
-6.670000	0.019443	0.050424
-6.660000	0.019406	0.050443
-6.650000	0.019370	0.050461
-6.640000	0.019333	0.050480
-6.630000	0.019297	0.050498
-6.620000	0.019261	0.050516
-6.610000	0.019225	0.050534
-6.600000	0.019188	0.050553
-6.590000	0.019152	0.050571
-6.580000	0.019116	0.050588
-6.570000	0.019080	0.050606
-6.560000	0.019044	0.050624
-6.550000	0.019008	0.050642
-6.540000	0.018972	0.050659
-6.530000	0.018936	0.050677
-6.520000	0.018900	0.050694
-6.510000	0.018864	0.050711
-6.500000	0.018829	0.050728
-6.490000	0.018793	0.050746
-6.480000	0.018757	0.050763
-6.470000	0.018721	0.050779
-6.460000	0.018686	0.050796
-6.450000	0.018650	0.050813
-6.440000	0.018615	0.050830
-6.430000	0.018579	0.050846
-6.420000	0.018544	0.050863
-6.410000	0.018508	0.050879
-6.400000	0.018473	0.050895
-6.390000	0.018438	0.050911
-6.380000	0.018402	0.050927
-6.370000	0.018367	0.050943
-6.360000	0.018332	0.050959
-6.350000	0.018297	0.050975
-6.340000	0.018261	0.050991
-6.330000	0.018226	0.051006
-6.320000	0.018191	0.051022
-6.310000	0.018156	0.051037
-6.300000	0.018121	0.051053
-6.290000	0.018086	0.051068
-6.280000	0.018051	0.051083
-6.270000	0.018017	0.051098
-6.260000	0.017982	0.051113
-6.250000	0.017947	0.051128
-6.240000	0.017912	0.051142
-6.230000	0.017878	0.051157
-6.220000	0.017843	0.051172
-6.210000	0.017808	0.051186
-6.200000	0.017774	0.051200
-6.190000	0.017739	0.051215
-6.180000	0.017705	0.051229
-6.170000	0.017670	0.051243
-6.160000	0.017636	0.051257
-6.150000	0.017602	0.051271
-6.140000	0.017567	0.051285
-6.130000	0.017533	0.051298
-6.120000	0.017499	0.051312
-6.110000	0.017465	0.051326
-6.100000	0.017431	0.051339
-6.090000	0.017396	0.051352
-6.080000	0.017362	0.051365
-6.070000	0.017328	0.051379
-6.060000	0.017294	0.051392
-6.050000	0.017261	0.051405
-6.040000	0.017227	0.051417
-6.030000	0.017193	0.051430
-6.020000	0.017159	0.051443
-6.010000	0.017125	0.051455
-6.000000	0.017092	0.051468
-5.990000	0.017058	0.051480
-5.980000	0.017024	0.051492
-5.970000	0.016991	0.051505
-5.960000	0.016957	0.051517
-5.950000	0.016924	0.051529
-5.940000	0.016890	0.051540
-5.930000	0.016857	0.051552
-5.920000	0.016824	0.051564
-5.910000	0.016790	0.051575
-5.900000	0.016757	0.051587
-5.890000	0.016724	0.051598
-5.880000	0.016690	0.051610
-5.870000	0.016657	0.051621
-5.860000	0.016624	0.051632
-5.850000	0.016591	0.051643
-5.840000	0.016558	0.051654
-5.830000	0.016525	0.051665
-5.820000	0.016492	0.051675
-5.810000	0.016459	0.051686
-5.800000	0.016427	0.051696
-5.790000	0.016394	0.051707
-5.780000	0.016361	0.051717
-5.770000	0.016328	0.051727
-5.760000	0.016296	0.051737
-5.750000	0.016263	0.051747
-5.740000	0.016230	0.051757
-5.730000	0.016198	0.051767
-5.720000	0.016165	0.051777
-5.710000	0.016133	0.051786
-5.700000	0.016101	0.051796
-5.690000	0.016068	0.051805
-5.680000	0.016036	0.051815
-5.670000	0.016004	0.051824
-5.660000	0.015971	0.051833
-5.650000	0.015939	0.051842
-5.640000	0.015907	0.051851
-5.630000	0.015875	0.051860
-5.620000	0.015843	0.051869
-5.610000	0.015811	0.051877
-5.600000	0.015779	0.051886
-5.590000	0.015747	0.051894
-5.580000	0.015715	0.051902
-5.570000	0.015683	0.051911
-5.560000	0.015652	0.051919
-5.550000	0.015620	0.051927
-5.540000	0.015588	0.051935
-5.530000	0.015557	0.051943
-5.520000	0.015525	0.051950
-5.510000	0.015493	0.051958
-5.500000	0.015462	0.051965
-5.490000	0.015430	0.051973
-5.480000	0.015399	0.051980
-5.470000	0.015368	0.051987
-5.460000	0.015336	0.051995
-5.450000	0.015305	0.052002
-5.440000	0.015274	0.052009
-5.430000	0.015242	0.052015
-5.420000	0.015211	0.052022
-5.410000	0.015180	0.052029
-5.400000	0.015149	0.052035
-5.390000	0.015118	0.052042
-5.380000	0.015087	0.052048
-5.370000	0.015056	0.052054
-5.360000	0.015025	0.052060
-5.350000	0.014994	0.052066
-5.340000	0.014964	0.052072
-5.330000	0.014933	0.052078
-5.320000	0.014902	0.052084
-5.310000	0.014871	0.052089
-5.300000	0.014841	0.052095
-5.290000	0.014810	0.052100
-5.280000	0.014780	0.052106
-5.270000	0.014749	0.052111
-5.260000	0.014719	0.052116
-5.250000	0.014688	0.052121
-5.240000	0.014658	0.052126
-5.230000	0.014628	0.052131
-5.220000	0.014597	0.052136
-5.210000	0.014567	0.052140
-5.200000	0.014537	0.052145
-5.190000	0.014507	0.052149
-5.180000	0.014477	0.052153
-5.170000	0.014447	0.052158
-5.160000	0.014417	0.052162
-5.150000	0.014387	0.052166
-5.140000	0.014357	0.052170
-5.130000	0.014327	0.052173
-5.120000	0.014297	0.052177
-5.110000	0.014267	0.052181
-5.100000	0.014238	0.052184
-5.090000	0.014208	0.052188
-5.080000	0.014178	0.052191
-5.070000	0.014149	0.052194
-5.060000	0.014119	0.052197
-5.050000	0.014090	0.052200
-5.040000	0.014060	0.052203
-5.030000	0.014031	0.052206
-5.020000	0.014001	0.052209
-5.010000	0.013972	0.052211
-5.000000	0.013943	0.052214
-4.990000	0.013914	0.052216
-4.980000	0.013884	0.052218
-4.970000	0.013855	0.052221
-4.960000	0.013826	0.052223
-4.950000	0.013797	0.052225
-4.940000	0.013768	0.052226
-4.930000	0.013739	0.052228
-4.920000	0.013710	0.052230
-4.910000	0.013681	0.052232
-4.900000	0.013652	0.052233
-4.890000	0.013624	0.052234
-4.880000	0.013595	0.052236
-4.870000	0.013566	0.052237
-4.860000	0.013538	0.052238
-4.850000	0.013509	0.052239
-4.840000	0.013480	0.052240
-4.830000	0.013452	0.052240
-4.820000	0.013423	0.052241
-4.810000	0.013395	0.052242
-4.800000	0.013367	0.052242
-4.790000	0.013338	0.052243
-4.780000	0.013310	0.052243
-4.770000	0.013282	0.052243
-4.760000	0.013254	0.052243
-4.750000	0.013225	0.052243
-4.740000	0.013197	0.052243
-4.730000	0.013169	0.052243
-4.720000	0.013141	0.052242
-4.710000	0.013113	0.052242
-4.700000	0.013085	0.052241
-4.690000	0.013057	0.052241
-4.680000	0.013030	0.052240
-4.670000	0.013002	0.052239
-4.660000	0.012974	0.052238
-4.650000	0.012946	0.052237
-4.640000	0.012919	0.052236
-4.630000	0.012891	0.052235
-4.620000	0.012863	0.052233
-4.610000	0.012836	0.052232
-4.600000	0.012808	0.052230
-4.590000	0.012781	0.052228
-4.580000	0.012754	0.052227
-4.570000	0.012726	0.052225
-4.560000	0.012699	0.052223
-4.550000	0.012672	0.052221
-4.540000	0.012644	0.052219
-4.530000	0.012617	0.052216
-4.520000	0.012590	0.052214
-4.510000	0.012563	0.052211
-4.500000	0.012536	0.052209
-4.490000	0.012509	0.052206
-4.480000	0.012482	0.052203
-4.470000	0.012455	0.052201
-4.460000	0.012428	0.052198
-4.450000	0.012401	0.052194
-4.440000	0.012375	0.052191
-4.430000	0.012348	0.052188
-4.420000	0.012321	0.052185
-4.410000	0.012295	0.052181
-4.400000	0.012268	0.052178
-4.390000	0.012242	0.052174
-4.380000	0.012215	0.052170
-4.370000	0.012189	0.052166
-4.360000	0.012162	0.052162
-4.350000	0.012136	0.052158
-4.340000	0.012109	0.052154
-4.330000	0.012083	0.052150
-4.320000	0.012057	0.052145
-4.310000	0.012031	0.052141
-4.300000	0.012005	0.052136
-4.290000	0.011978	0.052131
-4.280000	0.011952	0.052127
-4.270000	0.011926	0.052122
-4.260000	0.011900	0.052117
-4.250000	0.011875	0.052112
-4.240000	0.011849	0.052106
-4.230000	0.011823	0.052101
-4.220000	0.011797	0.052096
-4.210000	0.011771	0.052090
-4.200000	0.011746	0.052085
-4.190000	0.011720	0.052079
-4.180000	0.011694	0.052073
-4.170000	0.011669	0.052067
-4.160000	0.011643	0.052061
-4.150000	0.011618	0.052055
-4.140000	0.011592	0.052049
-4.130000	0.011567	0.052043
-4.120000	0.011542	0.052036
-4.110000	0.011516	0.052030
-4.100000	0.011491	0.052023
-4.090000	0.011466	0.052016
-4.080000	0.011441	0.052010
-4.070000	0.011415	0.052003
-4.060000	0.011390	0.051996
-4.050000	0.011365	0.051989
-4.040000	0.011340	0.051982
-4.030000	0.011315	0.051974
-4.020000	0.011290	0.051967
-4.010000	0.011266	0.051959
-4.000000	0.011241	0.051952
-3.990000	0.011216	0.051944
-3.980000	0.011191	0.051936
-3.970000	0.011167	0.051928
-3.960000	0.011142	0.051920
-3.950000	0.011117	0.051912
-3.940000	0.011093	0.051904
-3.930000	0.011068	0.051896
-3.920000	0.011044	0.051887
-3.910000	0.011019	0.051879
-3.900000	0.010995	0.051870
-3.890000	0.010971	0.051862
-3.880000	0.010946	0.051853
-3.870000	0.010922	0.051844
-3.860000	0.010898	0.051835
-3.850000	0.010874	0.051826
-3.840000	0.010849	0.051817
-3.830000	0.010825	0.051808
-3.820000	0.010801	0.051798
-3.810000	0.010777	0.051789
-3.800000	0.010753	0.051779
-3.790000	0.010729	0.051770
-3.780000	0.010706	0.051760
-3.770000	0.010682	0.051750
-3.760000	0.010658	0.051740
-3.750000	0.010634	0.051730
-3.740000	0.010611	0.051720
-3.730000	0.010587	0.051709
-3.720000	0.010563	0.051699
-3.710000	0.010540	0.051689
-3.700000	0.010516	0.051678
-3.690000	0.010493	0.051668
-3.680000	0.010469	0.051657
-3.670000	0.010446	0.051646
-3.660000	0.010423	0.051635
-3.650000	0.010399	0.051624
-3.640000	0.010376	0.051613
-3.630000	0.010353	0.051602
-3.620000	0.010330	0.051590
-3.610000	0.010306	0.051579
-3.600000	0.010283	0.051567
-3.590000	0.010260	0.051556
-3.580000	0.010237	0.051544
-3.570000	0.010214	0.051532
-3.560000	0.010191	0.051520
-3.550000	0.010169	0.051508
-3.540000	0.010146	0.051496
-3.530000	0.010123	0.051484
-3.520000	0.010100	0.051472
-3.510000	0.010077	0.051460
-3.500000	0.010055	0.051447
-3.490000	0.010032	0.051434
-3.480000	0.010010	0.051422
-3.470000	0.009987	0.051409
-3.460000	0.009965	0.051396
-3.450000	0.009942	0.051383
-3.440000	0.009920	0.051370
-3.430000	0.009897	0.051357
-3.420000	0.009875	0.051344
-3.410000	0.009853	0.051331
-3.400000	0.009830	0.051317
-3.390000	0.009808	0.051304
-3.380000	0.009786	0.051290
-3.370000	0.009764	0.051276
-3.360000	0.009742	0.051262
-3.350000	0.009720	0.051249
-3.340000	0.009698	0.051235
-3.330000	0.009676	0.051220
-3.320000	0.009654	0.051206
-3.310000	0.009632	0.051192
-3.300000	0.009610	0.051178
-3.290000	0.009588	0.051163
-3.280000	0.009567	0.051149
-3.270000	0.009545	0.051134
-3.260000	0.009523	0.051119
-3.250000	0.009502	0.051104
-3.240000	0.009480	0.051089
-3.230000	0.009459	0.051074
-3.220000	0.009437	0.051059
-3.210000	0.009416	0.051044
-3.200000	0.009394	0.051029
-3.190000	0.009373	0.051013
-3.180000	0.009352	0.050998
-3.170000	0.009330	0.050982
-3.160000	0.009309	0.050967
-3.150000	0.009288	0.050951
-3.140000	0.009267	0.050935
-3.130000	0.009245	0.050919
-3.120000	0.009224	0.050903
-3.110000	0.009203	0.050887
-3.100000	0.009182	0.050871
-3.090000	0.009161	0.050854
-3.080000	0.009140	0.050838
-3.070000	0.009120	0.050822
-3.060000	0.009099	0.050805
-3.050000	0.009078	0.050788
-3.040000	0.009057	0.050771
-3.030000	0.009036	0.050755
-3.020000	0.009016	0.050738
-3.010000	0.008995	0.050721
-3.000000	0.008975	0.050703
-2.990000	0.008954	0.050686
-2.980000	0.008933	0.050669
-2.970000	0.008913	0.050652
-2.960000	0.008893	0.050634
-2.950000	0.008872	0.050616
-2.940000	0.008852	0.050599
-2.930000	0.008832	0.050581
-2.920000	0.008811	0.050563
-2.910000	0.008791	0.050545
-2.900000	0.008771	0.050527
-2.890000	0.008751	0.050509
-2.880000	0.008731	0.050491
-2.870000	0.008710	0.050472
-2.860000	0.008690	0.050454
-2.850000	0.008670	0.050436
-2.840000	0.008650	0.050417
-2.830000	0.008631	0.050398
-2.820000	0.008611	0.050380
-2.810000	0.008591	0.050361
-2.800000	0.008571	0.050342
-2.790000	0.008551	0.050323
-2.780000	0.008532	0.050304
-2.770000	0.008512	0.050284
-2.760000	0.008492	0.050265
-2.750000	0.008473	0.050246
-2.740000	0.008453	0.050226
-2.730000	0.008434	0.050207
-2.720000	0.008414	0.050187
-2.710000	0.008395	0.050167
-2.700000	0.008375	0.050148
-2.690000	0.008356	0.050128
-2.680000	0.008337	0.050108
-2.670000	0.008317	0.050088
-2.660000	0.008298	0.050067
-2.650000	0.008279	0.050047
-2.640000	0.008260	0.050027
-2.630000	0.008241	0.050006
-2.620000	0.008221	0.049986
-2.610000	0.008202	0.049965
-2.600000	0.008183	0.049945
-2.590000	0.008164	0.049924
-2.580000	0.008145	0.049903
-2.570000	0.008127	0.049882
-2.560000	0.008108	0.049861
-2.550000	0.008089	0.049840
-2.540000	0.008070	0.049819
-2.530000	0.008051	0.049798
-2.520000	0.008033	0.049776
-2.510000	0.008014	0.049755
-2.500000	0.007995	0.049733
-2.490000	0.007977	0.049712
-2.480000	0.007958	0.049690
-2.470000	0.007940	0.049668
-2.460000	0.007921	0.049646
-2.450000	0.007903	0.049624
-2.440000	0.007884	0.049602
-2.430000	0.007866	0.049580
-2.420000	0.007848	0.049558
-2.410000	0.007829	0.049536
-2.400000	0.007811	0.049513
-2.390000	0.007793	0.049491
-2.380000	0.007775	0.049468
-2.370000	0.007757	0.049446
-2.360000	0.007739	0.049423
-2.350000	0.007721	0.049400
-2.340000	0.007703	0.049377
-2.330000	0.007685	0.049354
-2.320000	0.007667	0.049331
-2.310000	0.007649	0.049308
-2.300000	0.007631	0.049285
-2.290000	0.007613	0.049262
-2.280000	0.007595	0.049238
-2.270000	0.007577	0.049215
-2.260000	0.007560	0.049191
-2.250000	0.007542	0.049168
-2.240000	0.007524	0.049144
-2.230000	0.007507	0.049120
-2.220000	0.007489	0.049097
-2.210000	0.007472	0.049073
-2.200000	0.007454	0.049049
-2.190000	0.007437	0.049024
-2.180000	0.007419	0.049000
-2.170000	0.007402	0.048976
-2.160000	0.007385	0.048952
-2.150000	0.007367	0.048927
-2.140000	0.007350	0.048903
-2.130000	0.007333	0.048878
-2.120000	0.007316	0.048854
-2.110000	0.007298	0.048829
-2.100000	0.007281	0.048804
-2.090000	0.007264	0.048779
-2.080000	0.007247	0.048754
-2.070000	0.007230	0.048729
-2.060000	0.007213	0.048704
-2.050000	0.007196	0.048679
-2.040000	0.007179	0.048654
-2.030000	0.007162	0.048628
-2.020000	0.007145	0.048603
-2.010000	0.007129	0.048577
-2.000000	0.007112	0.048552
-1.990000	0.007095	0.048526
-1.980000	0.007078	0.048500
-1.970000	0.007062	0.048474
-1.960000	0.007045	0.048449
-1.950000	0.007029	0.048423
-1.940000	0.007012	0.048397
-1.930000	0.006995	0.048370
-1.920000	0.006979	0.048344
-1.910000	0.006963	0.048318
-1.900000	0.006946	0.048292
-1.890000	0.006930	0.048265
-1.880000	0.006913	0.048239
-1.870000	0.006897	0.048212
-1.860000	0.006881	0.048185
-1.850000	0.006865	0.048159
-1.840000	0.006848	0.048132
-1.830000	0.006832	0.048105
-1.820000	0.006816	0.048078
-1.810000	0.006800	0.048051
-1.800000	0.006784	0.048024
-1.790000	0.006768	0.047997
-1.780000	0.006752	0.047969
-1.770000	0.006736	0.047942
-1.760000	0.006720	0.047915
-1.750000	0.006704	0.047887
-1.740000	0.006688	0.047860
-1.730000	0.006672	0.047832
-1.720000	0.006657	0.047804
-1.710000	0.006641	0.047777
-1.700000	0.006625	0.047749
-1.690000	0.006609	0.047721
-1.680000	0.006594	0.047693
-1.670000	0.006578	0.047665
-1.660000	0.006563	0.047637
-1.650000	0.006547	0.047608
-1.640000	0.006532	0.047580
-1.630000	0.006516	0.047552
-1.620000	0.006501	0.047523
-1.610000	0.006485	0.047495
-1.600000	0.006470	0.047466
-1.590000	0.006454	0.047438
-1.580000	0.006439	0.047409
-1.570000	0.006424	0.047380
-1.560000	0.006409	0.047351
-1.550000	0.006393	0.047323
-1.540000	0.006378	0.047294
-1.530000	0.006363	0.047264
-1.520000	0.006348	0.047235
-1.510000	0.006333	0.047206
-1.500000	0.006318	0.047177
-1.490000	0.006303	0.047148
-1.480000	0.006288	0.047118
-1.470000	0.006273	0.047089
-1.460000	0.006258	0.047059
-1.450000	0.006243	0.047030
-1.440000	0.006228	0.047000
-1.430000	0.006214	0.046970
-1.420000	0.006199	0.046940
-1.410000	0.006184	0.046910
-1.400000	0.006169	0.046880
-1.390000	0.006155	0.046850
-1.380000	0.006140	0.046820
-1.370000	0.006125	0.046790
-1.360000	0.006111	0.046760
-1.350000	0.006096	0.046730
-1.340000	0.006082	0.046699
-1.330000	0.006067	0.046669
-1.320000	0.006053	0.046638
-1.310000	0.006038	0.046608
-1.300000	0.006024	0.046577
-1.290000	0.006010	0.046547
-1.280000	0.005995	0.046516
-1.270000	0.005981	0.046485
-1.260000	0.005967	0.046454
-1.250000	0.005953	0.046423
-1.240000	0.005938	0.046392
-1.230000	0.005924	0.046361
-1.220000	0.005910	0.046330
-1.210000	0.005896	0.046299
-1.200000	0.005882	0.046268
-1.190000	0.005868	0.046236
-1.180000	0.005854	0.046205
-1.170000	0.005840	0.046173
-1.160000	0.005826	0.046142
-1.150000	0.005812	0.046110
-1.140000	0.005798	0.046079
-1.130000	0.005784	0.046047
-1.120000	0.005771	0.046015
-1.110000	0.005757	0.045983
-1.100000	0.005743	0.045951
-1.090000	0.005729	0.045919
-1.080000	0.005716	0.045887
-1.070000	0.005702	0.045855
-1.060000	0.005688	0.045823
-1.050000	0.005675	0.045791
-1.040000	0.005661	0.045759
-1.030000	0.005648	0.045726
-1.020000	0.005634	0.045694
-1.010000	0.005621	0.045661
-1.000000	0.005607	0.045629
-0.990000	0.005594	0.045596
-0.980000	0.005580	0.045564
-0.970000	0.005567	0.045531
-0.960000	0.005554	0.045498
-0.950000	0.005540	0.045465
-0.940000	0.005527	0.045433
-0.930000	0.005514	0.045400
-0.920000	0.005501	0.045367
-0.910000	0.005488	0.045334
-0.900000	0.005475	0.045300
-0.890000	0.005461	0.045267
-0.880000	0.005448	0.045234
-0.870000	0.005435	0.045201
-0.860000	0.005422	0.045167
-0.850000	0.005409	0.045134
-0.840000	0.005396	0.045100
-0.830000	0.005383	0.045067
-0.820000	0.005371	0.045033
-0.810000	0.005358	0.045000
-0.800000	0.005345	0.044966
-0.790000	0.005332	0.044932
-0.780000	0.005319	0.044898
-0.770000	0.005306	0.044865
-0.760000	0.005294	0.044831
-0.750000	0.005281	0.044797
-0.740000	0.005268	0.044763
-0.730000	0.005256	0.044729
-0.720000	0.005243	0.044694
-0.710000	0.005231	0.044660
-0.700000	0.005218	0.044626
-0.690000	0.005206	0.044592
-0.680000	0.005193	0.044557
-0.670000	0.005181	0.044523
-0.660000	0.005168	0.044488
-0.650000	0.005156	0.044454
-0.640000	0.005143	0.044419
-0.630000	0.005131	0.044385
-0.620000	0.005119	0.044350
-0.610000	0.005107	0.044315
-0.600000	0.005094	0.044280
-0.590000	0.005082	0.044246
-0.580000	0.005070	0.044211
-0.570000	0.005058	0.044176
-0.560000	0.005046	0.044141
-0.550000	0.005033	0.044106
-0.540000	0.005021	0.044070
-0.530000	0.005009	0.044035
-0.520000	0.004997	0.044000
-0.510000	0.004985	0.043965
-0.500000	0.004973	0.043929
-0.490000	0.004961	0.043894
-0.480000	0.004949	0.043859
-0.470000	0.004938	0.043823
-0.460000	0.004926	0.043788
-0.450000	0.004914	0.043752
-0.440000	0.004902	0.043716
-0.430000	0.004890	0.043681
-0.420000	0.004879	0.043645
-0.410000	0.004867	0.043609
-0.400000	0.004855	0.043573
-0.390000	0.004843	0.043538
-0.380000	0.004832	0.043502
-0.370000	0.004820	0.043466
-0.360000	0.004809	0.043430
-0.350000	0.004797	0.043393
-0.340000	0.004786	0.043357
-0.330000	0.004774	0.043321
-0.320000	0.004763	0.043285
-0.310000	0.004751	0.043249
-0.300000	0.004740	0.043212
-0.290000	0.004728	0.043176
-0.280000	0.004717	0.043140
-0.270000	0.004706	0.043103
-0.260000	0.004694	0.043067
-0.250000	0.004683	0.043030
-0.240000	0.004672	0.042993
-0.230000	0.004661	0.042957
-0.220000	0.004649	0.042920
-0.210000	0.004638	0.042883
-0.200000	0.004627	0.042847
-0.190000	0.004616	0.042810
-0.180000	0.004605	0.042773
-0.170000	0.004594	0.042736
-0.160000	0.004583	0.042699
-0.150000	0.004572	0.042662
-0.140000	0.004561	0.042625
-0.130000	0.004550	0.042588
-0.120000	0.004539	0.042551
-0.110000	0.004528	0.042513
-0.100000	0.004517	0.042476
-0.090000	0.004506	0.042439
-0.080000	0.004495	0.042402
-0.070000	0.004485	0.042364
-0.060000	0.004474	0.042327
-0.050000	0.004463	0.042289
-0.040000	0.004452	0.042252
-0.030000	0.004442	0.042214
-0.020000	0.004431	0.042177
-0.010000	0.004420	0.042139
-0.000000	0.004410	0.042101
0.010000	0.004399	0.042064
0.020000	0.004388	0.042026
0.030000	0.004378	0.041988
0.040000	0.004367	0.041950
0.050000	0.004357	0.041912
0.060000	0.004346	0.041874
0.070000	0.004336	0.041837
0.080000	0.004326	0.041799
0.090000	0.004315	0.041760
0.100000	0.004305	0.041722
0.110000	0.004294	0.041684
0.120000	0.004284	0.041646
0.130000	0.004274	0.041608
0.140000	0.004264	0.041570
0.150000	0.004253	0.041531
0.160000	0.004243	0.041493
0.170000	0.004233	0.041455
0.180000	0.004223	0.041416
0.190000	0.004213	0.041378
0.200000	0.004202	0.041339
0.210000	0.004192	0.041301
0.220000	0.004182	0.041262
0.230000	0.004172	0.041224
0.240000	0.004162	0.041185
0.250000	0.004152	0.041146
0.260000	0.004142	0.041108
0.270000	0.004132	0.041069
0.280000	0.004122	0.041030
0.290000	0.004112	0.040991
0.300000	0.004102	0.040953
0.310000	0.004093	0.040914
0.320000	0.004083	0.040875
0.330000	0.004073	0.040836
0.340000	0.004063	0.040797
0.350000	0.004053	0.040758
0.360000	0.004044	0.040719
0.370000	0.004034	0.040680
0.380000	0.004024	0.040640
0.390000	0.004015	0.040601
0.400000	0.004005	0.040562
0.410000	0.003995	0.040523
0.420000	0.003986	0.040483
0.430000	0.003976	0.040444
0.440000	0.003967	0.040405
0.450000	0.003957	0.040365
0.460000	0.003948	0.040326
0.470000	0.003938	0.040287
0.480000	0.003929	0.040247
0.490000	0.003919	0.040208
0.500000	0.003910	0.040168
0.510000	0.003900	0.040128
0.520000	0.003891	0.040089
0.530000	0.003882	0.040049
0.540000	0.003872	0.040010
0.550000	0.003863	0.039970
0.560000	0.003854	0.039930
0.570000	0.003845	0.039890
0.580000	0.003835	0.039850
0.590000	0.003826	0.039811
0.600000	0.003817	0.039771
0.610000	0.003808	0.039731
0.620000	0.003799	0.039691
0.630000	0.003790	0.039651
0.640000	0.003781	0.039611
0.650000	0.003771	0.039571
0.660000	0.003762	0.039531
0.670000	0.003753	0.039491
0.680000	0.003744	0.039451
0.690000	0.003735	0.039411
0.700000	0.003726	0.039370
0.710000	0.003718	0.039330
0.720000	0.003709	0.039290
0.730000	0.003700	0.039250
0.740000	0.003691	0.039209
0.750000	0.003682	0.039169
0.760000	0.003673	0.039129
0.770000	0.003664	0.039088
0.780000	0.003656	0.039048
0.790000	0.003647	0.039008
0.800000	0.003638	0.038967
0.810000	0.003629	0.038927
0.820000	0.003621	0.038886
0.830000	0.003612	0.038846
0.840000	0.003603	0.038805
0.850000	0.003595	0.038765
0.860000	0.003586	0.038724
0.870000	0.003578	0.038683
0.880000	0.003569	0.038643
0.890000	0.003560	0.038602
0.900000	0.003552	0.038561
0.910000	0.003543	0.038521
0.920000	0.003535	0.038480
0.930000	0.003526	0.038439
0.940000	0.003518	0.038398
0.950000	0.003510	0.038357
0.960000	0.003501	0.038316
0.970000	0.003493	0.038276
0.980000	0.003485	0.038235
0.990000	0.003476	0.038194
1.000000	0.003468	0.038153
1.010000	0.003460	0.038112
1.020000	0.003451	0.038071
1.030000	0.003443	0.038030
1.040000	0.003435	0.037989
1.050000	0.003427	0.037948
1.060000	0.003418	0.037907
1.070000	0.003410	0.037865
1.080000	0.003402	0.037824
1.090000	0.003394	0.037783
1.100000	0.003386	0.037742
1.110000	0.003378	0.037701
1.120000	0.003370	0.037659
1.130000	0.003362	0.037618
1.140000	0.003354	0.037577
1.150000	0.003346	0.037536
1.160000	0.003338	0.037494
1.170000	0.003330	0.037453
1.180000	0.003322	0.037412
1.190000	0.003314	0.037370
1.200000	0.003306	0.037329
1.210000	0.003298	0.037288
1.220000	0.003290	0.037246
1.230000	0.003282	0.037205
1.240000	0.003275	0.037163
1.250000	0.003267	0.037122
1.260000	0.003259	0.037080
1.270000	0.003251	0.037039
1.280000	0.003243	0.036997
1.290000	0.003236	0.036955
1.300000	0.003228	0.036914
1.310000	0.003220	0.036872
1.320000	0.003213	0.036831
1.330000	0.003205	0.036789
1.340000	0.003197	0.036747
1.350000	0.003190	0.036706
1.360000	0.003182	0.036664
1.370000	0.003175	0.036622
1.380000	0.003167	0.036581
1.390000	0.003159	0.036539
1.400000	0.003152	0.036497
1.410000	0.003144	0.036455
1.420000	0.003137	0.036414
1.430000	0.003130	0.036372
1.440000	0.003122	0.036330
1.450000	0.003115	0.036288
1.460000	0.003107	0.036246
1.470000	0.003100	0.036204
1.480000	0.003093	0.036162
1.490000	0.003085	0.036121
1.500000	0.003078	0.036079
1.510000	0.003071	0.036037
1.520000	0.003063	0.035995
1.530000	0.003056	0.035953
1.540000	0.003049	0.035911
1.550000	0.003041	0.035869
1.560000	0.003034	0.035827
1.570000	0.003027	0.035785
1.580000	0.003020	0.035743
1.590000	0.003013	0.035701
1.600000	0.003006	0.035659
1.610000	0.002998	0.035617
1.620000	0.002991	0.035575
1.630000	0.002984	0.035532
1.640000	0.002977	0.035490
1.650000	0.002970	0.035448
1.660000	0.002963	0.035406
1.670000	0.002956	0.035364
1.680000	0.002949	0.035322
1.690000	0.002942	0.035280
1.700000	0.002935	0.035238
1.710000	0.002928	0.035195
1.720000	0.002921	0.035153
1.730000	0.002914	0.035111
1.740000	0.002907	0.035069
1.750000	0.002901	0.035026
1.760000	0.002894	0.034984
1.770000	0.002887	0.034942
1.780000	0.002880	0.034900
1.790000	0.002873	0.034857
1.800000	0.002866	0.034815
1.810000	0.002860	0.034773
1.820000	0.002853	0.034731
1.830000	0.002846	0.034688
1.840000	0.002840	0.034646
1.850000	0.002833	0.034604
1.860000	0.002826	0.034561
1.870000	0.002819	0.034519
1.880000	0.002813	0.034477
1.890000	0.002806	0.034434
1.900000	0.002800	0.034392
1.910000	0.002793	0.034350
1.920000	0.002786	0.034307
1.930000	0.002780	0.034265
1.940000	0.002773	0.034222
1.950000	0.002767	0.034180
1.960000	0.002760	0.034138
1.970000	0.002754	0.034095
1.980000	0.002747	0.034053
1.990000	0.002741	0.034010
2.000000	0.002734	0.033968
2.010000	0.002728	0.033925
2.020000	0.002721	0.033883
2.030000	0.002715	0.033841
2.040000	0.002709	0.033798
2.050000	0.002702	0.033756
2.060000	0.002696	0.033713
2.070000	0.002690	0.033671
2.080000	0.002683	0.033628
2.090000	0.002677	0.033586
2.100000	0.002671	0.033543
2.110000	0.002664	0.033501
2.120000	0.002658	0.033458
2.130000	0.002652	0.033416
2.140000	0.002646	0.033373
2.150000	0.002640	0.033331
2.160000	0.002633	0.033288
2.170000	0.002627	0.033246
2.180000	0.002621	0.033203
2.190000	0.002615	0.033161
2.200000	0.002609	0.033118
2.210000	0.002603	0.033076
2.220000	0.002597	0.033033
2.230000	0.002591	0.032990
2.240000	0.002584	0.032948
2.250000	0.002578	0.032905
2.260000	0.002572	0.032863
2.270000	0.002566	0.032820
2.280000	0.002560	0.032778
2.290000	0.002554	0.032735
2.300000	0.002548	0.032693
2.310000	0.002542	0.032650
2.320000	0.002537	0.032608
2.330000	0.002531	0.032565
2.340000	0.002525	0.032522
2.350000	0.002519	0.032480
2.360000	0.002513	0.032437
2.370000	0.002507	0.032395
2.380000	0.002501	0.032352
2.390000	0.002495	0.032310
2.400000	0.002490	0.032267
2.410000	0.002484	0.032225
2.420000	0.002478	0.032182
2.430000	0.002472	0.032139
2.440000	0.002466	0.032097
2.450000	0.002461	0.032054
2.460000	0.002455	0.032012
2.470000	0.002449	0.031969
2.480000	0.002444	0.031927
2.490000	0.002438	0.031884
2.500000	0.002432	0.031842
2.510000	0.002427	0.031799
2.520000	0.002421	0.031757
2.530000	0.002415	0.031714
2.540000	0.002410	0.031671
2.550000	0.002404	0.031629
2.560000	0.002399	0.031586
2.570000	0.002393	0.031544
2.580000	0.002387	0.031501
2.590000	0.002382	0.031459
2.600000	0.002376	0.031416
2.610000	0.002371	0.031374
2.620000	0.002365	0.031331
2.630000	0.002360	0.031289
2.640000	0.002354	0.031246
2.650000	0.002349	0.031204
2.660000	0.002344	0.031161
2.670000	0.002338	0.031119
2.680000	0.002333	0.031076
2.690000	0.002327	0.031034
2.700000	0.002322	0.030991
2.710000	0.002317	0.030949
2.720000	0.002311	0.030906
2.730000	0.002306	0.030864
2.740000	0.002301	0.030821
2.750000	0.002295	0.030779
2.760000	0.002290	0.030737
2.770000	0.002285	0.030694
2.780000	0.002279	0.030652
2.790000	0.002274	0.030609
2.800000	0.002269	0.030567
2.810000	0.002264	0.030524
2.820000	0.002258	0.030482
2.830000	0.002253	0.030440
2.840000	0.002248	0.030397
2.850000	0.002243	0.030355
2.860000	0.002238	0.030312
2.870000	0.002233	0.030270
2.880000	0.002227	0.030228
2.890000	0.002222	0.030185
2.900000	0.002217	0.030143
2.910000	0.002212	0.030101
2.920000	0.002207	0.030058
2.930000	0.002202	0.030016
2.940000	0.002197	0.029974
2.950000	0.002192	0.029931
2.960000	0.002187	0.029889
2.970000	0.002182	0.029847
2.980000	0.002177	0.029804
2.990000	0.002172	0.029762
3.000000	0.002167	0.029720
3.010000	0.002162	0.029677
3.020000	0.002157	0.029635
3.030000	0.002152	0.029593
3.040000	0.002147	0.029551
3.050000	0.002142	0.029508
3.060000	0.002137	0.029466
3.070000	0.002132	0.029424
3.080000	0.002127	0.029382
3.090000	0.002123	0.029340
3.100000	0.002118	0.029297
3.110000	0.002113	0.029255
3.120000	0.002108	0.029213
3.130000	0.002103	0.029171
3.140000	0.002099	0.029129
3.150000	0.002094	0.029087
3.160000	0.002089	0.029045
3.170000	0.002084	0.029003
3.180000	0.002079	0.028960
3.190000	0.002075	0.028918
3.200000	0.002070	0.028876
3.210000	0.002065	0.028834
3.220000	0.002061	0.028792
3.230000	0.002056	0.028750
3.240000	0.002051	0.028708
3.250000	0.002047	0.028666
3.260000	0.002042	0.028624
3.270000	0.002037	0.028582
3.280000	0.002033	0.028540
3.290000	0.002028	0.028498
3.300000	0.002023	0.028456
3.310000	0.002019	0.028414
3.320000	0.002014	0.028372
3.330000	0.002010	0.028331
3.340000	0.002005	0.028289
3.350000	0.002001	0.028247
3.360000	0.001996	0.028205
3.370000	0.001992	0.028163
3.380000	0.001987	0.028121
3.390000	0.001983	0.028079
3.400000	0.001978	0.028038
3.410000	0.001974	0.027996
3.420000	0.001969	0.027954
3.430000	0.001965	0.027912
3.440000	0.001960	0.027871
3.450000	0.001956	0.027829
3.460000	0.001951	0.027787
3.470000	0.001947	0.027745
3.480000	0.001943	0.027704
3.490000	0.001938	0.027662
3.500000	0.001934	0.027620
3.510000	0.001930	0.027579
3.520000	0.001925	0.027537
3.530000	0.001921	0.027495
3.540000	0.001917	0.027454
3.550000	0.001912	0.027412
3.560000	0.001908	0.027371
3.570000	0.001904	0.027329
3.580000	0.001899	0.027288
3.590000	0.001895	0.027246
3.600000	0.001891	0.027205
3.610000	0.001887	0.027163
3.620000	0.001882	0.027122
3.630000	0.001878	0.027080
3.640000	0.001874	0.027039
3.650000	0.001870	0.026997
3.660000	0.001866	0.026956
3.670000	0.001861	0.026915
3.680000	0.001857	0.026873
3.690000	0.001853	0.026832
3.700000	0.001849	0.026791
3.710000	0.001845	0.026749
3.720000	0.001841	0.026708
3.730000	0.001837	0.026667
3.740000	0.001832	0.026626
3.750000	0.001828	0.026584
3.760000	0.001824	0.026543
3.770000	0.001820	0.026502
3.780000	0.001816	0.026461
3.790000	0.001812	0.026420
3.800000	0.001808	0.026378
3.810000	0.001804	0.026337
3.820000	0.001800	0.026296
3.830000	0.001796	0.026255
3.840000	0.001792	0.026214
3.850000	0.001788	0.026173
3.860000	0.001784	0.026132
3.870000	0.001780	0.026091
3.880000	0.001776	0.026050
3.890000	0.001772	0.026009
3.900000	0.001768	0.025968
3.910000	0.001764	0.025927
3.920000	0.001760	0.025886
3.930000	0.001757	0.025845
3.940000	0.001753	0.025805
3.950000	0.001749	0.025764
3.960000	0.001745	0.025723
3.970000	0.001741	0.025682
3.980000	0.001737	0.025641
3.990000	0.001733	0.025601
4.000000	0.001730	0.025560
4.010000	0.001726	0.025519
4.020000	0.001722	0.025478
4.030000	0.001718	0.025438
4.040000	0.001714	0.025397
4.050000	0.001711	0.025357
4.060000	0.001707	0.025316
4.070000	0.001703	0.025275
4.080000	0.001699	0.025235
4.090000	0.001696	0.025194
4.100000	0.001692	0.025154
4.110000	0.001688	0.025113
4.120000	0.001684	0.025073
4.130000	0.001681	0.025032
4.140000	0.001677	0.024992
4.150000	0.001673	0.024952
4.160000	0.001670	0.024911
4.170000	0.001666	0.024871
4.180000	0.001662	0.024831
4.190000	0.001659	0.024790
4.200000	0.001655	0.024750
4.210000	0.001651	0.024710
4.220000	0.001648	0.024669
4.230000	0.001644	0.024629
4.240000	0.001641	0.024589
4.250000	0.001637	0.024549
4.260000	0.001633	0.024509
4.270000	0.001630	0.024469
4.280000	0.001626	0.024429
4.290000	0.001623	0.024389
4.300000	0.001619	0.024348
4.310000	0.001616	0.024308
4.320000	0.001612	0.024268
4.330000	0.001609	0.024228
4.340000	0.001605	0.024189
4.350000	0.001602	0.024149
4.360000	0.001598	0.024109
4.370000	0.001595	0.024069
4.380000	0.001591	0.024029
4.390000	0.001588	0.023989
4.400000	0.001584	0.023949
4.410000	0.001581	0.023910
4.420000	0.001577	0.023870
4.430000	0.001574	0.023830
4.440000	0.001571	0.023791
4.450000	0.001567	0.023751
4.460000	0.001564	0.023711
4.470000	0.001560	0.023672
4.480000	0.001557	0.023632
4.490000	0.001554	0.023593
4.500000	0.001550	0.023553
4.510000	0.001547	0.023513
4.520000	0.001544	0.023474
4.530000	0.001540	0.023435
4.540000	0.001537	0.023395
4.550000	0.001534	0.023356
4.560000	0.001530	0.023316
4.570000	0.001527	0.023277
4.580000	0.001524	0.023238
4.590000	0.001520	0.023198
4.600000	0.001517	0.023159
4.610000	0.001514	0.023120
4.620000	0.001511	0.023081
4.630000	0.001507	0.023042
4.640000	0.001504	0.023002
4.650000	0.001501	0.022963
4.660000	0.001498	0.022924
4.670000	0.001494	0.022885
4.680000	0.001491	0.022846
4.690000	0.001488	0.022807
4.700000	0.001485	0.022768
4.710000	0.001482	0.022729
4.720000	0.001478	0.022690
4.730000	0.001475	0.022651
4.740000	0.001472	0.022613
4.750000	0.001469	0.022574
4.760000	0.001466	0.022535
4.770000	0.001463	0.022496
4.780000	0.001460	0.022457
4.790000	0.001457	0.022419
4.800000	0.001453	0.022380
4.810000	0.001450	0.022341
4.820000	0.001447	0.022303
4.830000	0.001444	0.022264
4.840000	0.001441	0.022225
4.850000	0.001438	0.022187
4.860000	0.001435	0.022148
4.870000	0.001432	0.022110
4.880000	0.001429	0.022071
4.890000	0.001426	0.022033
4.900000	0.001423	0.021995
4.910000	0.001420	0.021956
4.920000	0.001417	0.021918
4.930000	0.001414	0.021880
4.940000	0.001411	0.021841
4.950000	0.001408	0.021803
4.960000	0.001405	0.021765
4.970000	0.001402	0.021727
4.980000	0.001399	0.021689
4.990000	0.001396	0.021650
5.000000	0.001393	0.021612
5.010000	0.001390	0.021574
5.020000	0.001387	0.021536
5.030000	0.001384	0.021498
5.040000	0.001381	0.021460
5.050000	0.001378	0.021422
5.060000	0.001375	0.021384
5.070000	0.001372	0.021347
5.080000	0.001370	0.021309
5.090000	0.001367	0.021271
5.100000	0.001364	0.021233
5.110000	0.001361	0.021195
5.120000	0.001358	0.021158
5.130000	0.001355	0.021120
5.140000	0.001352	0.021082
5.150000	0.001350	0.021045
5.160000	0.001347	0.021007
5.170000	0.001344	0.020970
5.180000	0.001341	0.020932
5.190000	0.001338	0.020895
5.200000	0.001336	0.020857
5.210000	0.001333	0.020820
5.220000	0.001330	0.020782
5.230000	0.001327	0.020745
5.240000	0.001324	0.020708
5.250000	0.001322	0.020670
5.260000	0.001319	0.020633
5.270000	0.001316	0.020596
5.280000	0.001313	0.020559
5.290000	0.001311	0.020521
5.300000	0.001308	0.020484
5.310000	0.001305	0.020447
5.320000	0.001302	0.020410
5.330000	0.001300	0.020373
5.340000	0.001297	0.020336
5.350000	0.001294	0.020299
5.360000	0.001292	0.020262
5.370000	0.001289	0.020225
5.380000	0.001286	0.020188
5.390000	0.001284	0.020152
5.400000	0.001281	0.020115
5.410000	0.001278	0.020078
5.420000	0.001276	0.020041
5.430000	0.001273	0.020005
5.440000	0.001270	0.019968
5.450000	0.001268	0.019931
5.460000	0.001265	0.019895
5.470000	0.001263	0.019858
5.480000	0.001260	0.019822
5.490000	0.001257	0.019785
5.500000	0.001255	0.019749
5.510000	0.001252	0.019712
5.520000	0.001250	0.019676
5.530000	0.001247	0.019640
5.540000	0.001244	0.019603
5.550000	0.001242	0.019567
5.560000	0.001239	0.019531
5.570000	0.001237	0.019494
5.580000	0.001234	0.019458
5.590000	0.001232	0.019422
5.600000	0.001229	0.019386
5.610000	0.001227	0.019350
5.620000	0.001224	0.019314
5.630000	0.001222	0.019278
5.640000	0.001219	0.019242
5.650000	0.001217	0.019206
5.660000	0.001214	0.019170
5.670000	0.001212	0.019134
5.680000	0.001209	0.019098
5.690000	0.001207	0.019063
5.700000	0.001204	0.019027
5.710000	0.001202	0.018991
5.720000	0.001199	0.018955
5.730000	0.001197	0.018920
5.740000	0.001195	0.018884
5.750000	0.001192	0.018849
5.760000	0.001190	0.018813
5.770000	0.001187	0.018778
5.780000	0.001185	0.018742
5.790000	0.001182	0.018707
5.800000	0.001180	0.018671
5.810000	0.001178	0.018636
5.820000	0.001175	0.018601
5.830000	0.001173	0.018565
5.840000	0.001171	0.018530
5.850000	0.001168	0.018495
5.860000	0.001166	0.018460
5.870000	0.001163	0.018424
5.880000	0.001161	0.018389
5.890000	0.001159	0.018354
5.900000	0.001156	0.018319
5.910000	0.001154	0.018284
5.920000	0.001152	0.018249
5.930000	0.001149	0.018214
5.940000	0.001147	0.018179
5.950000	0.001145	0.018145
5.960000	0.001142	0.018110
5.970000	0.001140	0.018075
5.980000	0.001138	0.018040
5.990000	0.001136	0.018006
6.000000	0.001133	0.017971
6.010000	0.001131	0.017936
6.020000	0.001129	0.017902
6.030000	0.001127	0.017867
6.040000	0.001124	0.017833
6.050000	0.001122	0.017798
6.060000	0.001120	0.017764
6.070000	0.001118	0.017729
6.080000	0.001115	0.017695
6.090000	0.001113	0.017661
6.100000	0.001111	0.017626
6.110000	0.001109	0.017592
6.120000	0.001106	0.017558
6.130000	0.001104	0.017524
6.140000	0.001102	0.017490
6.150000	0.001100	0.017455
6.160000	0.001098	0.017421
6.170000	0.001095	0.017387
6.180000	0.001093	0.017353
6.190000	0.001091	0.017319
6.200000	0.001089	0.017285
6.210000	0.001087	0.017252
6.220000	0.001085	0.017218
6.230000	0.001082	0.017184
6.240000	0.001080	0.017150
6.250000	0.001078	0.017116
6.260000	0.001076	0.017083
6.270000	0.001074	0.017049
6.280000	0.001072	0.017016
6.290000	0.001070	0.016982
6.300000	0.001068	0.016948
6.310000	0.001065	0.016915
6.320000	0.001063	0.016882
6.330000	0.001061	0.016848
6.340000	0.001059	0.016815
6.350000	0.001057	0.016781
6.360000	0.001055	0.016748
6.370000	0.001053	0.016715
6.380000	0.001051	0.016682
6.390000	0.001049	0.016648
6.400000	0.001047	0.016615
6.410000	0.001045	0.016582
6.420000	0.001043	0.016549
6.430000	0.001041	0.016516
6.440000	0.001039	0.016483
6.450000	0.001037	0.016450
6.460000	0.001035	0.016417
6.470000	0.001032	0.016384
6.480000	0.001030	0.016352
6.490000	0.001028	0.016319
6.500000	0.001026	0.016286
6.510000	0.001024	0.016253
6.520000	0.001022	0.016221
6.530000	0.001020	0.016188
6.540000	0.001018	0.016155
6.550000	0.001016	0.016123
6.560000	0.001014	0.016090
6.570000	0.001013	0.016058
6.580000	0.001011	0.016025
6.590000	0.001009	0.015993
6.600000	0.001007	0.015961
6.610000	0.001005	0.015928
6.620000	0.001003	0.015896
6.630000	0.001001	0.015864
6.640000	0.000999	0.015832
6.650000	0.000997	0.015799
6.660000	0.000995	0.015767
6.670000	0.000993	0.015735
6.680000	0.000991	0.015703
6.690000	0.000989	0.015671
6.700000	0.000987	0.015639
6.710000	0.000985	0.015607
6.720000	0.000984	0.015575
6.730000	0.000982	0.015544
6.740000	0.000980	0.015512
6.750000	0.000978	0.015480
6.760000	0.000976	0.015448
6.770000	0.000974	0.015417
6.780000	0.000972	0.015385
6.790000	0.000970	0.015353
6.800000	0.000968	0.015322
6.810000	0.000967	0.015290
6.820000	0.000965	0.015259
6.830000	0.000963	0.015227
6.840000	0.000961	0.015196
6.850000	0.000959	0.015165
6.860000	0.000957	0.015133
6.870000	0.000956	0.015102
6.880000	0.000954	0.015071
6.890000	0.000952	0.015040
6.900000	0.000950	0.015008
6.910000	0.000948	0.014977
6.920000	0.000946	0.014946
6.930000	0.000945	0.014915
6.940000	0.000943	0.014884
6.950000	0.000941	0.014853
6.960000	0.000939	0.014822
6.970000	0.000938	0.014791
6.980000	0.000936	0.014761
6.990000	0.000934	0.014730
7.000000	0.000932	0.014699
7.010000	0.000930	0.014668
7.020000	0.000929	0.014638
7.030000	0.000927	0.014607
7.040000	0.000925	0.014576
7.050000	0.000923	0.014546
7.060000	0.000922	0.014515
7.070000	0.000920	0.014485
7.080000	0.000918	0.014455
7.090000	0.000916	0.014424
7.100000	0.000915	0.014394
7.110000	0.000913	0.014363
7.120000	0.000911	0.014333
7.130000	0.000910	0.014303
7.140000	0.000908	0.014273
7.150000	0.000906	0.014243
7.160000	0.000904	0.014213
7.170000	0.000903	0.014183
7.180000	0.000901	0.014153
7.190000	0.000899	0.014123
7.200000	0.000898	0.014093
7.210000	0.000896	0.014063
7.220000	0.000894	0.014033
7.230000	0.000893	0.014003
7.240000	0.000891	0.013973
7.250000	0.000889	0.013944
7.260000	0.000888	0.013914
7.270000	0.000886	0.013884
7.280000	0.000884	0.013855
7.290000	0.000883	0.013825
7.300000	0.000881	0.013796
7.310000	0.000879	0.013766
7.320000	0.000878	0.013737
7.330000	0.000876	0.013707
7.340000	0.000874	0.013678
7.350000	0.000873	0.013649
7.360000	0.000871	0.013619
7.370000	0.000870	0.013590
7.380000	0.000868	0.013561
7.390000	0.000866	0.013532
7.400000	0.000865	0.013503
7.410000	0.000863	0.013473
7.420000	0.000862	0.013444
7.430000	0.000860	0.013415
7.440000	0.000858	0.013386
7.450000	0.000857	0.013358
7.460000	0.000855	0.013329
7.470000	0.000854	0.013300
7.480000	0.000852	0.013271
7.490000	0.000850	0.013242
7.500000	0.000849	0.013214
7.510000	0.000847	0.013185
7.520000	0.000846	0.013156
7.530000	0.000844	0.013128
7.540000	0.000843	0.013099
7.550000	0.000841	0.013071
7.560000	0.000840	0.013042
7.570000	0.000838	0.013014
7.580000	0.000836	0.012986
7.590000	0.000835	0.012957
7.600000	0.000833	0.012929
7.610000	0.000832	0.012901
7.620000	0.000830	0.012873
7.630000	0.000829	0.012844
7.640000	0.000827	0.012816
7.650000	0.000826	0.012788
7.660000	0.000824	0.012760
7.670000	0.000823	0.012732
7.680000	0.000821	0.012704
7.690000	0.000820	0.012676
7.700000	0.000818	0.012648
7.710000	0.000817	0.012621
7.720000	0.000815	0.012593
7.730000	0.000814	0.012565
7.740000	0.000812	0.012537
7.750000	0.000811	0.012510
7.760000	0.000809	0.012482
7.770000	0.000808	0.012455
7.780000	0.000806	0.012427
7.790000	0.000805	0.012399
7.800000	0.000804	0.012372
7.810000	0.000802	0.012345
7.820000	0.000801	0.012317
7.830000	0.000799	0.012290
7.840000	0.000798	0.012263
7.850000	0.000796	0.012235
7.860000	0.000795	0.012208
7.870000	0.000793	0.012181
7.880000	0.000792	0.012154
7.890000	0.000791	0.012127
7.900000	0.000789	0.012100
7.910000	0.000788	0.012073
7.920000	0.000786	0.012046
7.930000	0.000785	0.012019
7.940000	0.000783	0.011992
7.950000	0.000782	0.011965
7.960000	0.000781	0.011938
7.970000	0.000779	0.011912
7.980000	0.000778	0.011885
7.990000	0.000776	0.011858
8.000000	0.000775	0.011832
8.010000	0.000774	0.011805
8.020000	0.000772	0.011779
8.030000	0.000771	0.011752
8.040000	0.000770	0.011726
8.050000	0.000768	0.011699
8.060000	0.000767	0.011673
8.070000	0.000765	0.011647
8.080000	0.000764	0.011620
8.090000	0.000763	0.011594
8.100000	0.000761	0.011568
8.110000	0.000760	0.011542
8.120000	0.000759	0.011515
8.130000	0.000757	0.011489
8.140000	0.000756	0.011463
8.150000	0.000755	0.011437
8.160000	0.000753	0.011411
8.170000	0.000752	0.011386
8.180000	0.000751	0.011360
8.190000	0.000749	0.011334
8.200000	0.000748	0.011308
8.210000	0.000747	0.011282
8.220000	0.000745	0.011257
8.230000	0.000744	0.011231
8.240000	0.000743	0.011205
8.250000	0.000741	0.011180
8.260000	0.000740	0.011154
8.270000	0.000739	0.011129
8.280000	0.000737	0.011103
8.290000	0.000736	0.011078
8.300000	0.000735	0.011052
8.310000	0.000734	0.011027
8.320000	0.000732	0.011002
8.330000	0.000731	0.010977
8.340000	0.000730	0.010951
8.350000	0.000728	0.010926
8.360000	0.000727	0.010901
8.370000	0.000726	0.010876
8.380000	0.000725	0.010851
8.390000	0.000723	0.010826
8.400000	0.000722	0.010801
8.410000	0.000721	0.010776
8.420000	0.000720	0.010751
8.430000	0.000718	0.010726
8.440000	0.000717	0.010701
8.450000	0.000716	0.010677
8.460000	0.000714	0.010652
8.470000	0.000713	0.010627
8.480000	0.000712	0.010603
8.490000	0.000711	0.010578
8.500000	0.000710	0.010554
8.510000	0.000708	0.010529
8.520000	0.000707	0.010505
8.530000	0.000706	0.010480
8.540000	0.000705	0.010456
8.550000	0.000703	0.010431
8.560000	0.000702	0.010407
8.570000	0.000701	0.010383
8.580000	0.000700	0.010359
8.590000	0.000699	0.010334
8.600000	0.000697	0.010310
8.610000	0.000696	0.010286
8.620000	0.000695	0.010262
8.630000	0.000694	0.010238
8.640000	0.000692	0.010214
8.650000	0.000691	0.010190
8.660000	0.000690	0.010166
8.670000	0.000689	0.010143
8.680000	0.000688	0.010119
8.690000	0.000687	0.010095
8.700000	0.000685	0.010071
8.710000	0.000684	0.010048
8.720000	0.000683	0.010024
8.730000	0.000682	0.010000
8.740000	0.000681	0.009977
8.750000	0.000679	0.009953
8.760000	0.000678	0.009930
8.770000	0.000677	0.009906
8.780000	0.000676	0.009883
8.790000	0.000675	0.009860
8.800000	0.000674	0.009836
8.810000	0.000673	0.009813
8.820000	0.000671	0.009790
8.830000	0.000670	0.009766
8.840000	0.000669	0.009743
8.850000	0.000668	0.009720
8.860000	0.000667	0.009697
8.870000	0.000666	0.009674
8.880000	0.000665	0.009651
8.890000	0.000663	0.009628
8.900000	0.000662	0.009605
8.910000	0.000661	0.009582
8.920000	0.000660	0.009560
8.930000	0.000659	0.009537
8.940000	0.000658	0.009514
8.950000	0.000657	0.009491
8.960000	0.000656	0.009469
8.970000	0.000654	0.009446
8.980000	0.000653	0.009423
8.990000	0.000652	0.009401
9.000000	0.000651	0.009378
9.010000	0.000650	0.009356
9.020000	0.000649	0.009333
9.030000	0.000648	0.009311
9.040000	0.000647	0.009289
9.050000	0.000646	0.009266
9.060000	0.000645	0.009244
9.070000	0.000643	0.009222
9.080000	0.000642	0.009200
9.090000	0.000641	0.009178
9.100000	0.000640	0.009155
9.110000	0.000639	0.009133
9.120000	0.000638	0.009111
9.130000	0.000637	0.009089
9.140000	0.000636	0.009067
9.150000	0.000635	0.009046
9.160000	0.000634	0.009024
9.170000	0.000633	0.009002
9.180000	0.000632	0.008980
9.190000	0.000631	0.008958
9.200000	0.000630	0.008937
9.210000	0.000628	0.008915
9.220000	0.000627	0.008893
9.230000	0.000626	0.008872
9.240000	0.000625	0.008850
9.250000	0.000624	0.008829
9.260000	0.000623	0.008807
9.270000	0.000622	0.008786
9.280000	0.000621	0.008764
9.290000	0.000620	0.008743
9.300000	0.000619	0.008722
9.310000	0.000618	0.008700
9.320000	0.000617	0.008679
9.330000	0.000616	0.008658
9.340000	0.000615	0.008637
9.350000	0.000614	0.008616
9.360000	0.000613	0.008595
9.370000	0.000612	0.008574
9.380000	0.000611	0.008553
9.390000	0.000610	0.008532
9.400000	0.000609	0.008511
9.410000	0.000608	0.008490
9.420000	0.000607	0.008469
9.430000	0.000606	0.008448
9.440000	0.000605	0.008428
9.450000	0.000604	0.008407
9.460000	0.000603	0.008386
9.470000	0.000602	0.008366
9.480000	0.000601	0.008345
9.490000	0.000600	0.008324
9.500000	0.000599	0.008304
9.510000	0.000598	0.008283
9.520000	0.000597	0.008263
9.530000	0.000596	0.008243
9.540000	0.000595	0.008222
9.550000	0.000594	0.008202
9.560000	0.000593	0.008182
9.570000	0.000592	0.008161
9.580000	0.000591	0.008141
9.590000	0.000590	0.008121
9.600000	0.000589	0.008101
9.610000	0.000588	0.008081
9.620000	0.000587	0.008061
9.630000	0.000586	0.008041
9.640000	0.000585	0.008021
9.650000	0.000584	0.008001
9.660000	0.000583	0.007981
9.670000	0.000582	0.007961
9.680000	0.000581	0.007941
9.690000	0.000581	0.007921
9.700000	0.000580	0.007902
9.710000	0.000579	0.007882
9.720000	0.000578	0.007862
9.730000	0.000577	0.007843
9.740000	0.000576	0.007823
9.750000	0.000575	0.007804
9.760000	0.000574	0.007784
9.770000	0.000573	0.007765
9.780000	0.000572	0.007745
9.790000	0.000571	0.007726
9.800000	0.000570	0.007706
9.810000	0.000569	0.007687
9.820000	0.000568	0.007668
9.830000	0.000567	0.007649
9.840000	0.000567	0.007629
9.850000	0.000566	0.007610
9.860000	0.000565	0.007591
9.870000	0.000564	0.007572
9.880000	0.000563	0.007553
9.890000	0.000562	0.007534
9.900000	0.000561	0.007515
9.910000	0.000560	0.007496
9.920000	0.000559	0.007477
9.930000	0.000558	0.007458
9.940000	0.000557	0.007439
9.950000	0.000557	0.007421
9.960000	0.000556	0.007402
9.970000	0.000555	0.007383
9.980000	0.000554	0.007364
9.990000	0.000553	0.007346
10.000000	0.000552	0.007327
