-10.000000	0.004312	0.004312
-9.990000	0.004320	0.004320
-9.980000	0.004329	0.004329
-9.970000	0.004338	0.004338
-9.960000	0.004346	0.004346
-9.950000	0.004355	0.004355
-9.940000	0.004364	0.004364
-9.930000	0.004372	0.004372
-9.920000	0.004381	0.004381
-9.910000	0.004390	0.004390
-9.900000	0.004398	0.004398
-9.890000	0.004407	0.004407
-9.880000	0.004416	0.004416
-9.870000	0.004425	0.004425
-9.860000	0.004434	0.004434
-9.850000	0.004442	0.004442
-9.840000	0.004451	0.004451
-9.830000	0.004460	0.004460
-9.820000	0.004469	0.004469
-9.810000	0.004478	0.004478
-9.800000	0.004487	0.004487
-9.790000	0.004496	0.004496
-9.780000	0.004505	0.004505
-9.770000	0.004514	0.004514
-9.760000	0.004523	0.004523
-9.750000	0.004532	0.004532
-9.740000	0.004541	0.004541
-9.730000	0.004550	0.004550
-9.720000	0.004559	0.004559
-9.710000	0.004568	0.004568
-9.700000	0.004577	0.004577
-9.690000	0.004586	0.004586
-9.680000	0.004595	0.004595
-9.670000	0.004605	0.004605
-9.660000	0.004614	0.004614
-9.650000	0.004623	0.004623
-9.640000	0.004632	0.004632
-9.630000	0.004642	0.004642
-9.620000	0.004651	0.004651
-9.610000	0.004660	0.004660
-9.600000	0.004669	0.004669
-9.590000	0.004679	0.004679
-9.580000	0.004688	0.004688
-9.570000	0.004697	0.004697
-9.560000	0.004707	0.004707
-9.550000	0.004716	0.004716
-9.540000	0.004726	0.004726
-9.530000	0.004735	0.004735
-9.520000	0.004745	0.004745
-9.510000	0.004754	0.004754
-9.500000	0.004764	0.004764
-9.490000	0.004773	0.004773
-9.480000	0.004783	0.004783
-9.470000	0.004792	0.004792
-9.460000	0.004802	0.004802
-9.450000	0.004811	0.004811
-9.440000	0.004821	0.004821
-9.430000	0.004831	0.004831
-9.420000	0.004840	0.004840
-9.410000	0.004850	0.004850
-9.400000	0.004860	0.004860
-9.390000	0.004870	0.004870
-9.380000	0.004879	0.004879
-9.370000	0.004889	0.004889
-9.360000	0.004899	0.004899
-9.350000	0.004909	0.004909
-9.340000	0.004919	0.004919
-9.330000	0.004928	0.004928
-9.320000	0.004938	0.004938
-9.310000	0.004948	0.004948
-9.300000	0.004958	0.004958
-9.290000	0.004968	0.004968
-9.280000	0.004978	0.004978
-9.270000	0.004988	0.004988
-9.260000	0.004998	0.004998
-9.250000	0.005008	0.005008
-9.240000	0.005018	0.005018
-9.230000	0.005028	0.005028
-9.220000	0.005038	0.005038
-9.210000	0.005048	0.005048
-9.200000	0.005058	0.005058
-9.190000	0.005069	0.005069
-9.180000	0.005079	0.005079
-9.170000	0.005089	0.005089
-9.160000	0.005099	0.005099
-9.150000	0.005109	0.005109
-9.140000	0.005120	0.005120
-9.130000	0.005130	0.005130
-9.120000	0.005140	0.005140
-9.110000	0.005151	0.005151
-9.100000	0.005161	0.005161
-9.090000	0.005171	0.005171
-9.080000	0.005182	0.005182
-9.070000	0.005192	0.005192
-9.060000	0.005202	0.005202
-9.050000	0.005213	0.005213
-9.040000	0.005223	0.005223
-9.030000	0.005234	0.005234
-9.020000	0.005244	0.005244
-9.010000	0.005255	0.005255
-9.000000	0.005266	0.005266
-8.990000	0.005276	0.005276
-8.980000	0.005287	0.005287
-8.970000	0.005297	0.005297
-8.960000	0.005308	0.005308
-8.950000	0.005319	0.005319
-8.940000	0.005329	0.005329
-8.930000	0.005340	0.005340
-8.920000	0.005351	0.005351
-8.910000	0.005362	0.005362
-8.900000	0.005372	0.005372
-8.890000	0.005383	0.005383
-8.880000	0.005394	0.005394
-8.870000	0.005405	0.005405
-8.860000	0.005416	0.005416
-8.850000	0.005427	0.005427
-8.840000	0.005438	0.005438
-8.830000	0.005448	0.005448
-8.820000	0.005459	0.005459
-8.810000	0.005470	0.005470
-8.800000	0.005481	0.005481
-8.790000	0.005492	0.005492
-8.780000	0.005503	0.005503
-8.770000	0.005515	0.005515
-8.760000	0.005526	0.005526
-8.750000	0.005537	0.005537
-8.740000	0.005548	0.005548
-8.730000	0.005559	0.005559
-8.720000	0.005570	0.005570
-8.710000	0.005581	0.005581
-8.700000	0.005593	0.005593
-8.690000	0.005604	0.005604
-8.680000	0.005615	0.005615
-8.670000	0.005627	0.005627
-8.660000	0.005638	0.005638
-8.650000	0.005649	0.005649
-8.640000	0.005661	0.005661
-8.630000	0.005672	0.005672
-8.620000	0.005683	0.005683
-8.610000	0.005695	0.005695
-8.600000	0.005706	0.005706
-8.590000	0.005718	0.005718
-8.580000	0.005729	0.005729
-8.570000	0.005741	0.005741
-8.560000	0.005752	0.005752
-8.550000	0.005764	0.005764
-8.540000	0.005776	0.005776
-8.530000	0.005787	0.005787
-8.520000	0.005799	0.005799
-8.510000	0.005811	0.005811
-8.500000	0.005822	0.005822
-8.490000	0.005834	0.005834
-8.480000	0.005846	0.005846
-8.470000	0.005858	0.005858
-8.460000	0.005869	0.005869
-8.450000	0.005881	0.005881
-8.440000	0.005893	0.005893
-8.430000	0.005905	0.005905
-8.420000	0.005917	0.005917
-8.410000	0.005929	0.005929
-8.400000	0.005941	0.005941
-8.390000	0.005953	0.005953
-8.380000	0.005965	0.005965
-8.370000	0.005977	0.005977
-8.360000	0.005989	0.005989
-8.350000	0.006001	0.006001
-8.340000	0.006013	0.006013
-8.330000	0.006025	0.006025
-8.320000	0.006037	0.006037
-8.310000	0.006049	0.006049
-8.300000	0.006062	0.006062
-8.290000	0.006074	0.006074
-8.280000	0.006086	0.006086
-8.270000	0.006098	0.006098
-8.260000	0.006111	0.006111
-8.250000	0.006123	0.006123
-8.240000	0.006135	0.006135
-8.230000	0.006148	0.006148
-8.220000	0.006160	0.006160
-8.210000	0.006172	0.006172
-8.200000	0.006185	0.006185
-8.190000	0.006197	0.006197
-8.180000	0.006210	0.006210
-8.170000	0.006222	0.006222
-8.160000	0.006235	0.006235
-8.150000	0.006247	0.006247
-8.140000	0.006260	0.006260
-8.130000	0.006273	0.006273
-8.120000	0.006285	0.006285
-8.110000	0.006298	0.006298
-8.100000	0.006311	0.006311
-8.090000	0.006323	0.006323
-8.080000	0.006336	0.006336
-8.070000	0.006349	0.006349
-8.060000	0.006362	0.006362
-8.050000	0.006375	0.006375
-8.040000	0.006387	0.006387
-8.030000	0.006400	0.006400
-8.020000	0.006413	0.006413
-8.010000	0.006426	0.006426
-8.000000	0.006439	0.006439
-7.990000	0.006452	0.006452
-7.980000	0.006465	0.006465
-7.970000	0.006478	0.006478
-7.960000	0.006491	0.006491
-7.950000	0.006504	0.006504
-7.940000	0.006517	0.006517
-7.930000	0.006530	0.006530
-7.920000	0.006544	0.006544
-7.910000	0.006557	0.006557
-7.900000	0.006570	0.006570
-7.890000	0.006583	0.006583
-7.880000	0.006596	0.006596
-7.870000	0.006610	0.006610
-7.860000	0.006623	0.006623
-7.850000	0.006636	0.006636
-7.840000	0.006650	0.006650
-7.830000	0.006663	0.006663
-7.820000	0.006677	0.006677
-7.810000	0.006690	0.006690
-7.800000	0.006703	0.006703
-7.790000	0.006717	0.006717
-7.780000	0.006731	0.006731
-7.770000	0.006744	0.006744
-7.760000	0.006758	0.006758
-7.750000	0.006771	0.006771
-7.740000	0.006785	0.006785
-7.730000	0.006799	0.006799
-7.720000	0.006812	0.006812
-7.710000	0.006826	0.006826
-7.700000	0.006840	0.006840
-7.690000	0.006853	0.006853
-7.680000	0.006867	0.006867
-7.670000	0.006881	0.006881
-7.660000	0.006895	0.006895
-7.650000	0.006909	0.006909
-7.640000	0.006923	0.006923
-7.630000	0.006937	0.006937
-7.620000	0.006951	0.006951
-7.610000	0.006965	0.006965
-7.600000	0.006979	0.006979
-7.590000	0.006993	0.006993
-7.580000	0.007007	0.007007
-7.570000	0.007021	0.007021
-7.560000	0.007035	0.007035
-7.550000	0.007049	0.007049
-7.540000	0.007063	0.007063
-7.530000	0.007078	0.007078
-7.520000	0.007092	0.007092
-7.510000	0.007106	0.007106
-7.500000	0.007120	0.007120
-7.490000	0.007135	0.007135
-7.480000	0.007149	0.007149
-7.470000	0.007163	0.007163
-7.460000	0.007178	0.007178
-7.450000	0.007192	0.007192
-7.440000	0.007207	0.007207
-7.430000	0.007221	0.007221
-7.420000	0.007236	0.007236
-7.410000	0.007250	0.007250
-7.400000	0.007265	0.007265
-7.390000	0.007279	0.007279
-7.380000	0.007294	0.007294
-7.370000	0.007309	0.007309
-7.360000	0.007323	0.007323
-7.350000	0.007338	0.007338
-7.340000	0.007353	0.007353
-7.330000	0.007368	0.007368
-7.320000	0.007382	0.007382
-7.310000	0.007397	0.007397
-7.300000	0.007412	0.007412
-7.290000	0.007427	0.007427
-7.280000	0.007442	0.007442
-7.270000	0.007457	0.007457
-7.260000	0.007472	0.007472
-7.250000	0.007487	0.007487
-7.240000	0.007502	0.007502
-7.230000	0.007517	0.007517
-7.220000	0.007532	0.007532
-7.210000	0.007547	0.007547
-7.200000	0.007562	0.007562
-7.190000	0.007577	0.007577
-7.180000	0.007592	0.007592
-7.170000	0.007608	0.007608
-7.160000	0.007623	0.007623
-7.150000	0.007638	0.007638
-7.140000	0.007654	0.007654
-7.130000	0.007669	0.007669
-7.120000	0.007684	0.007684
-7.110000	0.007700	0.007700
-7.100000	0.007715	0.007715
-7.090000	0.007731	0.007731
-7.080000	0.007746	0.007746
-7.070000	0.007762	0.007762
-7.060000	0.007777	0.007777
-7.050000	0.007793	0.007793
-7.040000	0.007808	0.007808
-7.030000	0.007824	0.007824
-7.020000	0.007840	0.007840
-7.010000	0.007855	0.007855
-7.000000	0.007871	0.007871
-6.990000	0.007887	0.007887
-6.980000	0.007903	0.007903
-6.970000	0.007918	0.007918
-6.960000	0.007934	0.007934
-6.950000	0.007950	0.007950
-6.940000	0.007966	0.007966
-6.930000	0.007982	0.007982
-6.920000	0.007998	0.007998
-6.910000	0.008014	0.008014
-6.900000	0.008030	0.008030
-6.890000	0.008046	0.008046
-6.880000	0.008062	0.008062
-6.870000	0.008078	0.008078
-6.860000	0.008094	0.008094
-6.850000	0.008110	0.008110
-6.840000	0.008127	0.008127
-6.830000	0.008143	0.008143
-6.820000	0.008159	0.008159
-6.810000	0.008175	0.008175
-6.800000	0.008192	0.008192
-6.790000	0.008208	0.008208
-6.780000	0.008224	0.008224
-6.770000	0.008241	0.008241
-6.760000	0.008257	0.008257
-6.750000	0.008274	0.008274
-6.740000	0.008290	0.008290
-6.730000	0.008307	0.008307
-6.720000	0.008323	0.008323
-6.710000	0.008340	0.008340
-6.700000	0.008357	0.008357
-6.690000	0.008373	0.008373
-6.680000	0.008390	0.008390
-6.670000	0.008407	0.008407
-6.660000	0.008423	0.008423
-6.650000	0.008440	0.008440
-6.640000	0.008457	0.008457
-6.630000	0.008474	0.008474
-6.620000	0.008491	0.008491
-6.610000	0.008508	0.008508
-6.600000	0.008524	0.008524
-6.590000	0.008541	0.008541
-6.580000	0.008558	0.008558
-6.570000	0.008575	0.008575
-6.560000	0.008593	0.008593
-6.550000	0.008610	0.008610
-6.540000	0.008627	0.008627
-6.530000	0.008644	0.008644
-6.520000	0.008661	0.008661
-6.510000	0.008678	0.008678
-6.500000	0.008696	0.008696
-6.490000	0.008713	0.008713
-6.480000	0.008730	0.008730
-6.470000	0.008747	0.008747
-6.460000	0.008765	0.008765
-6.450000	0.008782	0.008782
-6.440000	0.008800	0.008800
-6.430000	0.008817	0.008817
-6.420000	0.008835	0.008835
-6.410000	0.008852	0.008852
-6.400000	0.008870	0.008870
-6.390000	0.008887	0.008887
-6.380000	0.008905	0.008905
-6.370000	0.008923	0.008923
-6.360000	0.008940	0.008940
-6.350000	0.008958	0.008958
-6.340000	0.008976	0.008976
-6.330000	0.008993	0.008993
-6.320000	0.009011	0.009011
-6.310000	0.009029	0.009029
-6.300000	0.009047	0.009047
-6.290000	0.009065	0.009065
-6.280000	0.009083	0.009083
-6.270000	0.009101	0.009101
-6.260000	0.009119	0.009119
-6.250000	0.009137	0.009137
-6.240000	0.009155	0.009155
-6.230000	0.009173	0.009173
-6.220000	0.009191	0.009191
-6.210000	0.009209	0.009209
-6.200000	0.009227	0.009227
-6.190000	0.009246	0.009246
-6.180000	0.009264	0.009264
-6.170000	0.009282	0.009282
-6.160000	0.009301	0.009301
-6.150000	0.009319	0.009319
-6.140000	0.009337	0.009337
-6.130000	0.009356	0.009356
-6.120000	0.009374	0.009374
-6.110000	0.009393	0.009393
-6.100000	0.009411	0.009411
-6.090000	0.009430	0.009430
-6.080000	0.009448	0.009448
-6.070000	0.009467	0.009467
-6.060000	0.009485	0.009485
-6.050000	0.009504	0.009504
-6.040000	0.009523	0.009523
-6.030000	0.009542	0.009542
-6.020000	0.009560	0.009560
-6.010000	0.009579	0.009579
-6.000000	0.009598	0.009598
-5.990000	0.009617	0.009617
-5.980000	0.009636	0.009636
-5.970000	0.009655	0.009655
-5.960000	0.009674	0.009674
-5.950000	0.009693	0.009693
-5.940000	0.009712	0.009712
-5.930000	0.009731	0.009731
-5.920000	0.009750	0.009750
-5.910000	0.009769	0.009769
-5.900000	0.009788	0.009788
-5.890000	0.009807	0.009807
-5.880000	0.009827	0.009827
-5.870000	0.009846	0.009846
-5.860000	0.009865	0.009865
-5.850000	0.009884	0.009884
-5.840000	0.009904	0.009904
-5.830000	0.009923	0.009923
-5.820000	0.009943	0.009943
-5.810000	0.009962	0.009962
-5.800000	0.009982	0.009982
-5.790000	0.010001	0.010001
-5.780000	0.010021	0.010021
-5.770000	0.010040	0.010040
-5.760000	0.010060	0.010060
-5.750000	0.010080	0.010080
-5.740000	0.010099	0.010099
-5.730000	0.010119	0.010119
-5.720000	0.010139	0.010139
-5.710000	0.010159	0.010159
-5.700000	0.010178	0.010178
-5.690000	0.010198	0.010198
-5.680000	0.010218	0.010218
-5.670000	0.010238	0.010238
-5.660000	0.010258	0.010258
-5.650000	0.010278	0.010278
-5.640000	0.010298	0.010298
-5.630000	0.010318	0.010318
-5.620000	0.010338	0.010338
-5.610000	0.010358	0.010358
-5.600000	0.010378	0.010378
-5.590000	0.010399	0.010399
-5.580000	0.010419	0.010419
-5.570000	0.010439	0.010439
-5.560000	0.010459	0.010459
-5.550000	0.010480	0.010480
-5.540000	0.010500	0.010500
-5.530000	0.010520	0.010520
-5.520000	0.010541	0.010541
-5.510000	0.010561	0.010561
-5.500000	0.010582	0.010582
-5.490000	0.010602	0.010602
-5.480000	0.010623	0.010623
-5.470000	0.010644	0.010644
-5.460000	0.010664	0.010664
-5.450000	0.010685	0.010685
-5.440000	0.010706	0.010706
-5.430000	0.010726	0.010726
-5.420000	0.010747	0.010747
-5.410000	0.010768	0.010768
-5.400000	0.010789	0.010789
-5.390000	0.010810	0.010810
-5.380000	0.010830	0.010830
-5.370000	0.010851	0.010851
-5.360000	0.010872	0.010872
-5.350000	0.010893	0.010893
-5.340000	0.010914	0.010914
-5.330000	0.010935	0.010935
-5.320000	0.010957	0.010957
-5.310000	0.010978	0.010978
-5.300000	0.010999	0.010999
-5.290000	0.011020	0.011020
-5.280000	0.011041	0.011041
-5.270000	0.011063	0.011063
-5.260000	0.011084	0.011084
-5.250000	0.011105	0.011105
-5.240000	0.011127	0.011127
-5.230000	0.011148	0.011148
-5.220000	0.011169	0.011169
-5.210000	0.011191	0.011191
-5.200000	0.011212	0.011212
-5.190000	0.011234	0.011234
-5.180000	0.011255	0.011255
-5.170000	0.011277	0.011277
-5.160000	0.011299	0.011299
-5.150000	0.011320	0.011320
-5.140000	0.011342	0.011342
-5.130000	0.011364	0.011364
-5.120000	0.011386	0.011386
-5.110000	0.011407	0.011407
-5.100000	0.011429	0.011429
-5.090000	0.011451	0.011451
-5.080000	0.011473	0.011473
-5.070000	0.011495	0.011495
-5.060000	0.011517	0.011517
-5.050000	0.011539	0.011539
-5.040000	0.011561	0.011561
-5.030000	0.011583	0.011583
-5.020000	0.011605	0.011605
-5.010000	0.011628	0.011628
-5.000000	0.011650	0.011650
-4.990000	0.011672	0.011672
-4.980000	0.011694	0.011694
-4.970000	0.011717	0.011717
-4.960000	0.011739	0.011739
-4.950000	0.011761	0.011761
-4.940000	0.011784	0.011784
-4.930000	0.011806	0.011806
-4.920000	0.011828	0.011828
-4.910000	0.011851	0.011851
-4.900000	0.011874	0.011874
-4.890000	0.011896	0.011896
-4.880000	0.011919	0.011919
-4.870000	0.011941	0.011941
-4.860000	0.011964	0.011964
-4.850000	0.011987	0.011987
-4.840000	0.012009	0.012009
-4.830000	0.012032	0.012032
-4.820000	0.012055	0.012055
-4.810000	0.012078	0.012078
-4.800000	0.012101	0.012101
-4.790000	0.012124	0.012124
-4.780000	0.012147	0.012147
-4.770000	0.012170	0.012170
-4.760000	0.012193	0.012193
-4.750000	0.012216	0.012216
-4.740000	0.012239	0.012239
-4.730000	0.012262	0.012262
-4.720000	0.012285	0.012285
-4.710000	0.012308	0.012308
-4.700000	0.012331	0.012331
-4.690000	0.012355	0.012355
-4.680000	0.012378	0.012378
-4.670000	0.012401	0.012401
-4.660000	0.012425	0.012425
-4.650000	0.012448	0.012448
-4.640000	0.012471	0.012471
-4.630000	0.012495	0.012495
-4.620000	0.012518	0.012518
-4.610000	0.012542	0.012542
-4.600000	0.012566	0.012566
-4.590000	0.012589	0.012589
-4.580000	0.012613	0.012613
-4.570000	0.012636	0.012636
-4.560000	0.012660	0.012660
-4.550000	0.012684	0.012684
-4.540000	0.012708	0.012708
-4.530000	0.012731	0.012731
-4.520000	0.012755	0.012755
-4.510000	0.012779	0.012779
-4.500000	0.012803	0.012803
-4.490000	0.012827	0.012827
-4.480000	0.012851	0.012851
-4.470000	0.012875	0.012875
-4.460000	0.012899	0.012899
-4.450000	0.012923	0.012923
-4.440000	0.012947	0.012947
-4.430000	0.012971	0.012971
-4.420000	0.012996	0.012996
-4.410000	0.013020	0.013020
-4.400000	0.013044	0.013044
-4.390000	0.013068	0.013068
-4.380000	0.013093	0.013093
-4.370000	0.013117	0.013117
-4.360000	0.013141	0.013141
-4.350000	0.013166	0.013166
-4.340000	0.013190	0.013190
-4.330000	0.013215	0.013215
-4.320000	0.013239	0.013239
-4.310000	0.013264	0.013264
-4.300000	0.013288	0.013288
-4.290000	0.013313	0.013313
-4.280000	0.013338	0.013338
-4.270000	0.013362	0.013362
-4.260000	0.013387	0.013387
-4.250000	0.013412	0.013412
-4.240000	0.013437	0.013437
-4.230000	0.013462	0.013462
-4.220000	0.013486	0.013486
-4.210000	0.013511	0.013511
-4.200000	0.013536	0.013536
-4.190000	0.013561	0.013561
-4.180000	0.013586	0.013586
-4.170000	0.013611	0.013611
-4.160000	0.013636	0.013636
-4.150000	0.013662	0.013662
-4.140000	0.013687	0.013687
-4.130000	0.013712	0.013712
-4.120000	0.013737	0.013737
-4.110000	0.013762	0.013762
-4.100000	0.013788	0.013788
-4.090000	0.013813	0.013813
-4.080000	0.013838	0.013838
-4.070000	0.013864	0.013864
-4.060000	0.013889	0.013889
-4.050000	0.013915	0.013915
-4.040000	0.013940	0.013940
-4.030000	0.013966	0.013966
-4.020000	0.013991	0.013991
-4.010000	0.014017	0.014017
-4.000000	0.014042	0.014042
-3.990000	0.014068	0.014068
-3.980000	0.014094	0.014094
-3.970000	0.014119	0.014119
-3.960000	0.014145	0.014145
-3.950000	0.014171	0.014171
-3.940000	0.014197	0.014197
-3.930000	0.014223	0.014223
-3.920000	0.014248	0.014248
-3.910000	0.014274	0.014274
-3.900000	0.014300	0.014300
-3.890000	0.014326	0.014326
-3.880000	0.014352	0.014352
-3.870000	0.014378	0.014378
-3.860000	0.014404	0.014404
-3.850000	0.014431	0.014431
-3.840000	0.014457	0.014457
-3.830000	0.014483	0.014483
-3.820000	0.014509	0.014509
-3.810000	0.014535	0.014535
-3.800000	0.014562	0.014562
-3.790000	0.014588	0.014588
-3.780000	0.014614	0.014614
-3.770000	0.014641	0.014641
-3.760000	0.014667	0.014667
-3.750000	0.014694	0.014694
-3.740000	0.014720	0.014720
-3.730000	0.014747	0.014747
-3.720000	0.014773	0.014773
-3.710000	0.014800	0.014800
-3.700000	0.014827	0.014827
-3.690000	0.014853	0.014853
-3.680000	0.014880	0.014880
-3.670000	0.014907	0.014907
-3.660000	0.014933	0.014933
-3.650000	0.014960	0.014960
-3.640000	0.014987	0.014987
-3.630000	0.015014	0.015014
-3.620000	0.015041	0.015041
-3.610000	0.015068	0.015068
-3.600000	0.015095	0.015095
-3.590000	0.015122	0.015122
-3.580000	0.015149	0.015149
-3.570000	0.015176	0.015176
-3.560000	0.015203	0.015203
-3.550000	0.015230	0.015230
-3.540000	0.015257	0.015257
-3.530000	0.015284	0.015284
-3.520000	0.015311	0.015311
-3.510000	0.015339	0.015339
-3.500000	0.015366	0.015366
-3.490000	0.015393	0.015393
-3.480000	0.015421	0.015421
-3.470000	0.015448	0.015448
-3.460000	0.015476	0.015476
-3.450000	0.015503	0.015503
-3.440000	0.015530	0.015530
-3.430000	0.015558	0.015558
-3.420000	0.015586	0.015586
-3.410000	0.015613	0.015613
-3.400000	0.015641	0.015641
-3.390000	0.015668	0.015668
-3.380000	0.015696	0.015696
-3.370000	0.015724	0.015724
-3.360000	0.015751	0.015751
-3.350000	0.015779	0.015779
-3.340000	0.015807	0.015807
-3.330000	0.015835	0.015835
-3.320000	0.015863	0.015863
-3.310000	0.015891	0.015891
-3.300000	0.015919	0.015919
-3.290000	0.015947	0.015947
-3.280000	0.015975	0.015975
-3.270000	0.016003	0.016003
-3.260000	0.016031	0.016031
-3.250000	0.016059	0.016059
-3.240000	0.016087	0.016087
-3.230000	0.016115	0.016115
-3.220000	0.016143	0.016143
-3.210000	0.016171	0.016171
-3.200000	0.016200	0.016200
-3.190000	0.016228	0.016228
-3.180000	0.016256	0.016256
-3.170000	0.016285	0.016285
-3.160000	0.016313	0.016313
-3.150000	0.016342	0.016342
-3.140000	0.016370	0.016370
-3.130000	0.016398	0.016398
-3.120000	0.016427	0.016427
-3.110000	0.016455	0.016455
-3.100000	0.016484	0.016484
-3.090000	0.016513	0.016513
-3.080000	0.016541	0.016541
-3.070000	0.016570	0.016570
-3.060000	0.016599	0.016599
-3.050000	0.016627	0.016627
-3.040000	0.016656	0.016656
-3.030000	0.016685	0.016685
-3.020000	0.016714	0.016714
-3.010000	0.016743	0.016743
-3.000000	0.016771	0.016771
-2.990000	0.016800	0.016800
-2.980000	0.016829	0.016829
-2.970000	0.016858	0.016858
-2.960000	0.016887	0.016887
-2.950000	0.016916	0.016916
-2.940000	0.016945	0.016945
-2.930000	0.016975	0.016975
-2.920000	0.017004	0.017004
-2.910000	0.017033	0.017033
-2.900000	0.017062	0.017062
-2.890000	0.017091	0.017091
-2.880000	0.017120	0.017120
-2.870000	0.017150	0.017150
-2.860000	0.017179	0.017179
-2.850000	0.017208	0.017208
-2.840000	0.017238	0.017238
-2.830000	0.017267	0.017267
-2.820000	0.017297	0.017297
-2.810000	0.017326	0.017326
-2.800000	0.017356	0.017356
-2.790000	0.017385	0.017385
-2.780000	0.017415	0.017415
-2.770000	0.017444	0.017444
-2.760000	0.017474	0.017474
-2.750000	0.017503	0.017503
-2.740000	0.017533	0.017533
-2.730000	0.017563	0.017563
-2.720000	0.017593	0.017593
-2.710000	0.017622	0.017622
-2.700000	0.017652	0.017652
-2.690000	0.017682	0.017682
-2.680000	0.017712	0.017712
-2.670000	0.017742	0.017742
-2.660000	0.017772	0.017772
-2.650000	0.017801	0.017801
-2.640000	0.017831	0.017831
-2.630000	0.017861	0.017861
-2.620000	0.017891	0.017891
-2.610000	0.017921	0.017921
-2.600000	0.017952	0.017952
-2.590000	0.017982	0.017982
-2.580000	0.018012	0.018012
-2.570000	0.018042	0.018042
-2.560000	0.018072	0.018072
-2.550000	0.018102	0.018102
-2.540000	0.018133	0.018133
-2.530000	0.018163	0.018163
-2.520000	0.018193	0.018193
-2.510000	0.018224	0.018224
-2.500000	0.018254	0.018254
-2.490000	0.018284	0.018284
-2.480000	0.018315	0.018315
-2.470000	0.018345	0.018345
-2.460000	0.018376	0.018376
-2.450000	0.018406	0.018406
-2.440000	0.018437	0.018437
-2.430000	0.018467	0.018467
-2.420000	0.018498	0.018498
-2.410000	0.018528	0.018528
-2.400000	0.018559	0.018559
-2.390000	0.018590	0.018590
-2.380000	0.018620	0.018620
-2.370000	0.018651	0.018651
-2.360000	0.018682	0.018682
-2.350000	0.018713	0.018713
-2.340000	0.018744	0.018744
-2.330000	0.018774	0.018774
-2.320000	0.018805	0.018805
-2.310000	0.018836	0.018836
-2.300000	0.018867	0.018867
-2.290000	0.018898	0.018898
-2.280000	0.018929	0.018929
-2.270000	0.018960	0.018960
-2.260000	0.018991	0.018991
-2.250000	0.019022	0.019022
-2.240000	0.019053	0.019053
-2.230000	0.019084	0.019084
-2.220000	0.019115	0.019115
-2.210000	0.019146	0.019146
-2.200000	0.019178	0.019178
-2.190000	0.019209	0.019209
-2.180000	0.019240	0.019240
-2.170000	0.019271	0.019271
-2.160000	0.019303	0.019303
-2.150000	0.019334	0.019334
-2.140000	0.019365	0.019365
-2.130000	0.019397	0.019397
-2.120000	0.019428	0.019428
-2.110000	0.019459	0.019459
-2.100000	0.019491	0.019491
-2.090000	0.019522	0.019522
-2.080000	0.019554	0.019554
-2.070000	0.019585	0.019585
-2.060000	0.019617	0.019617
-2.050000	0.019648	0.019648
-2.040000	0.019680	0.019680
-2.030000	0.019712	0.019712
-2.020000	0.019743	0.019743
-2.010000	0.019775	0.019775
-2.000000	0.019807	0.019807
-1.990000	0.019838	0.019838
-1.980000	0.019870	0.019870
-1.970000	0.019902	0.019902
-1.960000	0.019934	0.019934
-1.950000	0.019966	0.019966
-1.940000	0.019997	0.019997
-1.930000	0.020029	0.020029
-1.920000	0.020061	0.020061
-1.910000	0.020093	0.020093
-1.900000	0.020125	0.020125
-1.890000	0.020157	0.020157
-1.880000	0.020189	0.020189
-1.870000	0.020221	0.020221
-1.860000	0.020253	0.020253
-1.850000	0.020285	0.020285
-1.840000	0.020317	0.020317
-1.830000	0.020349	0.020349
-1.820000	0.020381	0.020381
-1.810000	0.020413	0.020413
-1.800000	0.020446	0.020446
-1.790000	0.020478	0.020478
-1.780000	0.020510	0.020510
-1.770000	0.020542	0.020542
-1.760000	0.020575	0.020575
-1.750000	0.020607	0.020607
-1.740000	0.020639	0.020639
-1.730000	0.020671	0.020671
-1.720000	0.020704	0.020704
-1.710000	0.020736	0.020736
-1.700000	0.020769	0.020769
-1.690000	0.020801	0.020801
-1.680000	0.020833	0.020833
-1.670000	0.020866	0.020866
-1.660000	0.020898	0.020898
-1.650000	0.020931	0.020931
-1.640000	0.020963	0.020963
-1.630000	0.020996	0.020996
-1.620000	0.021029	0.021029
-1.610000	0.021061	0.021061
-1.600000	0.021094	0.021094
-1.590000	0.021126	0.021126
-1.580000	0.021159	0.021159
-1.570000	0.021192	0.021192
-1.560000	0.021225	0.021225
-1.550000	0.021257	0.021257
-1.540000	0.021290	0.021290
-1.530000	0.021323	0.021323
-1.520000	0.021356	0.021356
-1.510000	0.021388	0.021388
-1.500000	0.021421	0.021421
-1.490000	0.021454	0.021454
-1.480000	0.021487	0.021487
-1.470000	0.021520	0.021520
-1.460000	0.021553	0.021553
-1.450000	0.021586	0.021586
-1.440000	0.021619	0.021619
-1.430000	0.021652	0.021652
-1.420000	0.021685	0.021685
-1.410000	0.021718	0.021718
-1.400000	0.021751	0.021751
-1.390000	0.021784	0.021784
-1.380000	0.021817	0.021817
-1.370000	0.021850	0.021850
-1.360000	0.021883	0.021883
-1.350000	0.021916	0.021916
-1.340000	0.021949	0.021949
-1.330000	0.021982	0.021982
-1.320000	0.022016	0.022016
-1.310000	0.022049	0.022049
-1.300000	0.022082	0.022082
-1.290000	0.022115	0.022115
-1.280000	0.022149	0.022149
-1.270000	0.022182	0.022182
-1.260000	0.022215	0.022215
-1.250000	0.022248	0.022248
-1.240000	0.022282	0.022282
-1.230000	0.022315	0.022315
-1.220000	0.022348	0.022348
-1.210000	0.022382	0.022382
-1.200000	0.022415	0.022415
-1.190000	0.022449	0.022449
-1.180000	0.022482	0.022482
-1.170000	0.022516	0.022516
-1.160000	0.022549	0.022549
-1.150000	0.022583	0.022583
-1.140000	0.022616	0.022616
-1.130000	0.022650	0.022650
-1.120000	0.022683	0.022683
-1.110000	0.022717	0.022717
-1.100000	0.022750	0.022750
-1.090000	0.022784	0.022784
-1.080000	0.022818	0.022818
-1.070000	0.022851	0.022851
-1.060000	0.022885	0.022885
-1.050000	0.022918	0.022918
-1.040000	0.022952	0.022952
-1.030000	0.022986	0.022986
-1.020000	0.023020	0.023020
-1.010000	0.023053	0.023053
-1.000000	0.023087	0.023087
-0.990000	0.023121	0.023121
-0.980000	0.023155	0.023155
-0.970000	0.023188	0.023188
-0.960000	0.023222	0.023222
-0.950000	0.023256	0.023256
-0.940000	0.023290	0.023290
-0.930000	0.023324	0.023324
-0.920000	0.023358	0.023358
-0.910000	0.023391	0.023391
-0.900000	0.023425	0.023425
-0.890000	0.023459	0.023459
-0.880000	0.023493	0.023493
-0.870000	0.023527	0.023527
-0.860000	0.023561	0.023561
-0.850000	0.023595	0.023595
-0.840000	0.023629	0.023629
-0.830000	0.023663	0.023663
-0.820000	0.023697	0.023697
-0.810000	0.023731	0.023731
-0.800000	0.023765	0.023765
-0.790000	0.023799	0.023799
-0.780000	0.023833	0.023833
-0.770000	0.023867	0.023867
-0.760000	0.023901	0.023901
-0.750000	0.023935	0.023935
-0.740000	0.023970	0.023970
-0.730000	0.024004	0.024004
-0.720000	0.024038	0.024038
-0.710000	0.024072	0.024072
-0.700000	0.024106	0.024106
-0.690000	0.024140	0.024140
-0.680000	0.024174	0.024174
-0.670000	0.024209	0.024209
-0.660000	0.024243	0.024243
-0.650000	0.024277	0.024277
-0.640000	0.024311	0.024311
-0.630000	0.024346	0.024346
-0.620000	0.024380	0.024380
-0.610000	0.024414	0.024414
-0.600000	0.024448	0.024448
-0.590000	0.024483	0.024483
-0.580000	0.024517	0.024517
-0.570000	0.024551	0.024551
-0.560000	0.024586	0.024586
-0.550000	0.024620	0.024620
-0.540000	0.024654	0.024654
-0.530000	0.024689	0.024689
-0.520000	0.024723	0.024723
-0.510000	0.024757	0.024757
-0.500000	0.024792	0.024792
-0.490000	0.024826	0.024826
-0.480000	0.024861	0.024861
-0.470000	0.024895	0.024895
-0.460000	0.024930	0.024930
-0.450000	0.024964	0.024964
-0.440000	0.024998	0.024998
-0.430000	0.025033	0.025033
-0.420000	0.025067	0.025067
-0.410000	0.025102	0.025102
-0.400000	0.025136	0.025136
-0.390000	0.025171	0.025171
-0.380000	0.025205	0.025205
-0.370000	0.025240	0.025240
-0.360000	0.025274	0.025274
-0.350000	0.025309	0.025309
-0.340000	0.025343	0.025343
-0.330000	0.025378	0.025378
-0.320000	0.025413	0.025413
-0.310000	0.025447	0.025447
-0.300000	0.025482	0.025482
-0.290000	0.025516	0.025516
-0.280000	0.025551	0.025551
-0.270000	0.025585	0.025585
-0.260000	0.025620	0.025620
-0.250000	0.025655	0.025655
-0.240000	0.025689	0.025689
-0.230000	0.025724	0.025724
-0.220000	0.025759	0.025759
-0.210000	0.025793	0.025793
-0.200000	0.025828	0.025828
-0.190000	0.025863	0.025863
-0.180000	0.025897	0.025897
-0.170000	0.025932	0.025932
-0.160000	0.025967	0.025967
-0.150000	0.026001	0.026001
-0.140000	0.026036	0.026036
-0.130000	0.026071	0.026071
-0.120000	0.026105	0.026105
-0.110000	0.026140	0.026140
-0.100000	0.026175	0.026175
-0.090000	0.026209	0.026209
-0.080000	0.026244	0.026244
-0.070000	0.026279	0.026279
-0.060000	0.026314	0.026314
-0.050000	0.026348	0.026348
-0.040000	0.026383	0.026383
-0.030000	0.026418	0.026418
-0.020000	0.026453	0.026453
-0.010000	0.026487	0.026487
-0.000000	0.026522	0.026522
0.010000	0.026557	0.026557
0.020000	0.026592	0.026592
0.030000	0.026626	0.026626
0.040000	0.026661	0.026661
0.050000	0.026696	0.026696
0.060000	0.026731	0.026731
0.070000	0.026765	0.026765
0.080000	0.026800	0.026800
0.090000	0.026835	0.026835
0.100000	0.026870	0.026870
0.110000	0.026905	0.026905
0.120000	0.026939	0.026939
0.130000	0.026974	0.026974
0.140000	0.027009	0.027009
0.150000	0.027044	0.027044
0.160000	0.027079	0.027079
0.170000	0.027113	0.027113
0.180000	0.027148	0.027148
0.190000	0.027183	0.027183
0.200000	0.027218	0.027218
0.210000	0.027253	0.027253
0.220000	0.027287	0.027287
0.230000	0.027322	0.027322
0.240000	0.027357	0.027357
0.250000	0.027392	0.027392
0.260000	0.027427	0.027427
0.270000	0.027462	0.027462
0.280000	0.027496	0.027496
0.290000	0.027531	0.027531
0.300000	0.027566	0.027566
0.310000	0.027601	0.027601
0.320000	0.027636	0.027636
0.330000	0.027670	0.027670
0.340000	0.027705	0.027705
0.350000	0.027740	0.027740
0.360000	0.027775	0.027775
0.370000	0.027810	0.027810
0.380000	0.027845	0.027845
0.390000	0.027879	0.027879
0.400000	0.027914	0.027914
0.410000	0.027949	0.027949
0.420000	0.027984	0.027984
0.430000	0.028019	0.028019
0.440000	0.028053	0.028053
0.450000	0.028088	0.028088
0.460000	0.028123	0.028123
0.470000	0.028158	0.028158
0.480000	0.028193	0.028193
0.490000	0.028228	0.028228
0.500000	0.028262	0.028262
0.510000	0.028297	0.028297
0.520000	0.028332	0.028332
0.530000	0.028367	0.028367
0.540000	0.028402	0.028402
0.550000	0.028436	0.028436
0.560000	0.028471	0.028471
0.570000	0.028506	0.028506
0.580000	0.028541	0.028541
0.590000	0.028575	0.028575
0.600000	0.028610	0.028610
0.610000	0.028645	0.028645
0.620000	0.028680	0.028680
0.630000	0.028715	0.028715
0.640000	0.028749	0.028749
0.650000	0.028784	0.028784
0.660000	0.028819	0.028819
0.670000	0.028854	0.028854
0.680000	0.028888	0.028888
0.690000	0.028923	0.028923
0.700000	0.028958	0.028958
0.710000	0.028993	0.028993
0.720000	0.029027	0.029027
0.730000	0.029062	0.029062
0.740000	0.029097	0.029097
0.750000	0.029131	0.029131
0.760000	0.029166	0.029166
0.770000	0.029201	0.029201
0.780000	0.029235	0.029235
0.790000	0.029270	0.029270
0.800000	0.029305	0.029305
0.810000	0.029339	0.029339
0.820000	0.029374	0.029374
0.830000	0.029409	0.029409
0.840000	0.029443	0.029443
0.850000	0.029478	0.029478
0.860000	0.029513	0.029513
0.870000	0.029547	0.029547
0.880000	0.029582	0.029582
0.890000	0.029617	0.029617
0.900000	0.029651	0.029651
0.910000	0.029686	0.029686
0.920000	0.029720	0.029720
0.930000	0.029755	0.029755
0.940000	0.029790	0.029790
0.950000	0.029824	0.029824
0.960000	0.029859	0.029859
0.970000	0.029893	0.029893
0.980000	0.029928	0.029928
0.990000	0.029962	0.029962
1.000000	0.029997	0.029997
1.010000	0.030031	0.030031
1.020000	0.030066	0.030066
1.030000	0.030100	0.030100
1.040000	0.030135	0.030135
1.050000	0.030169	0.030169
1.060000	0.030204	0.030204
1.070000	0.030238	0.030238
1.080000	0.030273	0.030273
1.090000	0.030307	0.030307
1.100000	0.030342	0.030342
1.110000	0.030376	0.030376
1.120000	0.030411	0.030411
1.130000	0.030445	0.030445
1.140000	0.030479	0.030479
1.150000	0.030514	0.030514
1.160000	0.030548	0.030548
1.170000	0.030582	0.030582
1.180000	0.030617	0.030617
1.190000	0.030651	0.030651
1.200000	0.030685	0.030685
1.210000	0.030720	0.030720
1.220000	0.030754	0.030754
1.230000	0.030788	0.030788
1.240000	0.030823	0.030823
1.250000	0.030857	0.030857
1.260000	0.030891	0.030891
1.270000	0.030925	0.030925
1.280000	0.030960	0.030960
1.290000	0.030994	0.030994
1.300000	0.031028	0.031028
1.310000	0.031062	0.031062
1.320000	0.031096	0.031096
1.330000	0.031131	0.031131
1.340000	0.031165	0.031165
1.350000	0.031199	0.031199
1.360000	0.031233	0.031233
1.370000	0.031267	0.031267
1.380000	0.031301	0.031301
1.390000	0.031335	0.031335
1.400000	0.031369	0.031369
1.410000	0.031403	0.031403
1.420000	0.031437	0.031437
1.430000	0.031471	0.031471
1.440000	0.031505	0.031505
1.450000	0.031539	0.031539
1.460000	0.031573	0.031573
1.470000	0.031607	0.031607
1.480000	0.031641	0.031641
1.490000	0.031675	0.031675
1.500000	0.031709	0.031709
1.510000	0.031743	0.031743
1.520000	0.031777	0.031777
1.530000	0.031811	0.031811
1.540000	0.031845	0.031845
1.550000	0.031879	0.031879
1.560000	0.031912	0.031912
1.570000	0.031946	0.031946
1.580000	0.031980	0.031980
1.590000	0.032014	0.032014
1.600000	0.032048	0.032048
1.610000	0.032081	0.032081
1.620000	0.032115	0.032115
1.630000	0.032149	0.032149
1.640000	0.032182	0.032182
1.650000	0.032216	0.032216
1.660000	0.032250	0.032250
1.670000	0.032283	0.032283
1.680000	0.032317	0.032317
1.690000	0.032351	0.032351
1.700000	0.032384	0.032384
1.710000	0.032418	0.032418
1.720000	0.032451	0.032451
1.730000	0.032485	0.032485
1.740000	0.032518	0.032518
1.750000	0.032552	0.032552
1.760000	0.032585	0.032585
1.770000	0.032619	0.032619
1.780000	0.032652	0.032652
1.790000	0.032686	0.032686
1.800000	0.032719	0.032719
1.810000	0.032752	0.032752
1.820000	0.032786	0.032786
1.830000	0.032819	0.032819
1.840000	0.032852	0.032852
1.850000	0.032886	0.032886
1.860000	0.032919	0.032919
1.870000	0.032952	0.032952
1.880000	0.032986	0.032986
1.890000	0.033019	0.033019
1.900000	0.033052	0.033052
1.910000	0.033085	0.033085
1.920000	0.033118	0.033118
1.930000	0.033151	0.033151
1.940000	0.033185	0.033185
1.950000	0.033218	0.033218
1.960000	0.033251	0.033251
1.970000	0.033284	0.033284
1.980000	0.033317	0.033317
1.990000	0.033350	0.033350
2.000000	0.033383	0.033383
2.010000	0.033416	0.033416
2.020000	0.033449	0.033449
2.030000	0.033482	0.033482
2.040000	0.033514	0.033514
2.050000	0.033547	0.033547
2.060000	0.033580	0.033580
2.070000	0.033613	0.033613
2.080000	0.033646	0.033646
2.090000	0.033679	0.033679
2.100000	0.033711	0.033711
2.110000	0.033744	0.033744
2.120000	0.033777	0.033777
2.130000	0.033810	0.033810
2.140000	0.033842	0.033842
2.150000	0.033875	0.033875
2.160000	0.033907	0.033907
2.170000	0.033940	0.033940
2.180000	0.033973	0.033973
2.190000	0.034005	0.034005
2.200000	0.034038	0.034038
2.210000	0.034070	0.034070
2.220000	0.034103	0.034103
2.230000	0.034135	0.034135
2.240000	0.034167	0.034167
2.250000	0.034200	0.034200
2.260000	0.034232	0.034232
2.270000	0.034265	0.034265
2.280000	0.034297	0.034297
2.290000	0.034329	0.034329
2.300000	0.034361	0.034361
2.310000	0.034394	0.034394
2.320000	0.034426	0.034426
2.330000	0.034458	0.034458
2.340000	0.034490	0.034490
2.350000	0.034522	0.034522
2.360000	0.034555	0.034555
2.370000	0.034587	0.034587
2.380000	0.034619	0.034619
2.390000	0.034651	0.034651
2.400000	0.034683	0.034683
2.410000	0.034715	0.034715
2.420000	0.034747	0.034747
2.430000	0.034779	0.034779
2.440000	0.034810	0.034810
2.450000	0.034842	0.034842
2.460000	0.034874	0.034874
2.470000	0.034906	0.034906
2.480000	0.034938	0.034938
2.490000	0.034969	0.034969
2.500000	0.035001	0.035001
2.510000	0.035033	0.035033
2.520000	0.035065	0.035065
2.530000	0.035096	0.035096
2.540000	0.035128	0.035128
2.550000	0.035159	0.035159
2.560000	0.035191	0.035191
2.570000	0.035222	0.035222
2.580000	0.035254	0.035254
2.590000	0.035285	0.035285
2.600000	0.035317	0.035317
2.610000	0.035348	0.035348
2.620000	0.035380	0.035380
2.630000	0.035411	0.035411
2.640000	0.035442	0.035442
2.650000	0.035474	0.035474
2.660000	0.035505	0.035505
2.670000	0.035536	0.035536
2.680000	0.035567	0.035567
2.690000	0.035598	0.035598
2.700000	0.035630	0.035630
2.710000	0.035661	0.035661
2.720000	0.035692	0.035692
2.730000	0.035723	0.035723
2.740000	0.035754	0.035754
2.750000	0.035785	0.035785
2.760000	0.035816	0.035816
2.770000	0.035847	0.035847
2.780000	0.035878	0.035878
2.790000	0.035908	0.035908
2.800000	0.035939	0.035939
2.810000	0.035970	0.035970
2.820000	0.036001	0.036001
2.830000	0.036032	0.036032
2.840000	0.036062	0.036062
2.850000	0.036093	0.036093
2.860000	0.036124	0.036124
2.870000	0.036154	0.036154
2.880000	0.036185	0.036185
2.890000	0.036215	0.036215
2.900000	0.036246	0.036246
2.910000	0.036276	0.036276
2.920000	0.036307	0.036307
2.930000	0.036337	0.036337
2.940000	0.036367	0.036367
2.950000	0.036398	0.036398
2.960000	0.036428	0.036428
2.970000	0.036458	0.036458
2.980000	0.036489	0.036489
2.990000	0.036519	0.036519
3.000000	0.036549	0.036549
3.010000	0.036579	0.036579
3.020000	0.036609	0.036609
3.030000	0.036639	0.036639
3.040000	0.036669	0.036669
3.050000	0.036699	0.036699
3.060000	0.036729	0.036729
3.070000	0.036759	0.036759
3.080000	0.036789	0.036789
3.090000	0.036819	0.036819
3.100000	0.036849	0.036849
3.110000	0.036879	0.036879
3.120000	0.036908	0.036908
3.130000	0.036938	0.036938
3.140000	0.036968	0.036968
3.150000	0.036997	0.036997
3.160000	0.037027	0.037027
3.170000	0.037057	0.037057
3.180000	0.037086	0.037086
3.190000	0.037116	0.037116
3.200000	0.037145	0.037145
3.210000	0.037174	0.037174
3.220000	0.037204	0.037204
3.230000	0.037233	0.037233
3.240000	0.037263	0.037263
3.250000	0.037292	0.037292
3.260000	0.037321	0.037321
3.270000	0.037350	0.037350
3.280000	0.037379	0.037379
3.290000	0.037409	0.037409
3.300000	0.037438	0.037438
3.310000	0.037467	0.037467
3.320000	0.037496	0.037496
3.330000	0.037525	0.037525
3.340000	0.037554	0.037554
3.350000	0.037583	0.037583
3.360000	0.037611	0.037611
3.370000	0.037640	0.037640
3.380000	0.037669	0.037669
3.390000	0.037698	0.037698
3.400000	0.037727	0.037727
3.410000	0.037755	0.037755
3.420000	0.037784	0.037784
3.430000	0.037812	0.037812
3.440000	0.037841	0.037841
3.450000	0.037870	0.037870
3.460000	0.037898	0.037898
3.470000	0.037926	0.037926
3.480000	0.037955	0.037955
3.490000	0.037983	0.037983
3.500000	0.038012	0.038012
3.510000	0.038040	0.038040
3.520000	0.038068	0.038068
3.530000	0.038096	0.038096
3.540000	0.038125	0.038125
3.550000	0.038153	0.038153
3.560000	0.038181	0.038181
3.570000	0.038209	0.038209
3.580000	0.038237	0.038237
3.590000	0.038265	0.038265
3.600000	0.038293	0.038293
3.610000	0.038321	0.038321
3.620000	0.038348	0.038348
3.630000	0.038376	0.038376
3.640000	0.038404	0.038404
3.650000	0.038432	0.038432
3.660000	0.038459	0.038459
3.670000	0.038487	0.038487
3.680000	0.038515	0.038515
3.690000	0.038542	0.038542
3.700000	0.038570	0.038570
3.710000	0.038597	0.038597
3.720000	0.038625	0.038625
3.730000	0.038652	0.038652
3.740000	0.038680	0.038680
3.750000	0.038707	0.038707
3.760000	0.038734	0.038734
3.770000	0.038761	0.038761
3.780000	0.038789	0.038789
3.790000	0.038816	0.038816
3.800000	0.038843	0.038843
3.810000	0.038870	0.038870
3.820000	0.038897	0.038897
3.830000	0.038924	0.038924
3.840000	0.038951	0.038951
3.850000	0.038978	0.038978
3.860000	0.039005	0.039005
3.870000	0.039031	0.039031
3.880000	0.039058	0.039058
3.890000	0.039085	0.039085
3.900000	0.039112	0.039112
3.910000	0.039138	0.039138
3.920000	0.039165	0.039165
3.930000	0.039191	0.039191
3.940000	0.039218	0.039218
3.950000	0.039244	0.039244
3.960000	0.039271	0.039271
3.970000	0.039297	0.039297
3.980000	0.039323	0.039323
3.990000	0.039350	0.039350
4.000000	0.039376	0.039376
4.010000	0.039402	0.039402
4.020000	0.039428	0.039428
4.030000	0.039454	0.039454
4.040000	0.039480	0.039480
4.050000	0.039506	0.039506
4.060000	0.039532	0.039532
4.070000	0.039558	0.039558
4.080000	0.039584	0.039584
4.090000	0.039610	0.039610
4.100000	0.039636	0.039636
4.110000	0.039662	0.039662
4.120000	0.039687	0.039687
4.130000	0.039713	0.039713
4.140000	0.039739	0.039739
4.150000	0.039764	0.039764
4.160000	0.039790	0.039790
4.170000	0.039815	0.039815
4.180000	0.039841	0.039841
4.190000	0.039866	0.039866
4.200000	0.039891	0.039891
4.210000	0.039917	0.039917
4.220000	0.039942	0.039942
4.230000	0.039967	0.039967
4.240000	0.039992	0.039992
4.250000	0.040018	0.040018
4.260000	0.040043	0.040043
4.270000	0.040068	0.040068
4.280000	0.040093	0.040093
4.290000	0.040118	0.040118
4.300000	0.040142	0.040142
4.310000	0.040167	0.040167
4.320000	0.040192	0.040192
4.330000	0.040217	0.040217
4.340000	0.040242	0.040242
4.350000	0.040266	0.040266
4.360000	0.040291	0.040291
4.370000	0.040315	0.040315
4.380000	0.040340	0.040340
4.390000	0.040364	0.040364
4.400000	0.040389	0.040389
4.410000	0.040413	0.040413
4.420000	0.040437	0.040437
4.430000	0.040462	0.040462
4.440000	0.040486	0.040486
4.450000	0.040510	0.040510
4.460000	0.040534	0.040534
4.470000	0.040558	0.040558
4.480000	0.040582	0.040582
4.490000	0.040606	0.040606
4.500000	0.040630	0.040630
4.510000	0.040654	0.040654
4.520000	0.040678	0.040678
4.530000	0.040702	0.040702
4.540000	0.040726	0.040726
4.550000	0.040749	0.040749
4.560000	0.040773	0.040773
4.570000	0.040797	0.040797
4.580000	0.040820	0.040820
4.590000	0.040844	0.040844
4.600000	0.040867	0.040867
4.610000	0.040891	0.040891
4.620000	0.040914	0.040914
4.630000	0.040937	0.040937
4.640000	0.040961	0.040961
4.650000	0.040984	0.040984
4.660000	0.041007	0.041007
4.670000	0.041030	0.041030
4.680000	0.041053	0.041053
4.690000	0.041076	0.041076
4.700000	0.041099	0.041099
4.710000	0.041122	0.041122
4.720000	0.041145	0.041145
4.730000	0.041168	0.041168
4.740000	0.041191	0.041191
4.750000	0.041213	0.041213
4.760000	0.041236	0.041236
4.770000	0.041259	0.041259
4.780000	0.041281	0.041281
4.790000	0.041304	0.041304
4.800000	0.041326	0.041326
4.810000	0.041349	0.041349
4.820000	0.041371	0.041371
4.830000	0.041393	0.041393
4.840000	0.041416	0.041416
4.850000	0.041438	0.041438
4.860000	0.041460	0.041460
4.870000	0.041482	0.041482
4.880000	0.041504	0.041504
4.890000	0.041526	0.041526
4.900000	0.041548	0.041548
4.910000	0.041570	0.041570
4.920000	0.041592	0.041592
4.930000	0.041614	0.041614
4.940000	0.041636	0.041636
4.950000	0.041657	0.041657
4.960000	0.041679	0.041679
4.970000	0.041701	0.041701
4.980000	0.041722	0.041722
4.990000	0.041744	0.041744
5.000000	0.041765	0.041765
5.010000	0.041787	0.041787
5.020000	0.041808	0.041808
5.030000	0.041829	0.041829
5.040000	0.041850	0.041850
5.050000	0.041872	0.041872
5.060000	0.041893	0.041893
5.070000	0.041914	0.041914
5.080000	0.041935	0.041935
5.090000	0.041956	0.041956
5.100000	0.041977	0.041977
5.110000	0.041998	0.041998
5.120000	0.042019	0.042019
5.130000	0.042039	0.042039
5.140000	0.042060	0.042060
5.150000	0.042081	0.042081
5.160000	0.042102	0.042102
5.170000	0.042122	0.042122
5.180000	0.042143	0.042143
5.190000	0.042163	0.042163
5.200000	0.042184	0.042184
5.210000	0.042204	0.042204
5.220000	0.042224	0.042224
5.230000	0.042245	0.042245
5.240000	0.042265	0.042265
5.250000	0.042285	0.042285
5.260000	0.042305	0.042305
5.270000	0.042325	0.042325
5.280000	0.042345	0.042345
5.290000	0.042365	0.042365
5.300000	0.042385	0.042385
5.310000	0.042405	0.042405
5.320000	0.042425	0.042425
5.330000	0.042444	0.042444
5.340000	0.042464	0.042464
5.350000	0.042484	0.042484
5.360000	0.042503	0.042503
5.370000	0.042523	0.042523
5.380000	0.042542	0.042542
5.390000	0.042562	0.042562
5.400000	0.042581	0.042581
5.410000	0.042601	0.042601
5.420000	0.042620	0.042620
5.430000	0.042639	0.042639
5.440000	0.042658	0.042658
5.450000	0.042677	0.042677
5.460000	0.042696	0.042696
5.470000	0.042715	0.042715
5.480000	0.042734	0.042734
5.490000	0.042753	0.042753
5.500000	0.042772	0.042772
5.510000	0.042791	0.042791
5.520000	0.042810	0.042810
5.530000	0.042828	0.042828
5.540000	0.042847	0.042847
5.550000	0.042865	0.042865
5.560000	0.042884	0.042884
5.570000	0.042902	0.042902
5.580000	0.042921	0.042921
5.590000	0.042939	0.042939
5.600000	0.042958	0.042958
5.610000	0.042976	0.042976
5.620000	0.042994	0.042994
5.630000	0.043012	0.043012
5.640000	0.043030	0.043030
5.650000	0.043048	0.043048
5.660000	0.043066	0.043066
5.670000	0.043084	0.043084
5.680000	0.043102	0.043102
5.690000	0.043120	0.043120
5.700000	0.043138	0.043138
5.710000	0.043155	0.043155
5.720000	0.043173	0.043173
5.730000	0.043191	0.043191
5.740000	0.043208	0.043208
5.750000	0.043226	0.043226
5.760000	0.043243	0.043243
5.770000	0.043260	0.043260
5.780000	0.043278	0.043278
5.790000	0.043295	0.043295
5.800000	0.043312	0.043312
5.810000	0.043329	0.043329
5.820000	0.043346	0.043346
5.830000	0.043363	0.043363
5.840000	0.043380	0.043380
5.850000	0.043397	0.043397
5.860000	0.043414	0.043414
5.870000	0.043431	0.043431
5.880000	0.043448	0.043448
5.890000	0.043465	0.043465
5.900000	0.043481	0.043481
5.910000	0.043498	0.043498
5.920000	0.043514	0.043514
5.930000	0.043531	0.043531
5.940000	0.043547	0.043547
5.950000	0.043564	0.043564
5.960000	0.043580	0.043580
5.970000	0.043596	0.043596
5.980000	0.043613	0.043613
5.990000	0.043629	0.043629
6.000000	0.043645	0.043645
6.010000	0.043661	0.043661
6.020000	0.043677	0.043677
6.030000	0.043693	0.043693
6.040000	0.043709	0.043709
6.050000	0.043725	0.043725
6.060000	0.043740	0.043740
6.070000	0.043756	0.043756
6.080000	0.043772	0.043772
6.090000	0.043787	0.043787
6.100000	0.043803	0.043803
6.110000	0.043818	0.043818
6.120000	0.043834	0.043834
6.130000	0.043849	0.043849
6.140000	0.043865	0.043865
6.150000	0.043880	0.043880
6.160000	0.043895	0.043895
6.170000	0.043910	0.043910
6.180000	0.043925	0.043925
6.190000	0.043940	0.043940
6.200000	0.043955	0.043955
6.210000	0.043970	0.043970
6.220000	0.043985	0.043985
6.230000	0.044000	0.044000
6.240000	0.044015	0.044015
6.250000	0.044030	0.044030
6.260000	0.044044	0.044044
6.270000	0.044059	0.044059
6.280000	0.044073	0.044073
6.290000	0.044088	0.044088
6.300000	0.044102	0.044102
6.310000	0.044117	0.044117
6.320000	0.044131	0.044131
6.330000	0.044145	0.044145
6.340000	0.044160	0.044160
6.350000	0.044174	0.044174
6.360000	0.044188	0.044188
6.370000	0.044202	0.044202
6.380000	0.044216	0.044216
6.390000	0.044230	0.044230
6.400000	0.044244	0.044244
6.410000	0.044257	0.044257
6.420000	0.044271	0.044271
6.430000	0.044285	0.044285
6.440000	0.044299	0.044299
6.450000	0.044312	0.044312
6.460000	0.044326	0.044326
6.470000	0.044339	0.044339
6.480000	0.044353	0.044353
6.490000	0.044366	0.044366
6.500000	0.044379	0.044379
6.510000	0.044393	0.044393
6.520000	0.044406	0.044406
6.530000	0.044419	0.044419
6.540000	0.044432	0.044432
6.550000	0.044445	0.044445
6.560000	0.044458	0.044458
6.570000	0.044471	0.044471
6.580000	0.044484	0.044484
6.590000	0.044496	0.044496
6.600000	0.044509	0.044509
6.610000	0.044522	0.044522
6.620000	0.044535	0.044535
6.630000	0.044547	0.044547
6.640000	0.044560	0.044560
6.650000	0.044572	0.044572
6.660000	0.044584	0.044584
6.670000	0.044597	0.044597
6.680000	0.044609	0.044609
6.690000	0.044621	0.044621
6.700000	0.044634	0.044634
6.710000	0.044646	0.044646
6.720000	0.044658	0.044658
6.730000	0.044670	0.044670
6.740000	0.044682	0.044682
6.750000	0.044694	0.044694
6.760000	0.044705	0.044705
6.770000	0.044717	0.044717
6.780000	0.044729	0.044729
6.790000	0.044741	0.044741
6.800000	0.044752	0.044752
6.810000	0.044764	0.044764
6.820000	0.044775	0.044775
6.830000	0.044787	0.044787
6.840000	0.044798	0.044798
6.850000	0.044809	0.044809
6.860000	0.044821	0.044821
6.870000	0.044832	0.044832
6.880000	0.044843	0.044843
6.890000	0.044854	0.044854
6.900000	0.044865	0.044865
6.910000	0.044876	0.044876
6.920000	0.044887	0.044887
6.930000	0.044898	0.044898
6.940000	0.044909	0.044909
6.950000	0.044919	0.044919
6.960000	0.044930	0.044930
6.970000	0.044941	0.044941
6.980000	0.044951	0.044951
6.990000	0.044962	0.044962
7.000000	0.044972	0.044972
7.010000	0.044983	0.044983
7.020000	0.044993	0.044993
7.030000	0.045003	0.045003
7.040000	0.045013	0.045013
7.050000	0.045024	0.045024
7.060000	0.045034	0.045034
7.070000	0.045044	0.045044
7.080000	0.045054	0.045054
7.090000	0.045064	0.045064
7.100000	0.045074	0.045074
7.110000	0.045083	0.045083
7.120000	0.045093	0.045093
7.130000	0.045103	0.045103
7.140000	0.045113	0.045113
7.150000	0.045122	0.045122
7.160000	0.045132	0.045132
7.170000	0.045141	0.045141
7.180000	0.045151	0.045151
7.190000	0.045160	0.045160
7.200000	0.045169	0.045169
7.210000	0.045179	0.045179
7.220000	0.045188	0.045188
7.230000	0.045197	0.045197
7.240000	0.045206	0.045206
7.250000	0.045215	0.045215
7.260000	0.045224	0.045224
7.270000	0.045233	0.045233
7.280000	0.045242	0.045242
7.290000	0.045251	0.045251
7.300000	0.045259	0.045259
7.310000	0.045268	0.045268
7.320000	0.045277	0.045277
7.330000	0.045285	0.045285
7.340000	0.045294	0.045294
7.350000	0.045302	0.045302
7.360000	0.045311	0.045311
7.370000	0.045319	0.045319
7.380000	0.045327	0.045327
7.390000	0.045336	0.045336
7.400000	0.045344	0.045344
7.410000	0.045352	0.045352
7.420000	0.045360	0.045360
7.430000	0.045368	0.045368
7.440000	0.045376	0.045376
7.450000	0.045384	0.045384
7.460000	0.045392	0.045392
7.470000	0.045399	0.045399
7.480000	0.045407	0.045407
7.490000	0.045415	0.045415
7.500000	0.045422	0.045422
7.510000	0.045430	0.045430
7.520000	0.045437	0.045437
7.530000	0.045445	0.045445
7.540000	0.045452	0.045452
7.550000	0.045459	0.045459
7.560000	0.045467	0.045467
7.570000	0.045474	0.045474
7.580000	0.045481	0.045481
7.590000	0.045488	0.045488
7.600000	0.045495	0.045495
7.610000	0.045502	0.045502
7.620000	0.045509	0.045509
7.630000	0.045516	0.045516
7.640000	0.045523	0.045523
7.650000	0.045529	0.045529
7.660000	0.045536	0.045536
7.670000	0.045543	0.045543
7.680000	0.045549	0.045549
7.690000	0.045556	0.045556
7.700000	0.045562	0.045562
7.710000	0.045569	0.045569
7.720000	0.045575	0.045575
7.730000	0.045581	0.045581
7.740000	0.045588	0.045588
7.750000	0.045594	0.045594
7.760000	0.045600	0.045600
7.770000	0.045606	0.045606
7.780000	0.045612	0.045612
7.790000	0.045618	0.045618
7.800000	0.045624	0.045624
7.810000	0.045630	0.045630
7.820000	0.045635	0.045635
7.830000	0.045641	0.045641
7.840000	0.045647	0.045647
7.850000	0.045652	0.045652
7.860000	0.045658	0.045658
7.870000	0.045663	0.045663
7.880000	0.045669	0.045669
7.890000	0.045674	0.045674
7.900000	0.045680	0.045680
7.910000	0.045685	0.045685
7.920000	0.045690	0.045690
7.930000	0.045695	0.045695
7.940000	0.045700	0.045700
7.950000	0.045705	0.045705
7.960000	0.045710	0.045710
7.970000	0.045715	0.045715
7.980000	0.045720	0.045720
7.990000	0.045725	0.045725
8.000000	0.045730	0.045730
8.010000	0.045734	0.045734
8.020000	0.045739	0.045739
8.030000	0.045743	0.045743
8.040000	0.045748	0.045748
8.050000	0.045752	0.045752
8.060000	0.045757	0.045757
8.070000	0.045761	0.045761
8.080000	0.045766	0.045766
8.090000	0.045770	0.045770
8.100000	0.045774	0.045774
8.110000	0.045778	0.045778
8.120000	0.045782	0.045782
8.130000	0.045786	0.045786
8.140000	0.045790	0.045790
8.150000	0.045794	0.045794
8.160000	0.045798	0.045798
8.170000	0.045802	0.045802
8.180000	0.045805	0.045805
8.190000	0.045809	0.045809
8.200000	0.045813	0.045813
8.210000	0.045816	0.045816
8.220000	0.045820	0.045820
8.230000	0.045823	0.045823
8.240000	0.045827	0.045827
8.250000	0.045830	0.045830
8.260000	0.045833	0.045833
8.270000	0.045836	0.045836
8.280000	0.045840	0.045840
8.290000	0.045843	0.045843
8.300000	0.045846	0.045846
8.310000	0.045849	0.045849
8.320000	0.045852	0.045852
8.330000	0.045855	0.045855
8.340000	0.045857	0.045857
8.350000	0.045860	0.045860
8.360000	0.045863	0.045863
8.370000	0.045866	0.045866
8.380000	0.045868	0.045868
8.390000	0.045871	0.045871
8.400000	0.045873	0.045873
8.410000	0.045876	0.045876
8.420000	0.045878	0.045878
8.430000	0.045880	0.045880
8.440000	0.045883	0.045883
8.450000	0.045885	0.045885
8.460000	0.045887	0.045887
8.470000	0.045889	0.045889
8.480000	0.045891	0.045891
8.490000	0.045893	0.045893
8.500000	0.045895	0.045895
8.510000	0.045897	0.045897
8.520000	0.045899	0.045899
8.530000	0.045901	0.045901
8.540000	0.045902	0.045902
8.550000	0.045904	0.045904
8.560000	0.045906	0.045906
8.570000	0.045907	0.045907
8.580000	0.045909	0.045909
8.590000	0.045910	0.045910
8.600000	0.045911	0.045911
8.610000	0.045913	0.045913
8.620000	0.045914	0.045914
8.630000	0.045915	0.045915
8.640000	0.045916	0.045916
8.650000	0.045917	0.045917
8.660000	0.045919	0.045919
8.670000	0.045920	0.045920
8.680000	0.045920	0.045920
8.690000	0.045921	0.045921
8.700000	0.045922	0.045922
8.710000	0.045923	0.045923
8.720000	0.045924	0.045924
8.730000	0.045924	0.045924
8.740000	0.045925	0.045925
8.750000	0.045925	0.045925
8.760000	0.045926	0.045926
8.770000	0.045926	0.045926
8.780000	0.045927	0.045927
8.790000	0.045927	0.045927
8.800000	0.045927	0.045927
8.810000	0.045928	0.045928
8.820000	0.045928	0.045928
8.830000	0.045928	0.045928
8.840000	0.045928	0.045928
8.850000	0.045928	0.045928
8.860000	0.045928	0.045928
8.870000	0.045928	0.045928
8.880000	0.045928	0.045928
8.890000	0.045927	0.045927
8.900000	0.045927	0.045927
8.910000	0.045927	0.045927
8.920000	0.045926	0.045926
8.930000	0.045926	0.045926
8.940000	0.045925	0.045925
8.950000	0.045925	0.045925
8.960000	0.045924	0.045924
8.970000	0.045923	0.045923
8.980000	0.045923	0.045923
8.990000	0.045922	0.045922
9.000000	0.045921	0.045921
9.010000	0.045920	0.045920
9.020000	0.045919	0.045919
9.030000	0.045918	0.045918
9.040000	0.045917	0.045917
9.050000	0.045916	0.045916
9.060000	0.045915	0.045915
9.070000	0.045914	0.045914
9.080000	0.045913	0.045913
9.090000	0.045911	0.045911
9.100000	0.045910	0.045910
9.110000	0.045908	0.045908
9.120000	0.045907	0.045907
9.130000	0.045905	0.045905
9.140000	0.045904	0.045904
9.150000	0.045902	0.045902
9.160000	0.045900	0.045900
9.170000	0.045899	0.045899
9.180000	0.045897	0.045897
9.190000	0.045895	0.045895
9.200000	0.045893	0.045893
9.210000	0.045891	0.045891
9.220000	0.045889	0.045889
9.230000	0.045887	0.045887
9.240000	0.045885	0.045885
9.250000	0.045883	0.045883
9.260000	0.045880	0.045880
9.270000	0.045878	0.045878
9.280000	0.045876	0.045876
9.290000	0.045873	0.045873
9.300000	0.045871	0.045871
9.310000	0.045868	0.045868
9.320000	0.045866	0.045866
9.330000	0.045863	0.045863
9.340000	0.045861	0.045861
9.350000	0.045858	0.045858
9.360000	0.045855	0.045855
9.370000	0.045852	0.045852
9.380000	0.045849	0.045849
9.390000	0.045846	0.045846
9.400000	0.045843	0.045843
9.410000	0.045840	0.045840
9.420000	0.045837	0.045837
9.430000	0.045834	0.045834
9.440000	0.045831	0.045831
9.450000	0.045828	0.045828
9.460000	0.045824	0.045824
9.470000	0.045821	0.045821
9.480000	0.045818	0.045818
9.490000	0.045814	0.045814
9.500000	0.045810	0.045810
9.510000	0.045807	0.045807
9.520000	0.045803	0.045803
9.530000	0.045800	0.045800
9.540000	0.045796	0.045796
9.550000	0.045792	0.045792
9.560000	0.045788	0.045788
9.570000	0.045784	0.045784
9.580000	0.045780	0.045780
9.590000	0.045776	0.045776
9.600000	0.045772	0.045772
9.610000	0.045768	0.045768
9.620000	0.045764	0.045764
9.630000	0.045760	0.045760
9.640000	0.045756	0.045756
9.650000	0.045751	0.045751
9.660000	0.045747	0.045747
9.670000	0.045742	0.045742
9.680000	0.045738	0.045738
9.690000	0.045733	0.045733
9.700000	0.045729	0.045729
9.710000	0.045724	0.045724
9.720000	0.045719	0.045719
9.730000	0.045715	0.045715
9.740000	0.045710	0.045710
9.750000	0.045705	0.045705
9.760000	0.045700	0.045700
9.770000	0.045695	0.045695
9.780000	0.045690	0.045690
9.790000	0.045685	0.045685
9.800000	0.045680	0.045680
9.810000	0.045675	0.045675
9.820000	0.045670	0.045670
9.830000	0.045664	0.045664
9.840000	0.045659	0.045659
9.850000	0.045654	0.045654
9.860000	0.045648	0.045648
9.870000	0.045643	0.045643
9.880000	0.045637	0.045637
9.890000	0.045632	0.045632
9.900000	0.045626	0.045626
9.910000	0.045620	0.045620
9.920000	0.045615	0.045615
9.930000	0.045609	0.045609
9.940000	0.045603	0.045603
9.950000	0.045597	0.045597
9.960000	0.045591	0.045591
9.970000	0.045585	0.045585
9.980000	0.045579	0.045579
9.990000	0.045573	0.045573
10.000000	0.045567	0.045567
