-10.000000	0.005470	0.034301
-9.990000	0.005478	0.034294
-9.980000	0.005485	0.034288
-9.970000	0.005493	0.034282
-9.960000	0.005501	0.034276
-9.950000	0.005508	0.034270
-9.940000	0.005516	0.034263
-9.930000	0.005524	0.034257
-9.920000	0.005532	0.034251
-9.910000	0.005539	0.034245
-9.900000	0.005547	0.034238
-9.890000	0.005555	0.034232
-9.880000	0.005563	0.034225
-9.870000	0.005571	0.034219
-9.860000	0.005578	0.034212
-9.850000	0.005586	0.034206
-9.840000	0.005594	0.034199
-9.830000	0.005602	0.034193
-9.820000	0.005610	0.034186
-9.810000	0.005618	0.034180
-9.800000	0.005625	0.034173
-9.790000	0.005633	0.034166
-9.780000	0.005641	0.034160
-9.770000	0.005649	0.034153
-9.760000	0.005657	0.034146
-9.750000	0.005665	0.034140
-9.740000	0.005673	0.034133
-9.730000	0.005681	0.034126
-9.720000	0.005689	0.034119
-9.710000	0.005697	0.034112
-9.700000	0.005705	0.034105
-9.690000	0.005713	0.034098
-9.680000	0.005721	0.034091
-9.670000	0.005729	0.034084
-9.660000	0.005737	0.034077
-9.650000	0.005745	0.034070
-9.640000	0.005753	0.034063
-9.630000	0.005761	0.034056
-9.620000	0.005769	0.034049
-9.610000	0.005777	0.034042
-9.600000	0.005785	0.034035
-9.590000	0.005793	0.034027
-9.580000	0.005801	0.034020
-9.570000	0.005809	0.034013
-9.560000	0.005817	0.034006
-9.550000	0.005825	0.033998
-9.540000	0.005834	0.033991
-9.530000	0.005842	0.033984
-9.520000	0.005850	0.033976
-9.510000	0.005858	0.033969
-9.500000	0.005866	0.033961
-9.490000	0.005874	0.033954
-9.480000	0.005883	0.033946
-9.470000	0.005891	0.033939
-9.460000	0.005899	0.033931
-9.450000	0.005907	0.033924
-9.440000	0.005915	0.033916
-9.430000	0.005924	0.033909
-9.420000	0.005932	0.033901
-9.410000	0.005940	0.033893
-9.400000	0.005949	0.033885
-9.390000	0.005957	0.033878
-9.380000	0.005965	0.033870
-9.370000	0.005973	0.033862
-9.360000	0.005982	0.033854
-9.350000	0.005990	0.033846
-9.340000	0.005998	0.033839
-9.330000	0.006007	0.033831
-9.320000	0.006015	0.033823
-9.310000	0.006024	0.033815
-9.300000	0.006032	0.033807
-9.290000	0.006040	0.033799
-9.280000	0.006049	0.033791
-9.270000	0.006057	0.033783
-9.260000	0.006066	0.033775
-9.250000	0.006074	0.033767
-9.240000	0.006083	0.033758
-9.230000	0.006091	0.033750
-9.220000	0.006100	0.033742
-9.210000	0.006108	0.033734
-9.200000	0.006117	0.033726
-9.190000	0.006125	0.033717
-9.180000	0.006134	0.033709
-9.170000	0.006142	0.033701
-9.160000	0.006151	0.033692
-9.150000	0.006159	0.033684
-9.140000	0.006168	0.033676
-9.130000	0.006176	0.033667
-9.120000	0.006185	0.033659
-9.110000	0.006194	0.033650
-9.100000	0.006202	0.033642
-9.090000	0.006211	0.033633
-9.080000	0.006219	0.033625
-9.070000	0.006228	0.033616
-9.060000	0.006237	0.033607
-9.050000	0.006245	0.033599
-9.040000	0.006254	0.033590
-9.030000	0.006263	0.033581
-9.020000	0.006271	0.033573
-9.010000	0.006280	0.033564
-9.000000	0.006289	0.033555
-8.990000	0.006298	0.033546
-8.980000	0.006306	0.033538
-8.970000	0.006315	0.033529
-8.960000	0.006324	0.033520
-8.950000	0.006333	0.033511
-8.940000	0.006341	0.033502
-8.930000	0.006350	0.033493
-8.920000	0.006359	0.033484
-8.910000	0.006368	0.033475
-8.900000	0.006377	0.033466
-8.890000	0.006386	0.033457
-8.880000	0.006394	0.033448
-8.870000	0.006403	0.033439
-8.860000	0.006412	0.033430
-8.850000	0.006421	0.033421
-8.840000	0.006430	0.033411
-8.830000	0.006439	0.033402
-8.820000	0.006448	0.033393
-8.810000	0.006457	0.033384
-8.800000	0.006466	0.033374
-8.790000	0.006475	0.033365
-8.780000	0.006484	0.033356
-8.770000	0.006492	0.033346
-8.760000	0.006501	0.033337
-8.750000	0.006510	0.033328
-8.740000	0.006519	0.033318
-8.730000	0.006529	0.033309
-8.720000	0.006538	0.033299
-8.710000	0.006547	0.033290
-8.700000	0.006556	0.033280
-8.690000	0.006565	0.033271
-8.680000	0.006574	0.033261
-8.670000	0.006583	0.033251
-8.660000	0.006592	0.033242
-8.650000	0.006601	0.033232
-8.640000	0.006610	0.033222
-8.630000	0.006619	0.033213
-8.620000	0.006629	0.033203
-8.610000	0.006638	0.033193
-8.600000	0.006647	0.033183
-8.590000	0.006656	0.033174
-8.580000	0.006665	0.033164
-8.570000	0.006674	0.033154
-8.560000	0.006684	0.033144
-8.550000	0.006693	0.033134
-8.540000	0.006702	0.033124
-8.530000	0.006711	0.033114
-8.520000	0.006721	0.033104
-8.510000	0.006730	0.033094
-8.500000	0.006739	0.033084
-8.490000	0.006748	0.033074
-8.480000	0.006758	0.033064
-8.470000	0.006767	0.033054
-8.460000	0.006776	0.033044
-8.450000	0.006786	0.033034
-8.440000	0.006795	0.033023
-8.430000	0.006805	0.033013
-8.420000	0.006814	0.033003
-8.410000	0.006823	0.032993
-8.400000	0.006833	0.032983
-8.390000	0.006842	0.032972
-8.380000	0.006852	0.032962
-8.370000	0.006861	0.032952
-8.360000	0.006870	0.032941
-8.350000	0.006880	0.032931
-8.340000	0.006889	0.032920
-8.330000	0.006899	0.032910
-8.320000	0.006908	0.032899
-8.310000	0.006918	0.032889
-8.300000	0.006927	0.032878
-8.290000	0.006937	0.032868
-8.280000	0.006946	0.032857
-8.270000	0.006956	0.032847
-8.260000	0.006965	0.032836
-8.250000	0.006975	0.032825
-8.240000	0.006985	0.032815
-8.230000	0.006994	0.032804
-8.220000	0.007004	0.032793
-8.210000	0.007013	0.032782
-8.200000	0.007023	0.032772
-8.190000	0.007033	0.032761
-8.180000	0.007042	0.032750
-8.170000	0.007052	0.032739
-8.160000	0.007062	0.032728
-8.150000	0.007071	0.032718
-8.140000	0.007081	0.032707
-8.130000	0.007091	0.032696
-8.120000	0.007101	0.032685
-8.110000	0.007110	0.032674
-8.100000	0.007120	0.032663
-8.090000	0.007130	0.032652
-8.080000	0.007140	0.032641
-8.070000	0.007149	0.032630
-8.060000	0.007159	0.032618
-8.050000	0.007169	0.032607
-8.040000	0.007179	0.032596
-8.030000	0.007189	0.032585
-8.020000	0.007199	0.032574
-8.010000	0.007208	0.032563
-8.000000	0.007218	0.032551
-7.990000	0.007228	0.032540
-7.980000	0.007238	0.032529
-7.970000	0.007248	0.032517
-7.960000	0.007258	0.032506
-7.950000	0.007268	0.032495
-7.940000	0.007278	0.032483
-7.930000	0.007288	0.032472
-7.920000	0.007298	0.032461
-7.910000	0.007308	0.032449
-7.900000	0.007318	0.032438
-7.890000	0.007328	0.032426
-7.880000	0.007338	0.032415
-7.870000	0.007348	0.032403
-7.860000	0.007358	0.032391
-7.850000	0.007368	0.032380
-7.840000	0.007378	0.032368
-7.830000	0.007388	0.032357
-7.820000	0.007398	0.032345
-7.810000	0.007408	0.032333
-7.800000	0.007418	0.032322
-7.790000	0.007428	0.032310
-7.780000	0.007438	0.032298
-7.770000	0.007449	0.032286
-7.760000	0.007459	0.032274
-7.750000	0.007469	0.032263
-7.740000	0.007479	0.032251
-7.730000	0.007489	0.032239
-7.720000	0.007499	0.032227
-7.710000	0.007510	0.032215
-7.700000	0.007520	0.032203
-7.690000	0.007530	0.032191
-7.680000	0.007540	0.032179
-7.670000	0.007551	0.032167
-7.660000	0.007561	0.032155
-7.650000	0.007571	0.032143
-7.640000	0.007581	0.032131
-7.630000	0.007592	0.032119
-7.620000	0.007602	0.032107
-7.610000	0.007612	0.032095
-7.600000	0.007623	0.032082
-7.590000	0.007633	0.032070
-7.580000	0.007644	0.032058
-7.570000	0.007654	0.032046
-7.560000	0.007664	0.032034
-7.550000	0.007675	0.032021
-7.540000	0.007685	0.032009
-7.530000	0.007696	0.031997
-7.520000	0.007706	0.031984
-7.510000	0.007716	0.031972
-7.500000	0.007727	0.031960
-7.490000	0.007737	0.031947
-7.480000	0.007748	0.031935
-7.470000	0.007758	0.031922
-7.460000	0.007769	0.031910
-7.450000	0.007779	0.031897
-7.440000	0.007790	0.031885
-7.430000	0.007801	0.031872
-7.420000	0.007811	0.031860
-7.410000	0.007822	0.031847
-7.400000	0.007832	0.031835
-7.390000	0.007843	0.031822
-7.380000	0.007854	0.031809
-7.370000	0.007864	0.031797
-7.360000	0.007875	0.031784
-7.350000	0.007885	0.031771
-7.340000	0.007896	0.031758
-7.330000	0.007907	0.031746
-7.320000	0.007918	0.031733
-7.310000	0.007928	0.031720
-7.300000	0.007939	0.031707
-7.290000	0.007950	0.031694
-7.280000	0.007960	0.031682
-7.270000	0.007971	0.031669
-7.260000	0.007982	0.031656
-7.250000	0.007993	0.031643
-7.240000	0.008003	0.031630
-7.230000	0.008014	0.031617
-7.220000	0.008025	0.031604
-7.210000	0.008036	0.031591
-7.200000	0.008047	0.031578
-7.190000	0.008058	0.031565
-7.180000	0.008068	0.031552
-7.170000	0.008079	0.031539
-7.160000	0.008090	0.031525
-7.150000	0.008101	0.031512
-7.140000	0.008112	0.031499
-7.130000	0.008123	0.031486
-7.120000	0.008134	0.031473
-7.110000	0.008145	0.031460
-7.100000	0.008156	0.031446
-7.090000	0.008167	0.031433
-7.080000	0.008178	0.031420
-7.070000	0.008189	0.031406
-7.060000	0.008200	0.031393
-7.050000	0.008211	0.031380
-7.040000	0.008222	0.031366
-7.030000	0.008233	0.031353
-7.020000	0.008244	0.031340
-7.010000	0.008255	0.031326
-7.000000	0.008266	0.031313
-6.990000	0.008277	0.031299
-6.980000	0.008288	0.031286
-6.970000	0.008299	0.031272
-6.960000	0.008311	0.031259
-6.950000	0.008322	0.031245
-6.940000	0.008333	0.031232
-6.930000	0.008344	0.031218
-6.920000	0.008355	0.031204
-6.910000	0.008366	0.031191
-6.900000	0.008378	0.031177
-6.890000	0.008389	0.031163
-6.880000	0.008400	0.031150
-6.870000	0.008411	0.031136
-6.860000	0.008423	0.031122
-6.850000	0.008434	0.031108
-6.840000	0.008445	0.031095
-6.830000	0.008457	0.031081
-6.820000	0.008468	0.031067
-6.810000	0.008479	0.031053
-6.800000	0.008490	0.031039
-6.790000	0.008502	0.031025
-6.780000	0.008513	0.031012
-6.770000	0.008525	0.030998
-6.760000	0.008536	0.030984
-6.750000	0.008547	0.030970
-6.740000	0.008559	0.030956
-6.730000	0.008570	0.030942
-6.720000	0.008582	0.030928
-6.710000	0.008593	0.030914
-6.700000	0.008605	0.030900
-6.690000	0.008616	0.030886
-6.680000	0.008628	0.030871
-6.670000	0.008639	0.030857
-6.660000	0.008651	0.030843
-6.650000	0.008662	0.030829
-6.640000	0.008674	0.030815
-6.630000	0.008685	0.030801
-6.620000	0.008697	0.030786
-6.610000	0.008708	0.030772
-6.600000	0.008720	0.030758
-6.590000	0.008731	0.030744
-6.580000	0.008743	0.030729
-6.570000	0.008755	0.030715
-6.560000	0.008766	0.030701
-6.550000	0.008778	0.030686
-6.540000	0.008790	0.030672
-6.530000	0.008801	0.030658
-6.520000	0.008813	0.030643
-6.510000	0.008825	0.030629
-6.500000	0.008836	0.030614
-6.490000	0.008848	0.030600
-6.480000	0.008860	0.030585
-6.470000	0.008872	0.030571
-6.460000	0.008883	0.030556
-6.450000	0.008895	0.030542
-6.440000	0.008907	0.030527
-6.430000	0.008919	0.030513
-6.420000	0.008931	0.030498
-6.410000	0.008942	0.030484
-6.400000	0.008954	0.030469
-6.390000	0.008966	0.030454
-6.380000	0.008978	0.030440
-6.370000	0.008990	0.030425
-6.360000	0.009002	0.030410
-6.350000	0.009014	0.030396
-6.340000	0.009026	0.030381
-6.330000	0.009038	0.030366
-6.320000	0.009049	0.030351
-6.310000	0.009061	0.030337
-6.300000	0.009073	0.030322
-6.290000	0.009085	0.030307
-6.280000	0.009097	0.030292
-6.270000	0.009109	0.030277
-6.260000	0.009121	0.030262
-6.250000	0.009133	0.030247
-6.240000	0.009145	0.030232
-6.230000	0.009158	0.030217
-6.220000	0.009170	0.030203
-6.210000	0.009182	0.030188
-6.200000	0.009194	0.030173
-6.190000	0.009206	0.030158
-6.180000	0.009218	0.030143
-6.170000	0.009230	0.030127
-6.160000	0.009242	0.030112
-6.150000	0.009254	0.030097
-6.140000	0.009267	0.030082
-6.130000	0.009279	0.030067
-6.120000	0.009291	0.030052
-6.110000	0.009303	0.030037
-6.100000	0.009315	0.030022
-6.090000	0.009328	0.030006
-6.080000	0.009340	0.029991
-6.070000	0.009352	0.029976
-6.060000	0.009364	0.029961
-6.050000	0.009377	0.029946
-6.040000	0.009389	0.029930
-6.030000	0.009401	0.029915
-6.020000	0.009414	0.029900
-6.010000	0.009426	0.029884
-6.000000	0.009438	0.029869
-5.990000	0.009451	0.029854
-5.980000	0.009463	0.029838
-5.970000	0.009476	0.029823
-5.960000	0.009488	0.029807
-5.950000	0.009500	0.029792
-5.940000	0.009513	0.029777
-5.930000	0.009525	0.029761
-5.920000	0.009538	0.029746
-5.910000	0.009550	0.029730
-5.900000	0.009563	0.029715
-5.890000	0.009575	0.029699
-5.880000	0.009588	0.029684
-5.870000	0.009600	0.029668
-5.860000	0.009613	0.029652
-5.850000	0.009625	0.029637
-5.840000	0.009638	0.029621
-5.830000	0.009650	0.029606
-5.820000	0.009663	0.029590
-5.810000	0.009676	0.029574
-5.800000	0.009688	0.029559
-5.790000	0.009701	0.029543
-5.780000	0.009713	0.029527
-5.770000	0.009726	0.029512
-5.760000	0.009739	0.029496
-5.750000	0.009751	0.029480
-5.740000	0.009764	0.029464
-5.730000	0.009777	0.029448
-5.720000	0.009789	0.029433
-5.710000	0.009802	0.029417
-5.700000	0.009815	0.029401
-5.690000	0.009828	0.029385
-5.680000	0.009840	0.029369
-5.670000	0.009853	0.029353
-5.660000	0.009866	0.029337
-5.650000	0.009879	0.029322
-5.640000	0.009892	0.029306
-5.630000	0.009904	0.029290
-5.620000	0.009917	0.029274
-5.610000	0.009930	0.029258
-5.600000	0.009943	0.029242
-5.590000	0.009956	0.029226
-5.580000	0.009969	0.029210
-5.570000	0.009982	0.029194
-5.560000	0.009995	0.029178
-5.550000	0.010007	0.029162
-5.540000	0.010020	0.029145
-5.530000	0.010033	0.029129
-5.520000	0.010046	0.029113
-5.510000	0.010059	0.029097
-5.500000	0.010072	0.029081
-5.490000	0.010085	0.029065
-5.480000	0.010098	0.029049
-5.470000	0.010111	0.029032
-5.460000	0.010124	0.029016
-5.450000	0.010137	0.029000
-5.440000	0.010151	0.028984
-5.430000	0.010164	0.028967
-5.420000	0.010177	0.028951
-5.410000	0.010190	0.028935
-5.400000	0.010203	0.028919
-5.390000	0.010216	0.028902
-5.380000	0.010229	0.028886
-5.370000	0.010242	0.028870
-5.360000	0.010256	0.028853
-5.350000	0.010269	0.028837
-5.340000	0.010282	0.028820
-5.330000	0.010295	0.028804
-5.320000	0.010308	0.028788
-5.310000	0.010322	0.028771
-5.300000	0.010335	0.028755
-5.290000	0.010348	0.028738
-5.280000	0.010361	0.028722
-5.270000	0.010375	0.028705
-5.260000	0.010388	0.028689
-5.250000	0.010401	0.028672
-5.240000	0.010415	0.028656
-5.230000	0.010428	0.028639
-5.220000	0.010441	0.028623
-5.210000	0.010455	0.028606
-5.200000	0.010468	0.028590
-5.190000	0.010481	0.028573
-5.180000	0.010495	0.028556
-5.170000	0.010508	0.028540
-5.160000	0.010522	0.028523
-5.150000	0.010535	0.028506
-5.140000	0.010549	0.028490
-5.130000	0.010562	0.028473
-5.120000	0.010576	0.028456
-5.110000	0.010589	0.028440
-5.100000	0.010603	0.028423
-5.090000	0.010616	0.028406
-5.080000	0.010630	0.028389
-5.070000	0.010643	0.028373
-5.060000	0.010657	0.028356
-5.050000	0.010670	0.028339
-5.040000	0.010684	0.028322
-5.030000	0.010697	0.028305
-5.020000	0.010711	0.028289
-5.010000	0.010725	0.028272
-5.000000	0.010738	0.028255
-4.990000	0.010752	0.028238
-4.980000	0.010766	0.028221
-4.970000	0.010779	0.028204
-4.960000	0.010793	0.028187
-4.950000	0.010807	0.028170
-4.940000	0.010820	0.028153
-4.930000	0.010834	0.028136
-4.920000	0.010848	0.028119
-4.910000	0.010862	0.028102
-4.900000	0.010875	0.028085
-4.890000	0.010889	0.028068
-4.880000	0.010903	0.028051
-4.870000	0.010917	0.028034
-4.860000	0.010930	0.028017
-4.850000	0.010944	0.028000
-4.840000	0.010958	0.027983
-4.830000	0.010972	0.027966
-4.820000	0.010986	0.027949
-4.810000	0.011000	0.027932
-4.800000	0.011014	0.027915
-4.790000	0.011028	0.027898
-4.780000	0.011041	0.027880
-4.770000	0.011055	0.027863
-4.760000	0.011069	0.027846
-4.750000	0.011083	0.027829
-4.740000	0.011097	0.027812
-4.730000	0.011111	0.027795
-4.720000	0.011125	0.027777
-4.710000	0.011139	0.027760
-4.700000	0.011153	0.027743
-4.690000	0.011167	0.027726
-4.680000	0.011181	0.027708
-4.670000	0.011195	0.027691
-4.660000	0.011209	0.027674
-4.650000	0.011223	0.027656
-4.640000	0.011238	0.027639
-4.630000	0.011252	0.027622
-4.620000	0.011266	0.027604
-4.610000	0.011280	0.027587
-4.600000	0.011294	0.027570
-4.590000	0.011308	0.027552
-4.580000	0.011322	0.027535
-4.570000	0.011337	0.027518
-4.560000	0.011351	0.027500
-4.550000	0.011365	0.027483
-4.540000	0.011379	0.027465
-4.530000	0.011393	0.027448
-4.520000	0.011408	0.027430
-4.510000	0.011422	0.027413
-4.500000	0.011436	0.027395
-4.490000	0.011450	0.027378
-4.480000	0.011465	0.027360
-4.470000	0.011479	0.027343
-4.460000	0.011493	0.027325
-4.450000	0.011508	0.027308
-4.440000	0.011522	0.027290
-4.430000	0.011536	0.027273
-4.420000	0.011551	0.027255
-4.410000	0.011565	0.027238
-4.400000	0.011579	0.027220
-4.390000	0.011594	0.027202
-4.380000	0.011608	0.027185
-4.370000	0.011623	0.027167
-4.360000	0.011637	0.027150
-4.350000	0.011652	0.027132
-4.340000	0.011666	0.027114
-4.330000	0.011681	0.027097
-4.320000	0.011695	0.027079
-4.310000	0.011710	0.027061
-4.300000	0.011724	0.027044
-4.290000	0.011739	0.027026
-4.280000	0.011753	0.027008
-4.270000	0.011768	0.026990
-4.260000	0.011782	0.026973
-4.250000	0.011797	0.026955
-4.240000	0.011811	0.026937
-4.230000	0.011826	0.026919
-4.220000	0.011841	0.026902
-4.210000	0.011855	0.026884
-4.200000	0.011870	0.026866
-4.190000	0.011885	0.026848
-4.180000	0.011899	0.026830
-4.170000	0.011914	0.026812
-4.160000	0.011929	0.026795
-4.150000	0.011943	0.026777
-4.140000	0.011958	0.026759
-4.130000	0.011973	0.026741
-4.120000	0.011988	0.026723
-4.110000	0.012002	0.026705
-4.100000	0.012017	0.026687
-4.090000	0.012032	0.026669
-4.080000	0.012047	0.026652
-4.070000	0.012061	0.026634
-4.060000	0.012076	0.026616
-4.050000	0.012091	0.026598
-4.040000	0.012106	0.026580
-4.030000	0.012121	0.026562
-4.020000	0.012136	0.026544
-4.010000	0.012151	0.026526
-4.000000	0.012165	0.026508
-3.990000	0.012180	0.026490
-3.980000	0.012195	0.026472
-3.970000	0.012210	0.026454
-3.960000	0.012225	0.026436
-3.950000	0.012240	0.026418
-3.940000	0.012255	0.026400
-3.930000	0.012270	0.026382
-3.920000	0.012285	0.026363
-3.910000	0.012300	0.026345
-3.900000	0.012315	0.026327
-3.890000	0.012330	0.026309
-3.880000	0.012345	0.026291
-3.870000	0.012360	0.026273
-3.860000	0.012375	0.026255
-3.850000	0.012390	0.026237
-3.840000	0.012405	0.026219
-3.830000	0.012420	0.026200
-3.820000	0.012436	0.026182
-3.810000	0.012451	0.026164
-3.800000	0.012466	0.026146
-3.790000	0.012481	0.026128
-3.780000	0.012496	0.026110
-3.770000	0.012511	0.026091
-3.760000	0.012526	0.026073
-3.750000	0.012542	0.026055
-3.740000	0.012557	0.026037
-3.730000	0.012572	0.026018
-3.720000	0.012587	0.026000
-3.710000	0.012603	0.025982
-3.700000	0.012618	0.025964
-3.690000	0.012633	0.025945
-3.680000	0.012648	0.025927
-3.670000	0.012664	0.025909
-3.660000	0.012679	0.025891
-3.650000	0.012694	0.025872
-3.640000	0.012710	0.025854
-3.630000	0.012725	0.025836
-3.620000	0.012740	0.025817
-3.610000	0.012756	0.025799
-3.600000	0.012771	0.025781
-3.590000	0.012786	0.025762
-3.580000	0.012802	0.025744
-3.570000	0.012817	0.025726
-3.560000	0.012833	0.025707
-3.550000	0.012848	0.025689
-3.540000	0.012863	0.025670
-3.530000	0.012879	0.025652
-3.520000	0.012894	0.025634
-3.510000	0.012910	0.025615
-3.500000	0.012925	0.025597
-3.490000	0.012941	0.025578
-3.480000	0.012956	0.025560
-3.470000	0.012972	0.025542
-3.460000	0.012988	0.025523
-3.450000	0.013003	0.025505
-3.440000	0.013019	0.025486
-3.430000	0.013034	0.025468
-3.420000	0.013050	0.025449
-3.410000	0.013065	0.025431
-3.400000	0.013081	0.025412
-3.390000	0.013097	0.025394
-3.380000	0.013112	0.025375
-3.370000	0.013128	0.025357
-3.360000	0.013144	0.025338
-3.350000	0.013159	0.025320
-3.340000	0.013175	0.025301
-3.330000	0.013191	0.025283
-3.320000	0.013206	0.025264
-3.310000	0.013222	0.025246
-3.300000	0.013238	0.025227
-3.290000	0.013254	0.025209
-3.280000	0.013269	0.025190
-3.270000	0.013285	0.025171
-3.260000	0.013301	0.025153
-3.250000	0.013317	0.025134
-3.240000	0.013332	0.025116
-3.230000	0.013348	0.025097
-3.220000	0.013364	0.025078
-3.210000	0.013380	0.025060
-3.200000	0.013396	0.025041
-3.190000	0.013412	0.025023
-3.180000	0.013427	0.025004
-3.170000	0.013443	0.024985
-3.160000	0.013459	0.024967
-3.150000	0.013475	0.024948
-3.140000	0.013491	0.024929
-3.130000	0.013507	0.024911
-3.120000	0.013523	0.024892
-3.110000	0.013539	0.024873
-3.100000	0.013555	0.024855
-3.090000	0.013571	0.024836
-3.080000	0.013587	0.024817
-3.070000	0.013603	0.024799
-3.060000	0.013619	0.024780
-3.050000	0.013635	0.024761
-3.040000	0.013651	0.024743
-3.030000	0.013667	0.024724
-3.020000	0.013683	0.024705
-3.010000	0.013699	0.024686
-3.000000	0.013715	0.024668
-2.990000	0.013731	0.024649
-2.980000	0.013747	0.024630
-2.970000	0.013763	0.024611
-2.960000	0.013780	0.024593
-2.950000	0.013796	0.024574
-2.940000	0.013812	0.024555
-2.930000	0.013828	0.024536
-2.920000	0.013844	0.024518
-2.910000	0.013860	0.024499
-2.900000	0.013876	0.024480
-2.890000	0.013893	0.024461
-2.880000	0.013909	0.024442
-2.870000	0.013925	0.024424
-2.860000	0.013941	0.024405
-2.850000	0.013958	0.024386
-2.840000	0.013974	0.024367
-2.830000	0.013990	0.024348
-2.820000	0.014006	0.024330
-2.810000	0.014023	0.024311
-2.800000	0.014039	0.024292
-2.790000	0.014055	0.024273
-2.780000	0.014072	0.024254
-2.770000	0.014088	0.024235
-2.760000	0.014104	0.024217
-2.750000	0.014121	0.024198
-2.740000	0.014137	0.024179
-2.730000	0.014153	0.024160
-2.720000	0.014170	0.024141
-2.710000	0.014186	0.024122
-2.700000	0.014203	0.024103
-2.690000	0.014219	0.024085
-2.680000	0.014235	0.024066
-2.670000	0.014252	0.024047
-2.660000	0.014268	0.024028
-2.650000	0.014285	0.024009
-2.640000	0.014301	0.023990
-2.630000	0.014318	0.023971
-2.620000	0.014334	0.023952
-2.610000	0.014351	0.023933
-2.600000	0.014367	0.023914
-2.590000	0.014384	0.023896
-2.580000	0.014400	0.023877
-2.570000	0.014417	0.023858
-2.560000	0.014434	0.023839
-2.550000	0.014450	0.023820
-2.540000	0.014467	0.023801
-2.530000	0.014483	0.023782
-2.520000	0.014500	0.023763
-2.510000	0.014517	0.023744
-2.500000	0.014533	0.023725
-2.490000	0.014550	0.023706
-2.480000	0.014566	0.023687
-2.470000	0.014583	0.023668
-2.460000	0.014600	0.023649
-2.450000	0.014616	0.023630
-2.440000	0.014633	0.023611
-2.430000	0.014650	0.023592
-2.420000	0.014667	0.023573
-2.410000	0.014683	0.023554
-2.400000	0.014700	0.023535
-2.390000	0.014717	0.023516
-2.380000	0.014733	0.023497
-2.370000	0.014750	0.023478
-2.360000	0.014767	0.023459
-2.350000	0.014784	0.023440
-2.340000	0.014801	0.023421
-2.330000	0.014817	0.023402
-2.320000	0.014834	0.023383
-2.310000	0.014851	0.023364
-2.300000	0.014868	0.023345
-2.290000	0.014885	0.023326
-2.280000	0.014902	0.023307
-2.270000	0.014918	0.023288
-2.260000	0.014935	0.023269
-2.250000	0.014952	0.023250
-2.240000	0.014969	0.023231
-2.230000	0.014986	0.023212
-2.220000	0.015003	0.023193
-2.210000	0.015020	0.023174
-2.200000	0.015037	0.023155
-2.190000	0.015054	0.023136
-2.180000	0.015071	0.023117
-2.170000	0.015088	0.023098
-2.160000	0.015105	0.023079
-2.150000	0.015122	0.023060
-2.140000	0.015139	0.023041
-2.130000	0.015156	0.023022
-2.120000	0.015173	0.023003
-2.110000	0.015190	0.022984
-2.100000	0.015207	0.022965
-2.090000	0.015224	0.022946
-2.080000	0.015241	0.022927
-2.070000	0.015258	0.022908
-2.060000	0.015275	0.022888
-2.050000	0.015292	0.022869
-2.040000	0.015309	0.022850
-2.030000	0.015326	0.022831
-2.020000	0.015344	0.022812
-2.010000	0.015361	0.022793
-2.000000	0.015378	0.022774
-1.990000	0.015395	0.022755
-1.980000	0.015412	0.022736
-1.970000	0.015429	0.022717
-1.960000	0.015446	0.022698
-1.950000	0.015464	0.022679
-1.940000	0.015481	0.022660
-1.930000	0.015498	0.022640
-1.920000	0.015515	0.022621
-1.910000	0.015532	0.022602
-1.900000	0.015550	0.022583
-1.890000	0.015567	0.022564
-1.880000	0.015584	0.022545
-1.870000	0.015602	0.022526
-1.860000	0.015619	0.022507
-1.850000	0.015636	0.022488
-1.840000	0.015653	0.022469
-1.830000	0.015671	0.022450
-1.820000	0.015688	0.022431
-1.810000	0.015705	0.022411
-1.800000	0.015723	0.022392
-1.790000	0.015740	0.022373
-1.780000	0.015757	0.022354
-1.770000	0.015775	0.022335
-1.760000	0.015792	0.022316
-1.750000	0.015809	0.022297
-1.740000	0.015827	0.022278
-1.730000	0.015844	0.022259
-1.720000	0.015862	0.022240
-1.710000	0.015879	0.022220
-1.700000	0.015897	0.022201
-1.690000	0.015914	0.022182
-1.680000	0.015931	0.022163
-1.670000	0.015949	0.022144
-1.660000	0.015966	0.022125
-1.650000	0.015984	0.022106
-1.640000	0.016001	0.022087
-1.630000	0.016019	0.022068
-1.620000	0.016036	0.022048
-1.610000	0.016054	0.022029
-1.600000	0.016071	0.022010
-1.590000	0.016089	0.021991
-1.580000	0.016106	0.021972
-1.570000	0.016124	0.021953
-1.560000	0.016141	0.021934
-1.550000	0.016159	0.021915
-1.540000	0.016177	0.021896
-1.530000	0.016194	0.021877
-1.520000	0.016212	0.021857
-1.510000	0.016229	0.021838
-1.500000	0.016247	0.021819
-1.490000	0.016265	0.021800
-1.480000	0.016282	0.021781
-1.470000	0.016300	0.021762
-1.460000	0.016318	0.021743
-1.450000	0.016335	0.021724
-1.440000	0.016353	0.021705
-1.430000	0.016371	0.021686
-1.420000	0.016388	0.021666
-1.410000	0.016406	0.021647
-1.400000	0.016424	0.021628
-1.390000	0.016441	0.021609
-1.380000	0.016459	0.021590
-1.370000	0.016477	0.021571
-1.360000	0.016494	0.021552
-1.350000	0.016512	0.021533
-1.340000	0.016530	0.021514
-1.330000	0.016548	0.021495
-1.320000	0.016565	0.021475
-1.310000	0.016583	0.021456
-1.300000	0.016601	0.021437
-1.290000	0.016619	0.021418
-1.280000	0.016637	0.021399
-1.270000	0.016654	0.021380
-1.260000	0.016672	0.021361
-1.250000	0.016690	0.021342
-1.240000	0.016708	0.021323
-1.230000	0.016726	0.021304
-1.220000	0.016744	0.021285
-1.210000	0.016761	0.021265
-1.200000	0.016779	0.021246
-1.190000	0.016797	0.021227
-1.180000	0.016815	0.021208
-1.170000	0.016833	0.021189
-1.160000	0.016851	0.021170
-1.150000	0.016869	0.021151
-1.140000	0.016887	0.021132
-1.130000	0.016905	0.021113
-1.120000	0.016923	0.021094
-1.110000	0.016941	0.021075
-1.100000	0.016958	0.021056
-1.090000	0.016976	0.021037
-1.080000	0.016994	0.021018
-1.070000	0.017012	0.020999
-1.060000	0.017030	0.020979
-1.050000	0.017048	0.020960
-1.040000	0.017066	0.020941
-1.030000	0.017084	0.020922
-1.020000	0.017102	0.020903
-1.010000	0.017120	0.020884
-1.000000	0.017138	0.020865
-0.990000	0.017156	0.020846
-0.980000	0.017174	0.020827
-0.970000	0.017193	0.020808
-0.960000	0.017211	0.020789
-0.950000	0.017229	0.020770
-0.940000	0.017247	0.020751
-0.930000	0.017265	0.020732
-0.920000	0.017283	0.020713
-0.910000	0.017301	0.020694
-0.900000	0.017319	0.020675
-0.890000	0.017337	0.020656
-0.880000	0.017355	0.020637
-0.870000	0.017373	0.020618
-0.860000	0.017392	0.020599
-0.850000	0.017410	0.020580
-0.840000	0.017428	0.020561
-0.830000	0.017446	0.020542
-0.820000	0.017464	0.020523
-0.810000	0.017482	0.020504
-0.800000	0.017501	0.020485
-0.790000	0.017519	0.020466
-0.780000	0.017537	0.020447
-0.770000	0.017555	0.020428
-0.760000	0.017573	0.020409
-0.750000	0.017592	0.020390
-0.740000	0.017610	0.020371
-0.730000	0.017628	0.020352
-0.720000	0.017646	0.020333
-0.710000	0.017664	0.020314
-0.700000	0.017683	0.020295
-0.690000	0.017701	0.020276
-0.680000	0.017719	0.020257
-0.670000	0.017737	0.020238
-0.660000	0.017756	0.020219
-0.650000	0.017774	0.020200
-0.640000	0.017792	0.020181
-0.630000	0.017811	0.020162
-0.620000	0.017829	0.020143
-0.610000	0.017847	0.020124
-0.600000	0.017866	0.020105
-0.590000	0.017884	0.020086
-0.580000	0.017902	0.020067
-0.570000	0.017921	0.020049
-0.560000	0.017939	0.020030
-0.550000	0.017957	0.020011
-0.540000	0.017976	0.019992
-0.530000	0.017994	0.019973
-0.520000	0.018012	0.019954
-0.510000	0.018031	0.019935
-0.500000	0.018049	0.019916
-0.490000	0.018068	0.019897
-0.480000	0.018086	0.019878
-0.470000	0.018104	0.019859
-0.460000	0.018123	0.019841
-0.450000	0.018141	0.019822
-0.440000	0.018160	0.019803
-0.430000	0.018178	0.019784
-0.420000	0.018196	0.019765
-0.410000	0.018215	0.019746
-0.400000	0.018233	0.019727
-0.390000	0.018252	0.019708
-0.380000	0.018270	0.019690
-0.370000	0.018289	0.019671
-0.360000	0.018307	0.019652
-0.350000	0.018326	0.019633
-0.340000	0.018344	0.019614
-0.330000	0.018363	0.019595
-0.320000	0.018381	0.019577
-0.310000	0.018400	0.019558
-0.300000	0.018418	0.019539
-0.290000	0.018437	0.019520
-0.280000	0.018455	0.019501
-0.270000	0.018474	0.019482
-0.260000	0.018492	0.019464
-0.250000	0.018511	0.019445
-0.240000	0.018529	0.019426
-0.230000	0.018548	0.019407
-0.220000	0.018567	0.019388
-0.210000	0.018585	0.019370
-0.200000	0.018604	0.019351
-0.190000	0.018622	0.019332
-0.180000	0.018641	0.019313
-0.170000	0.018659	0.019295
-0.160000	0.018678	0.019276
-0.150000	0.018697	0.019257
-0.140000	0.018715	0.019238
-0.130000	0.018734	0.019220
-0.120000	0.018752	0.019201
-0.110000	0.018771	0.019182
-0.100000	0.018790	0.019163
-0.090000	0.018808	0.019145
-0.080000	0.018827	0.019126
-0.070000	0.018846	0.019107
-0.060000	0.018864	0.019088
-0.050000	0.018883	0.019070
-0.040000	0.018902	0.019051
-0.030000	0.018920	0.019032
-0.020000	0.018939	0.019014
-0.010000	0.018958	0.018995
-0.000000	0.018976	0.018976
0.010000	0.018995	0.018958
0.020000	0.019014	0.018939
0.030000	0.019032	0.018920
0.040000	0.019051	0.018902
0.050000	0.019070	0.018883
0.060000	0.019088	0.018864
0.070000	0.019107	0.018846
0.080000	0.019126	0.018827
0.090000	0.019145	0.018808
0.100000	0.019163	0.018790
0.110000	0.019182	0.018771
0.120000	0.019201	0.018752
0.130000	0.019220	0.018734
0.140000	0.019238	0.018715
0.150000	0.019257	0.018697
0.160000	0.019276	0.018678
0.170000	0.019295	0.018659
0.180000	0.019313	0.018641
0.190000	0.019332	0.018622
0.200000	0.019351	0.018604
0.210000	0.019370	0.018585
0.220000	0.019388	0.018567
0.230000	0.019407	0.018548
0.240000	0.019426	0.018529
0.250000	0.019445	0.018511
0.260000	0.019464	0.018492
0.270000	0.019482	0.018474
0.280000	0.019501	0.018455
0.290000	0.019520	0.018437
0.300000	0.019539	0.018418
0.310000	0.019558	0.018400
0.320000	0.019577	0.018381
0.330000	0.019595	0.018363
0.340000	0.019614	0.018344
0.350000	0.019633	0.018326
0.360000	0.019652	0.018307
0.370000	0.019671	0.018289
0.380000	0.019690	0.018270
0.390000	0.019708	0.018252
0.400000	0.019727	0.018233
0.410000	0.019746	0.018215
0.420000	0.019765	0.018196
0.430000	0.019784	0.018178
0.440000	0.019803	0.018160
0.450000	0.019822	0.018141
0.460000	0.019841	0.018123
0.470000	0.019859	0.018104
0.480000	0.019878	0.018086
0.490000	0.019897	0.018068
0.500000	0.019916	0.018049
0.510000	0.019935	0.018031
0.520000	0.019954	0.018012
0.530000	0.019973	0.017994
0.540000	0.019992	0.017976
0.550000	0.020011	0.017957
0.560000	0.020030	0.017939
0.570000	0.020049	0.017921
0.580000	0.020067	0.017902
0.590000	0.020086	0.017884
0.600000	0.020105	0.017866
0.610000	0.020124	0.017847
0.620000	0.020143	0.017829
0.630000	0.020162	0.017811
0.640000	0.020181	0.017792
0.650000	0.020200	0.017774
0.660000	0.020219	0.017756
0.670000	0.020238	0.017737
0.680000	0.020257	0.017719
0.690000	0.020276	0.017701
0.700000	0.020295	0.017683
0.710000	0.020314	0.017664
0.720000	0.020333	0.017646
0.730000	0.020352	0.017628
0.740000	0.020371	0.017610
0.750000	0.020390	0.017592
0.760000	0.020409	0.017573
0.770000	0.020428	0.017555
0.780000	0.020447	0.017537
0.790000	0.020466	0.017519
0.800000	0.020485	0.017501
0.810000	0.020504	0.017482
0.820000	0.020523	0.017464
0.830000	0.020542	0.017446
0.840000	0.020561	0.017428
0.850000	0.020580	0.017410
0.860000	0.020599	0.017392
0.870000	0.020618	0.017373
0.880000	0.020637	0.017355
0.890000	0.020656	0.017337
0.900000	0.020675	0.017319
0.910000	0.020694	0.017301
0.920000	0.020713	0.017283
0.930000	0.020732	0.017265
0.940000	0.020751	0.017247
0.950000	0.020770	0.017229
0.960000	0.020789	0.017211
0.970000	0.020808	0.017193
0.980000	0.020827	0.017174
0.990000	0.020846	0.017156
1.000000	0.020865	0.017138
1.010000	0.020884	0.017120
1.020000	0.020903	0.017102
1.030000	0.020922	0.017084
1.040000	0.020941	0.017066
1.050000	0.020960	0.017048
1.060000	0.020979	0.017030
1.070000	0.020999	0.017012
1.080000	0.021018	0.016994
1.090000	0.021037	0.016976
1.100000	0.021056	0.016958
1.110000	0.021075	0.016941
1.120000	0.021094	0.016923
1.130000	0.021113	0.016905
1.140000	0.021132	0.016887
1.150000	0.021151	0.016869
1.160000	0.021170	0.016851
1.170000	0.021189	0.016833
1.180000	0.021208	0.016815
1.190000	0.021227	0.016797
1.200000	0.021246	0.016779
1.210000	0.021265	0.016761
1.220000	0.021285	0.016744
1.230000	0.021304	0.016726
1.240000	0.021323	0.016708
1.250000	0.021342	0.016690
1.260000	0.021361	0.016672
1.270000	0.021380	0.016654
1.280000	0.021399	0.016637
1.290000	0.021418	0.016619
1.300000	0.021437	0.016601
1.310000	0.021456	0.016583
1.320000	0.021475	0.016565
1.330000	0.021495	0.016548
1.340000	0.021514	0.016530
1.350000	0.021533	0.016512
1.360000	0.021552	0.016494
1.370000	0.021571	0.016477
1.380000	0.021590	0.016459
1.390000	0.021609	0.016441
1.400000	0.021628	0.016424
1.410000	0.021647	0.016406
1.420000	0.021666	0.016388
1.430000	0.021686	0.016371
1.440000	0.021705	0.016353
1.450000	0.021724	0.016335
1.460000	0.021743	0.016318
1.470000	0.021762	0.016300
1.480000	0.021781	0.016282
1.490000	0.021800	0.016265
1.500000	0.021819	0.016247
1.510000	0.021838	0.016229
1.520000	0.021857	0.016212
1.530000	0.021877	0.016194
1.540000	0.021896	0.016177
1.550000	0.021915	0.016159
1.560000	0.021934	0.016141
1.570000	0.021953	0.016124
1.580000	0.021972	0.016106
1.590000	0.021991	0.016089
1.600000	0.022010	0.016071
1.610000	0.022029	0.016054
1.620000	0.022048	0.016036
1.630000	0.022068	0.016019
1.640000	0.022087	0.016001
1.650000	0.022106	0.015984
1.660000	0.022125	0.015966
1.670000	0.022144	0.015949
1.680000	0.022163	0.015931
1.690000	0.022182	0.015914
1.700000	0.022201	0.015897
1.710000	0.022220	0.015879
1.720000	0.022240	0.015862
1.730000	0.022259	0.015844
1.740000	0.022278	0.015827
1.750000	0.022297	0.015809
1.760000	0.022316	0.015792
1.770000	0.022335	0.015775
1.780000	0.022354	0.015757
1.790000	0.022373	0.015740
1.800000	0.022392	0.015723
1.810000	0.022411	0.015705
1.820000	0.022431	0.015688
1.830000	0.022450	0.015671
1.840000	0.022469	0.015653
1.850000	0.022488	0.015636
1.860000	0.022507	0.015619
1.870000	0.022526	0.015602
1.880000	0.022545	0.015584
1.890000	0.022564	0.015567
1.900000	0.022583	0.015550
1.910000	0.022602	0.015532
1.920000	0.022621	0.015515
1.930000	0.022640	0.015498
1.940000	0.022660	0.015481
1.950000	0.022679	0.015464
1.960000	0.022698	0.015446
1.970000	0.022717	0.015429
1.980000	0.022736	0.015412
1.990000	0.022755	0.015395
2.000000	0.022774	0.015378
2.010000	0.022793	0.015361
2.020000	0.022812	0.015344
2.030000	0.022831	0.015326
2.040000	0.022850	0.015309
2.050000	0.022869	0.015292
2.060000	0.022888	0.015275
2.070000	0.022908	0.015258
2.080000	0.022927	0.015241
2.090000	0.022946	0.015224
2.100000	0.022965	0.015207
2.110000	0.022984	0.015190
2.120000	0.023003	0.015173
2.130000	0.023022	0.015156
2.140000	0.023041	0.015139
2.150000	0.023060	0.015122
2.160000	0.023079	0.015105
2.170000	0.023098	0.015088
2.180000	0.023117	0.015071
2.190000	0.023136	0.015054
2.200000	0.023155	0.015037
2.210000	0.023174	0.015020
2.220000	0.023193	0.015003
2.230000	0.023212	0.014986
2.240000	0.023231	0.014969
2.250000	0.023250	0.014952
2.260000	0.023269	0.014935
2.270000	0.023288	0.014918
2.280000	0.023307	0.014902
2.290000	0.023326	0.014885
2.300000	0.023345	0.014868
2.310000	0.023364	0.014851
2.320000	0.023383	0.014834
2.330000	0.023402	0.014817
2.340000	0.023421	0.014801
2.350000	0.023440	0.014784
2.360000	0.023459	0.014767
2.370000	0.023478	0.014750
2.380000	0.023497	0.014733
2.390000	0.023516	0.014717
2.400000	0.023535	0.014700
2.410000	0.023554	0.014683
2.420000	0.023573	0.014667
2.430000	0.023592	0.014650
2.440000	0.023611	0.014633
2.450000	0.023630	0.014616
2.460000	0.023649	0.014600
2.470000	0.023668	0.014583
2.480000	0.023687	0.014566
2.490000	0.023706	0.014550
2.500000	0.023725	0.014533
2.510000	0.023744	0.014517
2.520000	0.023763	0.014500
2.530000	0.023782	0.014483
2.540000	0.023801	0.014467
2.550000	0.023820	0.014450
2.560000	0.023839	0.014434
2.570000	0.023858	0.014417
2.580000	0.023877	0.014400
2.590000	0.023896	0.014384
2.600000	0.023914	0.014367
2.610000	0.023933	0.014351
2.620000	0.023952	0.014334
2.630000	0.023971	0.014318
2.640000	0.023990	0.014301
2.650000	0.024009	0.014285
2.660000	0.024028	0.014268
2.670000	0.024047	0.014252
2.680000	0.024066	0.014235
2.690000	0.024085	0.014219
2.700000	0.024103	0.014203
2.710000	0.024122	0.014186
2.720000	0.024141	0.014170
2.730000	0.024160	0.014153
2.740000	0.024179	0.014137
2.750000	0.024198	0.014121
2.760000	0.024217	0.014104
2.770000	0.024235	0.014088
2.780000	0.024254	0.014072
2.790000	0.024273	0.014055
2.800000	0.024292	0.014039
2.810000	0.024311	0.014023
2.820000	0.024330	0.014006
2.830000	0.024348	0.013990
2.840000	0.024367	0.013974
2.850000	0.024386	0.013958
2.860000	0.024405	0.013941
2.870000	0.024424	0.013925
2.880000	0.024442	0.013909
2.890000	0.024461	0.013893
2.900000	0.024480	0.013876
2.910000	0.024499	0.013860
2.920000	0.024518	0.013844
2.930000	0.024536	0.013828
2.940000	0.024555	0.013812
2.950000	0.024574	0.013796
2.960000	0.024593	0.013780
2.970000	0.024611	0.013763
2.980000	0.024630	0.013747
2.990000	0.024649	0.013731
3.000000	0.024668	0.013715
3.010000	0.024686	0.013699
3.020000	0.024705	0.013683
3.030000	0.024724	0.013667
3.040000	0.024743	0.013651
3.050000	0.024761	0.013635
3.060000	0.024780	0.013619
3.070000	0.024799	0.013603
3.080000	0.024817	0.013587
3.090000	0.024836	0.013571
3.100000	0.024855	0.013555
3.110000	0.024873	0.013539
3.120000	0.024892	0.013523
3.130000	0.024911	0.013507
3.140000	0.024929	0.013491
3.150000	0.024948	0.013475
3.160000	0.024967	0.013459
3.170000	0.024985	0.013443
3.180000	0.025004	0.013427
3.190000	0.025023	0.013412
3.200000	0.025041	0.013396
3.210000	0.025060	0.013380
3.220000	0.025078	0.013364
3.230000	0.025097	0.013348
3.240000	0.025116	0.013332
3.250000	0.025134	0.013317
3.260000	0.025153	0.013301
3.270000	0.025171	0.013285
3.280000	0.025190	0.013269
3.290000	0.025209	0.013254
3.300000	0.025227	0.013238
3.310000	0.025246	0.013222
3.320000	0.025264	0.013206
3.330000	0.025283	0.013191
3.340000	0.025301	0.013175
3.350000	0.025320	0.013159
3.360000	0.025338	0.013144
3.370000	0.025357	0.013128
3.380000	0.025375	0.013112
3.390000	0.025394	0.013097
3.400000	0.025412	0.013081
3.410000	0.025431	0.013065
3.420000	0.025449	0.013050
3.430000	0.025468	0.013034
3.440000	0.025486	0.013019
3.450000	0.025505	0.013003
3.460000	0.025523	0.012988
3.470000	0.025542	0.012972
3.480000	0.025560	0.012956
3.490000	0.025578	0.012941
3.500000	0.025597	0.012925
3.510000	0.025615	0.012910
3.520000	0.025634	0.012894
3.530000	0.025652	0.012879
3.540000	0.025670	0.012863
3.550000	0.025689	0.012848
3.560000	0.025707	0.012833
3.570000	0.025726	0.012817
3.580000	0.025744	0.012802
3.590000	0.025762	0.012786
3.600000	0.025781	0.012771
3.610000	0.025799	0.012756
3.620000	0.025817	0.012740
3.630000	0.025836	0.012725
3.640000	0.025854	0.012710
3.650000	0.025872	0.012694
3.660000	0.025891	0.012679
3.670000	0.025909	0.012664
3.680000	0.025927	0.012648
3.690000	0.025945	0.012633
3.700000	0.025964	0.012618
3.710000	0.025982	0.012603
3.720000	0.026000	0.012587
3.730000	0.026018	0.012572
3.740000	0.026037	0.012557
3.750000	0.026055	0.012542
3.760000	0.026073	0.012526
3.770000	0.026091	0.012511
3.780000	0.026110	0.012496
3.790000	0.026128	0.012481
3.800000	0.026146	0.012466
3.810000	0.026164	0.012451
3.820000	0.026182	0.012436
3.830000	0.026200	0.012420
3.840000	0.026219	0.012405
3.850000	0.026237	0.012390
3.860000	0.026255	0.012375
3.870000	0.026273	0.012360
3.880000	0.026291	0.012345
3.890000	0.026309	0.012330
3.900000	0.026327	0.012315
3.910000	0.026345	0.012300
3.920000	0.026363	0.012285
3.930000	0.026382	0.012270
3.940000	0.026400	0.012255
3.950000	0.026418	0.012240
3.960000	0.026436	0.012225
3.970000	0.026454	0.012210
3.980000	0.026472	0.012195
3.990000	0.026490	0.012180
4.000000	0.026508	0.012165
4.010000	0.026526	0.012151
4.020000	0.026544	0.012136
4.030000	0.026562	0.012121
4.040000	0.026580	0.012106
4.050000	0.026598	0.012091
4.060000	0.026616	0.012076
4.070000	0.026634	0.012061
4.080000	0.026652	0.012047
4.090000	0.026669	0.012032
4.100000	0.026687	0.012017
4.110000	0.026705	0.012002
4.120000	0.026723	0.011988
4.130000	0.026741	0.011973
4.140000	0.026759	0.011958
4.150000	0.026777	0.011943
4.160000	0.026795	0.011929
4.170000	0.026812	0.011914
4.180000	0.026830	0.011899
4.190000	0.026848	0.011885
4.200000	0.026866	0.011870
4.210000	0.026884	0.011855
4.220000	0.026902	0.011841
4.230000	0.026919	0.011826
4.240000	0.026937	0.011811
4.250000	0.026955	0.011797
4.260000	0.026973	0.011782
4.270000	0.026990	0.011768
4.280000	0.027008	0.011753
4.290000	0.027026	0.011739
4.300000	0.027044	0.011724
4.310000	0.027061	0.011710
4.320000	0.027079	0.011695
4.330000	0.027097	0.011681
4.340000	0.027114	0.011666
4.350000	0.027132	0.011652
4.360000	0.027150	0.011637
4.370000	0.027167	0.011623
4.380000	0.027185	0.011608
4.390000	0.027202	0.011594
4.400000	0.027220	0.011579
4.410000	0.027238	0.011565
4.420000	0.027255	0.011551
4.430000	0.027273	0.011536
4.440000	0.027290	0.011522
4.450000	0.027308	0.011508
4.460000	0.027325	0.011493
4.470000	0.027343	0.011479
4.480000	0.027360	0.011465
4.490000	0.027378	0.011450
4.500000	0.027395	0.011436
4.510000	0.027413	0.011422
4.520000	0.027430	0.011408
4.530000	0.027448	0.011393
4.540000	0.027465	0.011379
4.550000	0.027483	0.011365
4.560000	0.027500	0.011351
4.570000	0.027518	0.011337
4.580000	0.027535	0.011322
4.590000	0.027552	0.011308
4.600000	0.027570	0.011294
4.610000	0.027587	0.011280
4.620000	0.027604	0.011266
4.630000	0.027622	0.011252
4.640000	0.027639	0.011238
4.650000	0.027656	0.011223
4.660000	0.027674	0.011209
4.670000	0.027691	0.011195
4.680000	0.027708	0.011181
4.690000	0.027726	0.011167
4.700000	0.027743	0.011153
4.710000	0.027760	0.011139
4.720000	0.027777	0.011125
4.730000	0.027795	0.011111
4.740000	0.027812	0.011097
4.750000	0.027829	0.011083
4.760000	0.027846	0.011069
4.770000	0.027863	0.011055
4.780000	0.027880	0.011041
4.790000	0.027898	0.011028
4.800000	0.027915	0.011014
4.810000	0.027932	0.011000
4.820000	0.027949	0.010986
4.830000	0.027966	0.010972
4.840000	0.027983	0.010958
4.850000	0.028000	0.010944
4.860000	0.028017	0.010930
4.870000	0.028034	0.010917
4.880000	0.028051	0.010903
4.890000	0.028068	0.010889
4.900000	0.028085	0.010875
4.910000	0.028102	0.010862
4.920000	0.028119	0.010848
4.930000	0.028136	0.010834
4.940000	0.028153	0.010820
4.950000	0.028170	0.010807
4.960000	0.028187	0.010793
4.970000	0.028204	0.010779
4.980000	0.028221	0.010766
4.990000	0.028238	0.010752
5.000000	0.028255	0.010738
5.010000	0.028272	0.010725
5.020000	0.028289	0.010711
5.030000	0.028305	0.010697
5.040000	0.028322	0.010684
5.050000	0.028339	0.010670
5.060000	0.028356	0.010657
5.070000	0.028373	0.010643
5.080000	0.028389	0.010630
5.090000	0.028406	0.010616
5.100000	0.028423	0.010603
5.110000	0.028440	0.010589
5.120000	0.028456	0.010576
5.130000	0.028473	0.010562
5.140000	0.028490	0.010549
5.150000	0.028506	0.010535
5.160000	0.028523	0.010522
5.170000	0.028540	0.010508
5.180000	0.028556	0.010495
5.190000	0.028573	0.010481
5.200000	0.028590	0.010468
5.210000	0.028606	0.010455
5.220000	0.028623	0.010441
5.230000	0.028639	0.010428
5.240000	0.028656	0.010415
5.250000	0.028672	0.010401
5.260000	0.028689	0.010388
5.270000	0.028705	0.010375
5.280000	0.028722	0.010361
5.290000	0.028738	0.010348
5.300000	0.028755	0.010335
5.310000	0.028771	0.010322
5.320000	0.028788	0.010308
5.330000	0.028804	0.010295
5.340000	0.028820	0.010282
5.350000	0.028837	0.010269
5.360000	0.028853	0.010256
5.370000	0.028870	0.010242
5.380000	0.028886	0.010229
5.390000	0.028902	0.010216
5.400000	0.028919	0.010203
5.410000	0.028935	0.010190
5.420000	0.028951	0.010177
5.430000	0.028967	0.010164
5.440000	0.028984	0.010151
5.450000	0.029000	0.010137
5.460000	0.029016	0.010124
5.470000	0.029032	0.010111
5.480000	0.029049	0.010098
5.490000	0.029065	0.010085
5.500000	0.029081	0.010072
5.510000	0.029097	0.010059
5.520000	0.029113	0.010046
5.530000	0.029129	0.010033
5.540000	0.029145	0.010020
5.550000	0.029162	0.010007
5.560000	0.029178	0.009995
5.570000	0.029194	0.009982
5.580000	0.029210	0.009969
5.590000	0.029226	0.009956
5.600000	0.029242	0.009943
5.610000	0.029258	0.009930
5.620000	0.029274	0.009917
5.630000	0.029290	0.009904
5.640000	0.029306	0.009892
5.650000	0.029322	0.009879
5.660000	0.029337	0.009866
5.670000	0.029353	0.009853
5.680000	0.029369	0.009840
5.690000	0.029385	0.009828
5.700000	0.029401	0.009815
5.710000	0.029417	0.009802
5.720000	0.029433	0.009789
5.730000	0.029448	0.009777
5.740000	0.029464	0.009764
5.750000	0.029480	0.009751
5.760000	0.029496	0.009739
5.770000	0.029512	0.009726
5.780000	0.029527	0.009713
5.790000	0.029543	0.009701
5.800000	0.029559	0.009688
5.810000	0.029574	0.009676
5.820000	0.029590	0.009663
5.830000	0.029606	0.009650
5.840000	0.029621	0.009638
5.850000	0.029637	0.009625
5.860000	0.029652	0.009613
5.870000	0.029668	0.009600
5.880000	0.029684	0.009588
5.890000	0.029699	0.009575
5.900000	0.029715	0.009563
5.910000	0.029730	0.009550
5.920000	0.029746	0.009538
5.930000	0.029761	0.009525
5.940000	0.029777	0.009513
5.950000	0.029792	0.009500
5.960000	0.029807	0.009488
5.970000	0.029823	0.009476
5.980000	0.029838	0.009463
5.990000	0.029854	0.009451
6.000000	0.029869	0.009438
6.010000	0.029884	0.009426
6.020000	0.029900	0.009414
6.030000	0.029915	0.009401
6.040000	0.029930	0.009389
6.050000	0.029946	0.009377
6.060000	0.029961	0.009364
6.070000	0.029976	0.009352
6.080000	0.029991	0.009340
6.090000	0.030006	0.009328
6.100000	0.030022	0.009315
6.110000	0.030037	0.009303
6.120000	0.030052	0.009291
6.130000	0.030067	0.009279
6.140000	0.030082	0.009267
6.150000	0.030097	0.009254
6.160000	0.030112	0.009242
6.170000	0.030127	0.009230
6.180000	0.030143	0.009218
6.190000	0.030158	0.009206
6.200000	0.030173	0.009194
6.210000	0.030188	0.009182
6.220000	0.030203	0.009170
6.230000	0.030217	0.009158
6.240000	0.030232	0.009145
6.250000	0.030247	0.009133
6.260000	0.030262	0.009121
6.270000	0.030277	0.009109
6.280000	0.030292	0.009097
6.290000	0.030307	0.009085
6.300000	0.030322	0.009073
6.310000	0.030337	0.009061
6.320000	0.030351	0.009049
6.330000	0.030366	0.009038
6.340000	0.030381	0.009026
6.350000	0.030396	0.009014
6.360000	0.030410	0.009002
6.370000	0.030425	0.008990
6.380000	0.030440	0.008978
6.390000	0.030454	0.008966
6.400000	0.030469	0.008954
6.410000	0.030484	0.008942
6.420000	0.030498	0.008931
6.430000	0.030513	0.008919
6.440000	0.030527	0.008907
6.450000	0.030542	0.008895
6.460000	0.030556	0.008883
6.470000	0.030571	0.008872
6.480000	0.030585	0.008860
6.490000	0.030600	0.008848
6.500000	0.030614	0.008836
6.510000	0.030629	0.008825
6.520000	0.030643	0.008813
6.530000	0.030658	0.008801
6.540000	0.030672	0.008790
6.550000	0.030686	0.008778
6.560000	0.030701	0.008766
6.570000	0.030715	0.008755
6.580000	0.030729	0.008743
6.590000	0.030744	0.008731
6.600000	0.030758	0.008720
6.610000	0.030772	0.008708
6.620000	0.030786	0.008697
6.630000	0.030801	0.008685
6.640000	0.030815	0.008674
6.650000	0.030829	0.008662
6.660000	0.030843	0.008651
6.670000	0.030857	0.008639
6.680000	0.030871	0.008628
6.690000	0.030886	0.008616
6.700000	0.030900	0.008605
6.710000	0.030914	0.008593
6.720000	0.030928	0.008582
6.730000	0.030942	0.008570
6.740000	0.030956	0.008559
6.750000	0.030970	0.008547
6.760000	0.030984	0.008536
6.770000	0.030998	0.008525
6.780000	0.031012	0.008513
6.790000	0.031025	0.008502
6.800000	0.031039	0.008490
6.810000	0.031053	0.008479
6.820000	0.031067	0.008468
6.830000	0.031081	0.008457
6.840000	0.031095	0.008445
6.850000	0.031108	0.008434
6.860000	0.031122	0.008423
6.870000	0.031136	0.008411
6.880000	0.031150	0.008400
6.890000	0.031163	0.008389
6.900000	0.031177	0.008378
6.910000	0.031191	0.008366
6.920000	0.031204	0.008355
6.930000	0.031218	0.008344
6.940000	0.031232	0.008333
6.950000	0.031245	0.008322
6.960000	0.031259	0.008311
6.970000	0.031272	0.008299
6.980000	0.031286	0.008288
6.990000	0.031299	0.008277
7.000000	0.031313	0.008266
7.010000	0.031326	0.008255
7.020000	0.031340	0.008244
7.030000	0.031353	0.008233
7.040000	0.031366	0.008222
7.050000	0.031380	0.008211
7.060000	0.031393	0.008200
7.070000	0.031406	0.008189
7.080000	0.031420	0.008178
7.090000	0.031433	0.008167
7.100000	0.031446	0.008156
7.110000	0.031460	0.008145
7.120000	0.031473	0.008134
7.130000	0.031486	0.008123
7.140000	0.031499	0.008112
7.150000	0.031512	0.008101
7.160000	0.031525	0.008090
7.170000	0.031539	0.008079
7.180000	0.031552	0.008068
7.190000	0.031565	0.008058
7.200000	0.031578	0.008047
7.210000	0.031591	0.008036
7.220000	0.031604	0.008025
7.230000	0.031617	0.008014
7.240000	0.031630	0.008003
7.250000	0.031643	0.007993
7.260000	0.031656	0.007982
7.270000	0.031669	0.007971
7.280000	0.031682	0.007960
7.290000	0.031694	0.007950
7.300000	0.031707	0.007939
7.310000	0.031720	0.007928
7.320000	0.031733	0.007918
7.330000	0.031746	0.007907
7.340000	0.031758	0.007896
7.350000	0.031771	0.007885
7.360000	0.031784	0.007875
7.370000	0.031797	0.007864
7.380000	0.031809	0.007854
7.390000	0.031822	0.007843
7.400000	0.031835	0.007832
7.410000	0.031847	0.007822
7.420000	0.031860	0.007811
7.430000	0.031872	0.007801
7.440000	0.031885	0.007790
7.450000	0.031897	0.007779
7.460000	0.031910	0.007769
7.470000	0.031922	0.007758
7.480000	0.031935	0.007748
7.490000	0.031947	0.007737
7.500000	0.031960	0.007727
7.510000	0.031972	0.007716
7.520000	0.031984	0.007706
7.530000	0.031997	0.007696
7.540000	0.032009	0.007685
7.550000	0.032021	0.007675
7.560000	0.032034	0.007664
7.570000	0.032046	0.007654
7.580000	0.032058	0.007644
7.590000	0.032070	0.007633
7.600000	0.032082	0.007623
7.610000	0.032095	0.007612
7.620000	0.032107	0.007602
7.630000	0.032119	0.007592
7.640000	0.032131	0.007581
7.650000	0.032143	0.007571
7.660000	0.032155	0.007561
7.670000	0.032167	0.007551
7.680000	0.032179	0.007540
7.690000	0.032191	0.007530
7.700000	0.032203	0.007520
7.710000	0.032215	0.007510
7.720000	0.032227	0.007499
7.730000	0.032239	0.007489
7.740000	0.032251	0.007479
7.750000	0.032263	0.007469
7.760000	0.032274	0.007459
7.770000	0.032286	0.007449
7.780000	0.032298	0.007438
7.790000	0.032310	0.007428
7.800000	0.032322	0.007418
7.810000	0.032333	0.007408
7.820000	0.032345	0.007398
7.830000	0.032357	0.007388
7.840000	0.032368	0.007378
7.850000	0.032380	0.007368
7.860000	0.032391	0.007358
7.870000	0.032403	0.007348
7.880000	0.032415	0.007338
7.890000	0.032426	0.007328
7.900000	0.032438	0.007318
7.910000	0.032449	0.007308
7.920000	0.032461	0.007298
7.930000	0.032472	0.007288
7.940000	0.032483	0.007278
7.950000	0.032495	0.007268
7.960000	0.032506	0.007258
7.970000	0.032517	0.007248
7.980000	0.032529	0.007238
7.990000	0.032540	0.007228
8.000000	0.032551	0.007218
8.010000	0.032563	0.007208
8.020000	0.032574	0.007199
8.030000	0.032585	0.007189
8.040000	0.032596	0.007179
8.050000	0.032607	0.007169
8.060000	0.032618	0.007159
8.070000	0.032630	0.007149
8.080000	0.032641	0.007140
8.090000	0.032652	0.007130
8.100000	0.032663	0.007120
8.110000	0.032674	0.007110
8.120000	0.032685	0.007101
8.130000	0.032696	0.007091
8.140000	0.032707	0.007081
8.150000	0.032718	0.007071
8.160000	0.032728	0.007062
8.170000	0.032739	0.007052
8.180000	0.032750	0.007042
8.190000	0.032761	0.007033
8.200000	0.032772	0.007023
8.210000	0.032782	0.007013
8.220000	0.032793	0.007004
8.230000	0.032804	0.006994
8.240000	0.032815	0.006985
8.250000	0.032825	0.006975
8.260000	0.032836	0.006965
8.270000	0.032847	0.006956
8.280000	0.032857	0.006946
8.290000	0.032868	0.006937
8.300000	0.032878	0.006927
8.310000	0.032889	0.006918
8.320000	0.032899	0.006908
8.330000	0.032910	0.006899
8.340000	0.032920	0.006889
8.350000	0.032931	0.006880
8.360000	0.032941	0.006870
8.370000	0.032952	0.006861
8.380000	0.032962	0.006852
8.390000	0.032972	0.006842
8.400000	0.032983	0.006833
8.410000	0.032993	0.006823
8.420000	0.033003	0.006814
8.430000	0.033013	0.006805
8.440000	0.033023	0.006795
8.450000	0.033034	0.006786
8.460000	0.033044	0.006776
8.470000	0.033054	0.006767
8.480000	0.033064	0.006758
8.490000	0.033074	0.006748
8.500000	0.033084	0.006739
8.510000	0.033094	0.006730
8.520000	0.033104	0.006721
8.530000	0.033114	0.006711
8.540000	0.033124	0.006702
8.550000	0.033134	0.006693
8.560000	0.033144	0.006684
8.570000	0.033154	0.006674
8.580000	0.033164	0.006665
8.590000	0.033174	0.006656
8.600000	0.033183	0.006647
8.610000	0.033193	0.006638
8.620000	0.033203	0.006629
8.630000	0.033213	0.006619
8.640000	0.033222	0.006610
8.650000	0.033232	0.006601
8.660000	0.033242	0.006592
8.670000	0.033251	0.006583
8.680000	0.033261	0.006574
8.690000	0.033271	0.006565
8.700000	0.033280	0.006556
8.710000	0.033290	0.006547
8.720000	0.033299	0.006538
8.730000	0.033309	0.006529
8.740000	0.033318	0.006519
8.750000	0.033328	0.006510
8.760000	0.033337	0.006501
8.770000	0.033346	0.006492
8.780000	0.033356	0.006484
8.790000	0.033365	0.006475
8.800000	0.033374	0.006466
8.810000	0.033384	0.006457
8.820000	0.033393	0.006448
8.830000	0.033402	0.006439
8.840000	0.033411	0.006430
8.850000	0.033421	0.006421
8.860000	0.033430	0.006412
8.870000	0.033439	0.006403
8.880000	0.033448	0.006394
8.890000	0.033457	0.006386
8.900000	0.033466	0.006377
8.910000	0.033475	0.006368
8.920000	0.033484	0.006359
8.930000	0.033493	0.006350
8.940000	0.033502	0.006341
8.950000	0.033511	0.006333
8.960000	0.033520	0.006324
8.970000	0.033529	0.006315
8.980000	0.033538	0.006306
8.990000	0.033546	0.006298
9.000000	0.033555	0.006289
9.010000	0.033564	0.006280
9.020000	0.033573	0.006271
9.030000	0.033581	0.006263
9.040000	0.033590	0.006254
9.050000	0.033599	0.006245
9.060000	0.033607	0.006237
9.070000	0.033616	0.006228
9.080000	0.033625	0.006219
9.090000	0.033633	0.006211
9.100000	0.033642	0.006202
9.110000	0.033650	0.006194
9.120000	0.033659	0.006185
9.130000	0.033667	0.006176
9.140000	0.033676	0.006168
9.150000	0.033684	0.006159
9.160000	0.033692	0.006151
9.170000	0.033701	0.006142
9.180000	0.033709	0.006134
9.190000	0.033717	0.006125
9.200000	0.033726	0.006117
9.210000	0.033734	0.006108
9.220000	0.033742	0.006100
9.230000	0.033750	0.006091
9.240000	0.033758	0.006083
9.250000	0.033767	0.006074
9.260000	0.033775	0.006066
9.270000	0.033783	0.006057
9.280000	0.033791	0.006049
9.290000	0.033799	0.006040
9.300000	0.033807	0.006032
9.310000	0.033815	0.006024
9.320000	0.033823	0.006015
9.330000	0.033831	0.006007
9.340000	0.033839	0.005998
9.350000	0.033846	0.005990
9.360000	0.033854	0.005982
9.370000	0.033862	0.005973
9.380000	0.033870	0.005965
9.390000	0.033878	0.005957
9.400000	0.033885	0.005949
9.410000	0.033893	0.005940
9.420000	0.033901	0.005932
9.430000	0.033909	0.005924
9.440000	0.033916	0.005915
9.450000	0.033924	0.005907
9.460000	0.033931	0.005899
9.470000	0.033939	0.005891
9.480000	0.033946	0.005883
9.490000	0.033954	0.005874
9.500000	0.033961	0.005866
9.510000	0.033969	0.005858
9.520000	0.033976	0.005850
9.530000	0.033984	0.005842
9.540000	0.033991	0.005834
9.550000	0.033998	0.005825
9.560000	0.034006	0.005817
9.570000	0.034013	0.005809
9.580000	0.034020	0.005801
9.590000	0.034027	0.005793
9.600000	0.034035	0.005785
9.610000	0.034042	0.005777
9.620000	0.034049	0.005769
9.630000	0.034056	0.005761
9.640000	0.034063	0.005753
9.650000	0.034070	0.005745
9.660000	0.034077	0.005737
9.670000	0.034084	0.005729
9.680000	0.034091	0.005721
9.690000	0.034098	0.005713
9.700000	0.034105	0.005705
9.710000	0.034112	0.005697
9.720000	0.034119	0.005689
9.730000	0.034126	0.005681
9.740000	0.034133	0.005673
9.750000	0.034140	0.005665
9.760000	0.034146	0.005657
9.770000	0.034153	0.005649
9.780000	0.034160	0.005641
9.790000	0.034166	0.005633
9.800000	0.034173	0.005625
9.810000	0.034180	0.005618
9.820000	0.034186	0.005610
9.830000	0.034193	0.005602
9.840000	0.034199	0.005594
9.850000	0.034206	0.005586
9.860000	0.034212	0.005578
9.870000	0.034219	0.005571
9.880000	0.034225	0.005563
9.890000	0.034232	0.005555
9.900000	0.034238	0.005547
9.910000	0.034245	0.005539
9.920000	0.034251	0.005532
9.930000	0.034257	0.005524
9.940000	0.034263	0.005516
9.950000	0.034270	0.005508
9.960000	0.034276	0.005501
9.970000	0.034282	0.005493
9.980000	0.034288	0.005485
9.990000	0.034294	0.005478
10.000000	0.034301	0.005470
