-10.000000	0.039641	0.009317
-9.990000	0.039650	0.009329
-9.980000	0.039659	0.009341
-9.970000	0.039668	0.009353
-9.960000	0.039677	0.009365
-9.950000	0.039686	0.009377
-9.940000	0.039695	0.009389
-9.930000	0.039704	0.009401
-9.920000	0.039712	0.009414
-9.910000	0.039721	0.009426
-9.900000	0.039730	0.009438
-9.890000	0.039738	0.009450
-9.880000	0.039747	0.009463
-9.870000	0.039755	0.009475
-9.860000	0.039764	0.009487
-9.850000	0.039772	0.009499
-9.840000	0.039780	0.009512
-9.830000	0.039789	0.009524
-9.820000	0.039797	0.009536
-9.810000	0.039805	0.009549
-9.800000	0.039813	0.009561
-9.790000	0.039822	0.009573
-9.780000	0.039830	0.009586
-9.770000	0.039838	0.009598
-9.760000	0.039846	0.009611
-9.750000	0.039854	0.009623
-9.740000	0.039862	0.009635
-9.730000	0.039869	0.009648
-9.720000	0.039877	0.009660
-9.710000	0.039885	0.009673
-9.700000	0.039893	0.009685
-9.690000	0.039900	0.009698
-9.680000	0.039908	0.009710
-9.670000	0.039916	0.009723
-9.660000	0.039923	0.009735
-9.650000	0.039931	0.009748
-9.640000	0.039938	0.009761
-9.630000	0.039946	0.009773
-9.620000	0.039953	0.009786
-9.610000	0.039960	0.009798
-9.600000	0.039967	0.009811
-9.590000	0.039975	0.009824
-9.580000	0.039982	0.009836
-9.570000	0.039989	0.009849
-9.560000	0.039996	0.009862
-9.550000	0.040003	0.009874
-9.540000	0.040010	0.009887
-9.530000	0.040017	0.009900
-9.520000	0.040024	0.009913
-9.510000	0.040031	0.009925
-9.500000	0.040038	0.009938
-9.490000	0.040044	0.009951
-9.480000	0.040051	0.009964
-9.470000	0.040058	0.009977
-9.460000	0.040065	0.009990
-9.450000	0.040071	0.010002
-9.440000	0.040078	0.010015
-9.430000	0.040084	0.010028
-9.420000	0.040091	0.010041
-9.410000	0.040097	0.010054
-9.400000	0.040103	0.010067
-9.390000	0.040110	0.010080
-9.380000	0.040116	0.010093
-9.370000	0.040122	0.010106
-9.360000	0.040128	0.010119
-9.350000	0.040134	0.010132
-9.340000	0.040141	0.010145
-9.330000	0.040147	0.010158
-9.320000	0.040153	0.010171
-9.310000	0.040159	0.010184
-9.300000	0.040164	0.010197
-9.290000	0.040170	0.010210
-9.280000	0.040176	0.010223
-9.270000	0.040182	0.010236
-9.260000	0.040188	0.010249
-9.250000	0.040193	0.010262
-9.240000	0.040199	0.010276
-9.230000	0.040204	0.010289
-9.220000	0.040210	0.010302
-9.210000	0.040215	0.010315
-9.200000	0.040221	0.010328
-9.190000	0.040226	0.010342
-9.180000	0.040232	0.010355
-9.170000	0.040237	0.010368
-9.160000	0.040242	0.010381
-9.150000	0.040247	0.010395
-9.140000	0.040253	0.010408
-9.130000	0.040258	0.010421
-9.120000	0.040263	0.010435
-9.110000	0.040268	0.010448
-9.100000	0.040273	0.010461
-9.090000	0.040278	0.010475
-9.080000	0.040283	0.010488
-9.070000	0.040287	0.010502
-9.060000	0.040292	0.010515
-9.050000	0.040297	0.010528
-9.040000	0.040302	0.010542
-9.030000	0.040306	0.010555
-9.020000	0.040311	0.010569
-9.010000	0.040315	0.010582
-9.000000	0.040320	0.010596
-8.990000	0.040324	0.010609
-8.980000	0.040329	0.010623
-8.970000	0.040333	0.010636
-8.960000	0.040337	0.010650
-8.950000	0.040342	0.010664
-8.940000	0.040346	0.010677
-8.930000	0.040350	0.010691
-8.920000	0.040354	0.010704
-8.910000	0.040358	0.010718
-8.900000	0.040362	0.010732
-8.890000	0.040366	0.010745
-8.880000	0.040370	0.010759
-8.870000	0.040374	0.010773
-8.860000	0.040378	0.010786
-8.850000	0.040382	0.010800
-8.840000	0.040386	0.010814
-8.830000	0.040389	0.010828
-8.820000	0.040393	0.010842
-8.810000	0.040397	0.010855
-8.800000	0.040400	0.010869
-8.790000	0.040404	0.010883
-8.780000	0.040407	0.010897
-8.770000	0.040411	0.010911
-8.760000	0.040414	0.010925
-8.750000	0.040418	0.010938
-8.740000	0.040421	0.010952
-8.730000	0.040424	0.010966
-8.720000	0.040427	0.010980
-8.710000	0.040430	0.010994
-8.700000	0.040434	0.011008
-8.690000	0.040437	0.011022
-8.680000	0.040440	0.011036
-8.670000	0.040443	0.011050
-8.660000	0.040446	0.011064
-8.650000	0.040448	0.011078
-8.640000	0.040451	0.011092
-8.630000	0.040454	0.011106
-8.620000	0.040457	0.011120
-8.610000	0.040459	0.011134
-8.600000	0.040462	0.011148
-8.590000	0.040465	0.011163
-8.580000	0.040467	0.011177
-8.570000	0.040470	0.011191
-8.560000	0.040472	0.011205
-8.550000	0.040475	0.011219
-8.540000	0.040477	0.011233
-8.530000	0.040479	0.011248
-8.520000	0.040482	0.011262
-8.510000	0.040484	0.011276
-8.500000	0.040486	0.011290
-8.490000	0.040488	0.011305
-8.480000	0.040490	0.011319
-8.470000	0.040492	0.011333
-8.460000	0.040494	0.011348
-8.450000	0.040496	0.011362
-8.440000	0.040498	0.011376
-8.430000	0.040500	0.011391
-8.420000	0.040502	0.011405
-8.410000	0.040503	0.011420
-8.400000	0.040505	0.011434
-8.390000	0.040507	0.011448
-8.380000	0.040508	0.011463
-8.370000	0.040510	0.011477
-8.360000	0.040511	0.011492
-8.350000	0.040513	0.011506
-8.340000	0.040514	0.011521
-8.330000	0.040516	0.011535
-8.320000	0.040517	0.011550
-8.310000	0.040518	0.011564
-8.300000	0.040520	0.011579
-8.290000	0.040521	0.011594
-8.280000	0.040522	0.011608
-8.270000	0.040523	0.011623
-8.260000	0.040524	0.011637
-8.250000	0.040525	0.011652
-8.240000	0.040526	0.011667
-8.230000	0.040527	0.011681
-8.220000	0.040528	0.011696
-8.210000	0.040529	0.011711
-8.200000	0.040529	0.011726
-8.190000	0.040530	0.011740
-8.180000	0.040531	0.011755
-8.170000	0.040531	0.011770
-8.160000	0.040532	0.011785
-8.150000	0.040532	0.011799
-8.140000	0.040533	0.011814
-8.130000	0.040533	0.011829
-8.120000	0.040534	0.011844
-8.110000	0.040534	0.011859
-8.100000	0.040534	0.011874
-8.090000	0.040535	0.011889
-8.080000	0.040535	0.011904
-8.070000	0.040535	0.011918
-8.060000	0.040535	0.011933
-8.050000	0.040535	0.011948
-8.040000	0.040535	0.011963
-8.030000	0.040535	0.011978
-8.020000	0.040535	0.011993
-8.010000	0.040535	0.012008
-8.000000	0.040535	0.012023
-7.990000	0.040535	0.012038
-7.980000	0.040534	0.012054
-7.970000	0.040534	0.012069
-7.960000	0.040534	0.012084
-7.950000	0.040533	0.012099
-7.940000	0.040533	0.012114
-7.930000	0.040532	0.012129
-7.920000	0.040532	0.012144
-7.910000	0.040531	0.012159
-7.900000	0.040531	0.012175
-7.890000	0.040530	0.012190
-7.880000	0.040529	0.012205
-7.870000	0.040528	0.012220
-7.860000	0.040528	0.012236
-7.850000	0.040527	0.012251
-7.840000	0.040526	0.012266
-7.830000	0.040525	0.012281
-7.820000	0.040524	0.012297
-7.810000	0.040523	0.012312
-7.800000	0.040522	0.012328
-7.790000	0.040520	0.012343
-7.780000	0.040519	0.012358
-7.770000	0.040518	0.012374
-7.760000	0.040517	0.012389
-7.750000	0.040515	0.012405
-7.740000	0.040514	0.012420
-7.730000	0.040513	0.012435
-7.720000	0.040511	0.012451
-7.710000	0.040510	0.012466
-7.700000	0.040508	0.012482
-7.690000	0.040506	0.012497
-7.680000	0.040505	0.012513
-7.670000	0.040503	0.012529
-7.660000	0.040501	0.012544
-7.650000	0.040499	0.012560
-7.640000	0.040498	0.012575
-7.630000	0.040496	0.012591
-7.620000	0.040494	0.012607
-7.610000	0.040492	0.012622
-7.600000	0.040490	0.012638
-7.590000	0.040488	0.012654
-7.580000	0.040486	0.012669
-7.570000	0.040483	0.012685
-7.560000	0.040481	0.012701
-7.550000	0.040479	0.012717
-7.540000	0.040477	0.012732
-7.530000	0.040474	0.012748
-7.520000	0.040472	0.012764
-7.510000	0.040469	0.012780
-7.500000	0.040467	0.012796
-7.490000	0.040464	0.012811
-7.480000	0.040462	0.012827
-7.470000	0.040459	0.012843
-7.460000	0.040456	0.012859
-7.450000	0.040454	0.012875
-7.440000	0.040451	0.012891
-7.430000	0.040448	0.012907
-7.420000	0.040445	0.012923
-7.410000	0.040442	0.012939
-7.400000	0.040439	0.012955
-7.390000	0.040436	0.012971
-7.380000	0.040433	0.012987
-7.370000	0.040430	0.013003
-7.360000	0.040427	0.013019
-7.350000	0.040424	0.013035
-7.340000	0.040421	0.013051
-7.330000	0.040417	0.013067
-7.320000	0.040414	0.013083
-7.310000	0.040411	0.013099
-7.300000	0.040407	0.013116
-7.290000	0.040404	0.013132
-7.280000	0.040400	0.013148
-7.270000	0.040397	0.013164
-7.260000	0.040393	0.013180
-7.250000	0.040389	0.013197
-7.240000	0.040386	0.013213
-7.230000	0.040382	0.013229
-7.220000	0.040378	0.013245
-7.210000	0.040374	0.013262
-7.200000	0.040371	0.013278
-7.190000	0.040367	0.013294
-7.180000	0.040363	0.013311
-7.170000	0.040359	0.013327
-7.160000	0.040355	0.013343
-7.150000	0.040350	0.013360
-7.140000	0.040346	0.013376
-7.130000	0.040342	0.013393
-7.120000	0.040338	0.013409
-7.110000	0.040334	0.013426
-7.100000	0.040329	0.013442
-7.090000	0.040325	0.013459
-7.080000	0.040320	0.013475
-7.070000	0.040316	0.013492
-7.060000	0.040311	0.013508
-7.050000	0.040307	0.013525
-7.040000	0.040302	0.013541
-7.030000	0.040298	0.013558
-7.020000	0.040293	0.013574
-7.010000	0.040288	0.013591
-7.000000	0.040283	0.013608
-6.990000	0.040279	0.013624
-6.980000	0.040274	0.013641
-6.970000	0.040269	0.013658
-6.960000	0.040264	0.013674
-6.950000	0.040259	0.013691
-6.940000	0.040254	0.013708
-6.930000	0.040249	0.013725
-6.920000	0.040243	0.013741
-6.910000	0.040238	0.013758
-6.900000	0.040233	0.013775
-6.890000	0.040228	0.013792
-6.880000	0.040222	0.013809
-6.870000	0.040217	0.013825
-6.860000	0.040212	0.013842
-6.850000	0.040206	0.013859
-6.840000	0.040201	0.013876
-6.830000	0.040195	0.013893
-6.820000	0.040190	0.013910
-6.810000	0.040184	0.013927
-6.800000	0.040178	0.013944
-6.790000	0.040172	0.013961
-6.780000	0.040167	0.013978
-6.770000	0.040161	0.013995
-6.760000	0.040155	0.014012
-6.750000	0.040149	0.014029
-6.740000	0.040143	0.014046
-6.730000	0.040137	0.014063
-6.720000	0.040131	0.014080
-6.710000	0.040125	0.014097
-6.700000	0.040119	0.014114
-6.690000	0.040113	0.014131
-6.680000	0.040106	0.014149
-6.670000	0.040100	0.014166
-6.660000	0.040094	0.014183
-6.650000	0.040088	0.014200
-6.640000	0.040081	0.014217
-6.630000	0.040075	0.014235
-6.620000	0.040068	0.014252
-6.610000	0.040062	0.014269
-6.600000	0.040055	0.014286
-6.590000	0.040048	0.014304
-6.580000	0.040042	0.014321
-6.570000	0.040035	0.014338
-6.560000	0.040028	0.014356
-6.550000	0.040022	0.014373
-6.540000	0.040015	0.014390
-6.530000	0.040008	0.014408
-6.520000	0.040001	0.014425
-6.510000	0.039994	0.014443
-6.500000	0.039987	0.014460
-6.490000	0.039980	0.014478
-6.480000	0.039973	0.014495
-6.470000	0.039966	0.014513
-6.460000	0.039958	0.014530
-6.450000	0.039951	0.014548
-6.440000	0.039944	0.014565
-6.430000	0.039936	0.014583
-6.420000	0.039929	0.014600
-6.410000	0.039922	0.014618
-6.400000	0.039914	0.014636
-6.390000	0.039907	0.014653
-6.380000	0.039899	0.014671
-6.370000	0.039892	0.014688
-6.360000	0.039884	0.014706
-6.350000	0.039876	0.014724
-6.340000	0.039869	0.014742
-6.330000	0.039861	0.014759
-6.320000	0.039853	0.014777
-6.310000	0.039845	0.014795
-6.300000	0.039837	0.014812
-6.290000	0.039829	0.014830
-6.280000	0.039821	0.014848
-6.270000	0.039813	0.014866
-6.260000	0.039805	0.014884
-6.250000	0.039797	0.014902
-6.240000	0.039789	0.014919
-6.230000	0.039781	0.014937
-6.220000	0.039773	0.014955
-6.210000	0.039764	0.014973
-6.200000	0.039756	0.014991
-6.190000	0.039748	0.015009
-6.180000	0.039739	0.015027
-6.170000	0.039731	0.015045
-6.160000	0.039722	0.015063
-6.150000	0.039714	0.015081
-6.140000	0.039705	0.015099
-6.130000	0.039697	0.015117
-6.120000	0.039688	0.015135
-6.110000	0.039679	0.015153
-6.100000	0.039671	0.015171
-6.090000	0.039662	0.015189
-6.080000	0.039653	0.015207
-6.070000	0.039644	0.015226
-6.060000	0.039635	0.015244
-6.050000	0.039626	0.015262
-6.040000	0.039617	0.015280
-6.030000	0.039608	0.015298
-6.020000	0.039599	0.015317
-6.010000	0.039590	0.015335
-6.000000	0.039581	0.015353
-5.990000	0.039572	0.015371
-5.980000	0.039562	0.015390
-5.970000	0.039553	0.015408
-5.960000	0.039544	0.015426
-5.950000	0.039534	0.015445
-5.940000	0.039525	0.015463
-5.930000	0.039515	0.015481
-5.920000	0.039506	0.015500
-5.910000	0.039496	0.015518
-5.900000	0.039487	0.015536
-5.890000	0.039477	0.015555
-5.880000	0.039467	0.015573
-5.870000	0.039458	0.015592
-5.860000	0.039448	0.015610
-5.850000	0.039438	0.015629
-5.840000	0.039428	0.015647
-5.830000	0.039418	0.015666
-5.820000	0.039409	0.015684
-5.810000	0.039399	0.015703
-5.800000	0.039389	0.015721
-5.790000	0.039379	0.015740
-5.780000	0.039368	0.015759
-5.770000	0.039358	0.015777
-5.760000	0.039348	0.015796
-5.750000	0.039338	0.015814
-5.740000	0.039328	0.015833
-5.730000	0.039317	0.015852
-5.720000	0.039307	0.015871
-5.710000	0.039297	0.015889
-5.700000	0.039286	0.015908
-5.690000	0.039276	0.015927
-5.680000	0.039265	0.015945
-5.670000	0.039255	0.015964
-5.660000	0.039244	0.015983
-5.650000	0.039234	0.016002
-5.640000	0.039223	0.016021
-5.630000	0.039212	0.016040
-5.620000	0.039202	0.016058
-5.610000	0.039191	0.016077
-5.600000	0.039180	0.016096
-5.590000	0.039169	0.016115
-5.580000	0.039158	0.016134
-5.570000	0.039147	0.016153
-5.560000	0.039136	0.016172
-5.550000	0.039125	0.016191
-5.540000	0.039114	0.016210
-5.530000	0.039103	0.016229
-5.520000	0.039092	0.016248
-5.510000	0.039081	0.016267
-5.500000	0.039070	0.016286
-5.490000	0.039058	0.016305
-5.480000	0.039047	0.016324
-5.470000	0.039036	0.016343
-5.460000	0.039024	0.016362
-5.450000	0.039013	0.016381
-5.440000	0.039001	0.016400
-5.430000	0.038990	0.016420
-5.420000	0.038978	0.016439
-5.410000	0.038967	0.016458
-5.400000	0.038955	0.016477
-5.390000	0.038944	0.016496
-5.380000	0.038932	0.016516
-5.370000	0.038920	0.016535
-5.360000	0.038908	0.016554
-5.350000	0.038897	0.016573
-5.340000	0.038885	0.016593
-5.330000	0.038873	0.016612
-5.320000	0.038861	0.016631
-5.310000	0.038849	0.016651
-5.300000	0.038837	0.016670
-5.290000	0.038825	0.016689
-5.280000	0.038813	0.016709
-5.270000	0.038801	0.016728
-5.260000	0.038789	0.016748
-5.250000	0.038776	0.016767
-5.240000	0.038764	0.016786
-5.230000	0.038752	0.016806
-5.220000	0.038739	0.016825
-5.210000	0.038727	0.016845
-5.200000	0.038715	0.016864
-5.190000	0.038702	0.016884
-5.180000	0.038690	0.016904
-5.170000	0.038677	0.016923
-5.160000	0.038665	0.016943
-5.150000	0.038652	0.016962
-5.140000	0.038640	0.016982
-5.130000	0.038627	0.017001
-5.120000	0.038614	0.017021
-5.110000	0.038601	0.017041
-5.100000	0.038589	0.017060
-5.090000	0.038576	0.017080
-5.080000	0.038563	0.017100
-5.070000	0.038550	0.017119
-5.060000	0.038537	0.017139
-5.050000	0.038524	0.017159
-5.040000	0.038511	0.017179
-5.030000	0.038498	0.017198
-5.020000	0.038485	0.017218
-5.010000	0.038472	0.017238
-5.000000	0.038459	0.017258
-4.990000	0.038446	0.017278
-4.980000	0.038432	0.017298
-4.970000	0.038419	0.017317
-4.960000	0.038406	0.017337
-4.950000	0.038393	0.017357
-4.940000	0.038379	0.017377
-4.930000	0.038366	0.017397
-4.920000	0.038352	0.017417
-4.910000	0.038339	0.017437
-4.900000	0.038325	0.017457
-4.890000	0.038312	0.017477
-4.880000	0.038298	0.017497
-4.870000	0.038285	0.017517
-4.860000	0.038271	0.017537
-4.850000	0.038257	0.017557
-4.840000	0.038243	0.017577
-4.830000	0.038230	0.017597
-4.820000	0.038216	0.017617
-4.810000	0.038202	0.017637
-4.800000	0.038188	0.017657
-4.790000	0.038174	0.017677
-4.780000	0.038160	0.017698
-4.770000	0.038146	0.017718
-4.760000	0.038132	0.017738
-4.750000	0.038118	0.017758
-4.740000	0.038104	0.017778
-4.730000	0.038090	0.017799
-4.720000	0.038076	0.017819
-4.710000	0.038062	0.017839
-4.700000	0.038047	0.017859
-4.690000	0.038033	0.017880
-4.680000	0.038019	0.017900
-4.670000	0.038004	0.017920
-4.660000	0.037990	0.017941
-4.650000	0.037976	0.017961
-4.640000	0.037961	0.017981
-4.630000	0.037947	0.018002
-4.620000	0.037932	0.018022
-4.610000	0.037917	0.018042
-4.600000	0.037903	0.018063
-4.590000	0.037888	0.018083
-4.580000	0.037874	0.018104
-4.570000	0.037859	0.018124
-4.560000	0.037844	0.018145
-4.550000	0.037829	0.018165
-4.540000	0.037815	0.018186
-4.530000	0.037800	0.018206
-4.520000	0.037785	0.018227
-4.510000	0.037770	0.018247
-4.500000	0.037755	0.018268
-4.490000	0.037740	0.018288
-4.480000	0.037725	0.018309
-4.470000	0.037710	0.018329
-4.460000	0.037695	0.018350
-4.450000	0.037680	0.018371
-4.440000	0.037665	0.018391
-4.430000	0.037649	0.018412
-4.420000	0.037634	0.018433
-4.410000	0.037619	0.018453
-4.400000	0.037604	0.018474
-4.390000	0.037588	0.018495
-4.380000	0.037573	0.018516
-4.370000	0.037558	0.018536
-4.360000	0.037542	0.018557
-4.350000	0.037527	0.018578
-4.340000	0.037511	0.018599
-4.330000	0.037496	0.018619
-4.320000	0.037480	0.018640
-4.310000	0.037464	0.018661
-4.300000	0.037449	0.018682
-4.290000	0.037433	0.018703
-4.280000	0.037417	0.018724
-4.270000	0.037402	0.018744
-4.260000	0.037386	0.018765
-4.250000	0.037370	0.018786
-4.240000	0.037354	0.018807
-4.230000	0.037339	0.018828
-4.220000	0.037323	0.018849
-4.210000	0.037307	0.018870
-4.200000	0.037291	0.018891
-4.190000	0.037275	0.018912
-4.180000	0.037259	0.018933
-4.170000	0.037243	0.018954
-4.160000	0.037227	0.018975
-4.150000	0.037210	0.018996
-4.140000	0.037194	0.019017
-4.130000	0.037178	0.019038
-4.120000	0.037162	0.019059
-4.110000	0.037146	0.019080
-4.100000	0.037129	0.019102
-4.090000	0.037113	0.019123
-4.080000	0.037097	0.019144
-4.070000	0.037080	0.019165
-4.060000	0.037064	0.019186
-4.050000	0.037048	0.019207
-4.040000	0.037031	0.019229
-4.030000	0.037015	0.019250
-4.020000	0.036998	0.019271
-4.010000	0.036981	0.019292
-4.000000	0.036965	0.019313
-3.990000	0.036948	0.019335
-3.980000	0.036932	0.019356
-3.970000	0.036915	0.019377
-3.960000	0.036898	0.019399
-3.950000	0.036881	0.019420
-3.940000	0.036865	0.019441
-3.930000	0.036848	0.019463
-3.920000	0.036831	0.019484
-3.910000	0.036814	0.019505
-3.900000	0.036797	0.019527
-3.890000	0.036780	0.019548
-3.880000	0.036763	0.019570
-3.870000	0.036746	0.019591
-3.860000	0.036729	0.019612
-3.850000	0.036712	0.019634
-3.840000	0.036695	0.019655
-3.830000	0.036678	0.019677
-3.820000	0.036661	0.019698
-3.810000	0.036644	0.019720
-3.800000	0.036626	0.019741
-3.790000	0.036609	0.019763
-3.780000	0.036592	0.019784
-3.770000	0.036575	0.019806
-3.760000	0.036557	0.019828
-3.750000	0.036540	0.019849
-3.740000	0.036522	0.019871
-3.730000	0.036505	0.019892
-3.720000	0.036488	0.019914
-3.710000	0.036470	0.019936
-3.700000	0.036453	0.019957
-3.690000	0.036435	0.019979
-3.680000	0.036417	0.020001
-3.670000	0.036400	0.020022
-3.660000	0.036382	0.020044
-3.650000	0.036365	0.020066
-3.640000	0.036347	0.020087
-3.630000	0.036329	0.020109
-3.620000	0.036311	0.020131
-3.610000	0.036294	0.020153
-3.600000	0.036276	0.020174
-3.590000	0.036258	0.020196
-3.580000	0.036240	0.020218
-3.570000	0.036222	0.020240
-3.560000	0.036204	0.020262
-3.550000	0.036186	0.020283
-3.540000	0.036168	0.020305
-3.530000	0.036150	0.020327
-3.520000	0.036132	0.020349
-3.510000	0.036114	0.020371
-3.500000	0.036096	0.020393
-3.490000	0.036078	0.020415
-3.480000	0.036060	0.020437
-3.470000	0.036042	0.020458
-3.460000	0.036024	0.020480
-3.450000	0.036005	0.020502
-3.440000	0.035987	0.020524
-3.430000	0.035969	0.020546
-3.420000	0.035951	0.020568
-3.410000	0.035932	0.020590
-3.400000	0.035914	0.020612
-3.390000	0.035895	0.020634
-3.380000	0.035877	0.020656
-3.370000	0.035859	0.020678
-3.360000	0.035840	0.020700
-3.350000	0.035822	0.020723
-3.340000	0.035803	0.020745
-3.330000	0.035784	0.020767
-3.320000	0.035766	0.020789
-3.310000	0.035747	0.020811
-3.300000	0.035729	0.020833
-3.290000	0.035710	0.020855
-3.280000	0.035691	0.020877
-3.270000	0.035673	0.020899
-3.260000	0.035654	0.020922
-3.250000	0.035635	0.020944
-3.240000	0.035616	0.020966
-3.230000	0.035597	0.020988
-3.220000	0.035579	0.021010
-3.210000	0.035560	0.021033
-3.200000	0.035541	0.021055
-3.190000	0.035522	0.021077
-3.180000	0.035503	0.021099
-3.170000	0.035484	0.021122
-3.160000	0.035465	0.021144
-3.150000	0.035446	0.021166
-3.140000	0.035427	0.021189
-3.130000	0.035408	0.021211
-3.120000	0.035389	0.021233
-3.110000	0.035369	0.021256
-3.100000	0.035350	0.021278
-3.090000	0.035331	0.021300
-3.080000	0.035312	0.021323
-3.070000	0.035293	0.021345
-3.060000	0.035273	0.021368
-3.050000	0.035254	0.021390
-3.040000	0.035235	0.021412
-3.030000	0.035215	0.021435
-3.020000	0.035196	0.021457
-3.010000	0.035177	0.021480
-3.000000	0.035157	0.021502
-2.990000	0.035138	0.021525
-2.980000	0.035118	0.021547
-2.970000	0.035099	0.021570
-2.960000	0.035079	0.021592
-2.950000	0.035060	0.021615
-2.940000	0.035040	0.021637
-2.930000	0.035021	0.021660
-2.920000	0.035001	0.021682
-2.910000	0.034982	0.021705
-2.900000	0.034962	0.021727
-2.890000	0.034942	0.021750
-2.880000	0.034922	0.021773
-2.870000	0.034903	0.021795
-2.860000	0.034883	0.021818
-2.850000	0.034863	0.021840
-2.840000	0.034843	0.021863
-2.830000	0.034824	0.021886
-2.820000	0.034804	0.021908
-2.810000	0.034784	0.021931
-2.800000	0.034764	0.021954
-2.790000	0.034744	0.021976
-2.780000	0.034724	0.021999
-2.770000	0.034704	0.022022
-2.760000	0.034684	0.022044
-2.750000	0.034664	0.022067
-2.740000	0.034644	0.022090
-2.730000	0.034624	0.022113
-2.720000	0.034604	0.022135
-2.710000	0.034584	0.022158
-2.700000	0.034564	0.022181
-2.690000	0.034544	0.022204
-2.680000	0.034523	0.022226
-2.670000	0.034503	0.022249
-2.660000	0.034483	0.022272
-2.650000	0.034463	0.022295
-2.640000	0.034443	0.022318
-2.630000	0.034422	0.022340
-2.620000	0.034402	0.022363
-2.610000	0.034382	0.022386
-2.600000	0.034361	0.022409
-2.590000	0.034341	0.022432
-2.580000	0.034321	0.022455
-2.570000	0.034300	0.022478
-2.560000	0.034280	0.022501
-2.550000	0.034259	0.022523
-2.540000	0.034239	0.022546
-2.530000	0.034218	0.022569
-2.520000	0.034198	0.022592
-2.510000	0.034177	0.022615
-2.500000	0.034157	0.022638
-2.490000	0.034136	0.022661
-2.480000	0.034115	0.022684
-2.470000	0.034095	0.022707
-2.460000	0.034074	0.022730
-2.450000	0.034054	0.022753
-2.440000	0.034033	0.022776
-2.430000	0.034012	0.022799
-2.420000	0.033991	0.022822
-2.410000	0.033971	0.022845
-2.400000	0.033950	0.022868
-2.390000	0.033929	0.022891
-2.380000	0.033908	0.022914
-2.370000	0.033887	0.022937
-2.360000	0.033867	0.022960
-2.350000	0.033846	0.022983
-2.340000	0.033825	0.023006
-2.330000	0.033804	0.023030
-2.320000	0.033783	0.023053
-2.310000	0.033762	0.023076
-2.300000	0.033741	0.023099
-2.290000	0.033720	0.023122
-2.280000	0.033699	0.023145
-2.270000	0.033678	0.023168
-2.260000	0.033657	0.023191
-2.250000	0.033636	0.023215
-2.240000	0.033615	0.023238
-2.230000	0.033594	0.023261
-2.220000	0.033573	0.023284
-2.210000	0.033551	0.023307
-2.200000	0.033530	0.023331
-2.190000	0.033509	0.023354
-2.180000	0.033488	0.023377
-2.170000	0.033467	0.023400
-2.160000	0.033445	0.023423
-2.150000	0.033424	0.023447
-2.140000	0.033403	0.023470
-2.130000	0.033382	0.023493
-2.120000	0.033360	0.023516
-2.110000	0.033339	0.023540
-2.100000	0.033318	0.023563
-2.090000	0.033296	0.023586
-2.080000	0.033275	0.023609
-2.070000	0.033253	0.023633
-2.060000	0.033232	0.023656
-2.050000	0.033210	0.023679
-2.040000	0.033189	0.023703
-2.030000	0.033168	0.023726
-2.020000	0.033146	0.023749
-2.010000	0.033124	0.023773
-2.000000	0.033103	0.023796
-1.990000	0.033081	0.023819
-1.980000	0.033060	0.023843
-1.970000	0.033038	0.023866
-1.960000	0.033017	0.023889
-1.950000	0.032995	0.023913
-1.940000	0.032973	0.023936
-1.930000	0.032952	0.023960
-1.920000	0.032930	0.023983
-1.910000	0.032908	0.024006
-1.900000	0.032887	0.024030
-1.890000	0.032865	0.024053
-1.880000	0.032843	0.024077
-1.870000	0.032821	0.024100
-1.860000	0.032800	0.024124
-1.850000	0.032778	0.024147
-1.840000	0.032756	0.024170
-1.830000	0.032734	0.024194
-1.820000	0.032712	0.024217
-1.810000	0.032691	0.024241
-1.800000	0.032669	0.024264
-1.790000	0.032647	0.024288
-1.780000	0.032625	0.024311
-1.770000	0.032603	0.024335
-1.760000	0.032581	0.024358
-1.750000	0.032559	0.024382
-1.740000	0.032537	0.024405
-1.730000	0.032515	0.024429
-1.720000	0.032493	0.024452
-1.710000	0.032471	0.024476
-1.700000	0.032449	0.024499
-1.690000	0.032427	0.024523
-1.680000	0.032405	0.024546
-1.670000	0.032383	0.024570
-1.660000	0.032361	0.024593
-1.650000	0.032339	0.024617
-1.640000	0.032316	0.024641
-1.630000	0.032294	0.024664
-1.620000	0.032272	0.024688
-1.610000	0.032250	0.024711
-1.600000	0.032228	0.024735
-1.590000	0.032206	0.024758
-1.580000	0.032183	0.024782
-1.570000	0.032161	0.024806
-1.560000	0.032139	0.024829
-1.550000	0.032117	0.024853
-1.540000	0.032094	0.024876
-1.530000	0.032072	0.024900
-1.520000	0.032050	0.024924
-1.510000	0.032028	0.024947
-1.500000	0.032005	0.024971
-1.490000	0.031983	0.024994
-1.480000	0.031960	0.025018
-1.470000	0.031938	0.025042
-1.460000	0.031916	0.025065
-1.450000	0.031893	0.025089
-1.440000	0.031871	0.025113
-1.430000	0.031848	0.025136
-1.420000	0.031826	0.025160
-1.410000	0.031804	0.025184
-1.400000	0.031781	0.025207
-1.390000	0.031759	0.025231
-1.380000	0.031736	0.025255
-1.370000	0.031714	0.025278
-1.360000	0.031691	0.025302
-1.350000	0.031669	0.025326
-1.340000	0.031646	0.025349
-1.330000	0.031623	0.025373
-1.320000	0.031601	0.025397
-1.310000	0.031578	0.025420
-1.300000	0.031556	0.025444
-1.290000	0.031533	0.025468
-1.280000	0.031510	0.025492
-1.270000	0.031488	0.025515
-1.260000	0.031465	0.025539
-1.250000	0.031443	0.025563
-1.240000	0.031420	0.025586
-1.230000	0.031397	0.025610
-1.220000	0.031374	0.025634
-1.210000	0.031352	0.025658
-1.200000	0.031329	0.025681
-1.190000	0.031306	0.025705
-1.180000	0.031284	0.025729
-1.170000	0.031261	0.025753
-1.160000	0.031238	0.025776
-1.150000	0.031215	0.025800
-1.140000	0.031192	0.025824
-1.130000	0.031170	0.025848
-1.120000	0.031147	0.025871
-1.110000	0.031124	0.025895
-1.100000	0.031101	0.025919
-1.090000	0.031078	0.025943
-1.080000	0.031055	0.025966
-1.070000	0.031033	0.025990
-1.060000	0.031010	0.026014
-1.050000	0.030987	0.026038
-1.040000	0.030964	0.026061
-1.030000	0.030941	0.026085
-1.020000	0.030918	0.026109
-1.010000	0.030895	0.026133
-1.000000	0.030872	0.026157
-0.990000	0.030849	0.026180
-0.980000	0.030826	0.026204
-0.970000	0.030803	0.026228
-0.960000	0.030780	0.026252
-0.950000	0.030757	0.026276
-0.940000	0.030734	0.026299
-0.930000	0.030711	0.026323
-0.920000	0.030688	0.026347
-0.910000	0.030665	0.026371
-0.900000	0.030642	0.026395
-0.890000	0.030619	0.026418
-0.880000	0.030596	0.026442
-0.870000	0.030573	0.026466
-0.860000	0.030550	0.026490
-0.850000	0.030527	0.026514
-0.840000	0.030504	0.026537
-0.830000	0.030480	0.026561
-0.820000	0.030457	0.026585
-0.810000	0.030434	0.026609
-0.800000	0.030411	0.026633
-0.790000	0.030388	0.026656
-0.780000	0.030365	0.026680
-0.770000	0.030342	0.026704
-0.760000	0.030318	0.026728
-0.750000	0.030295	0.026752
-0.740000	0.030272	0.026775
-0.730000	0.030249	0.026799
-0.720000	0.030225	0.026823
-0.710000	0.030202	0.026847
-0.700000	0.030179	0.026871
-0.690000	0.030156	0.026895
-0.680000	0.030133	0.026918
-0.670000	0.030109	0.026942
-0.660000	0.030086	0.026966
-0.650000	0.030063	0.026990
-0.640000	0.030039	0.027014
-0.630000	0.030016	0.027037
-0.620000	0.029993	0.027061
-0.610000	0.029969	0.027085
-0.600000	0.029946	0.027109
-0.590000	0.029923	0.027133
-0.580000	0.029900	0.027156
-0.570000	0.029876	0.027180
-0.560000	0.029853	0.027204
-0.550000	0.029829	0.027228
-0.540000	0.029806	0.027252
-0.530000	0.029783	0.027276
-0.520000	0.029759	0.027299
-0.510000	0.029736	0.027323
-0.500000	0.029713	0.027347
-0.490000	0.029689	0.027371
-0.480000	0.029666	0.027395
-0.470000	0.029642	0.027418
-0.460000	0.029619	0.027442
-0.450000	0.029595	0.027466
-0.440000	0.029572	0.027490
-0.430000	0.029549	0.027514
-0.420000	0.029525	0.027537
-0.410000	0.029502	0.027561
-0.400000	0.029478	0.027585
-0.390000	0.029455	0.027609
-0.380000	0.029431	0.027633
-0.370000	0.029408	0.027656
-0.360000	0.029384	0.027680
-0.350000	0.029361	0.027704
-0.340000	0.029337	0.027728
-0.330000	0.029314	0.027751
-0.320000	0.029290	0.027775
-0.310000	0.029267	0.027799
-0.300000	0.029243	0.027823
-0.290000	0.029220	0.027847
-0.280000	0.029196	0.027870
-0.270000	0.029173	0.027894
-0.260000	0.029149	0.027918
-0.250000	0.029125	0.027942
-0.240000	0.029102	0.027965
-0.230000	0.029078	0.027989
-0.220000	0.029055	0.028013
-0.210000	0.029031	0.028037
-0.200000	0.029008	0.028060
-0.190000	0.028984	0.028084
-0.180000	0.028960	0.028108
-0.170000	0.028937	0.028132
-0.160000	0.028913	0.028155
-0.150000	0.028890	0.028179
-0.140000	0.028866	0.028203
-0.130000	0.028842	0.028227
-0.120000	0.028819	0.028250
-0.110000	0.028795	0.028274
-0.100000	0.028771	0.028298
-0.090000	0.028748	0.028321
-0.080000	0.028724	0.028345
-0.070000	0.028700	0.028369
-0.060000	0.028677	0.028393
-0.050000	0.028653	0.028416
-0.040000	0.028629	0.028440
-0.030000	0.028606	0.028464
-0.020000	0.028582	0.028487
-0.010000	0.028558	0.028511
-0.000000	0.028535	0.028535
0.010000	0.028511	0.028558
0.020000	0.028487	0.028582
0.030000	0.028464	0.028606
0.040000	0.028440	0.028629
0.050000	0.028416	0.028653
0.060000	0.028393	0.028677
0.070000	0.028369	0.028700
0.080000	0.028345	0.028724
0.090000	0.028321	0.028748
0.100000	0.028298	0.028771
0.110000	0.028274	0.028795
0.120000	0.028250	0.028819
0.130000	0.028227	0.028842
0.140000	0.028203	0.028866
0.150000	0.028179	0.028890
0.160000	0.028155	0.028913
0.170000	0.028132	0.028937
0.180000	0.028108	0.028960
0.190000	0.028084	0.028984
0.200000	0.028060	0.029008
0.210000	0.028037	0.029031
0.220000	0.028013	0.029055
0.230000	0.027989	0.029078
0.240000	0.027965	0.029102
0.250000	0.027942	0.029125
0.260000	0.027918	0.029149
0.270000	0.027894	0.029173
0.280000	0.027870	0.029196
0.290000	0.027847	0.029220
0.300000	0.027823	0.029243
0.310000	0.027799	0.029267
0.320000	0.027775	0.029290
0.330000	0.027751	0.029314
0.340000	0.027728	0.029337
0.350000	0.027704	0.029361
0.360000	0.027680	0.029384
0.370000	0.027656	0.029408
0.380000	0.027633	0.029431
0.390000	0.027609	0.029455
0.400000	0.027585	0.029478
0.410000	0.027561	0.029502
0.420000	0.027537	0.029525
0.430000	0.027514	0.029549
0.440000	0.027490	0.029572
0.450000	0.027466	0.029595
0.460000	0.027442	0.029619
0.470000	0.027418	0.029642
0.480000	0.027395	0.029666
0.490000	0.027371	0.029689
0.500000	0.027347	0.029713
0.510000	0.027323	0.029736
0.520000	0.027299	0.029759
0.530000	0.027276	0.029783
0.540000	0.027252	0.029806
0.550000	0.027228	0.029829
0.560000	0.027204	0.029853
0.570000	0.027180	0.029876
0.580000	0.027156	0.029900
0.590000	0.027133	0.029923
0.600000	0.027109	0.029946
0.610000	0.027085	0.029969
0.620000	0.027061	0.029993
0.630000	0.027037	0.030016
0.640000	0.027014	0.030039
0.650000	0.026990	0.030063
0.660000	0.026966	0.030086
0.670000	0.026942	0.030109
0.680000	0.026918	0.030133
0.690000	0.026895	0.030156
0.700000	0.026871	0.030179
0.710000	0.026847	0.030202
0.720000	0.026823	0.030225
0.730000	0.026799	0.030249
0.740000	0.026775	0.030272
0.750000	0.026752	0.030295
0.760000	0.026728	0.030318
0.770000	0.026704	0.030342
0.780000	0.026680	0.030365
0.790000	0.026656	0.030388
0.800000	0.026633	0.030411
0.810000	0.026609	0.030434
0.820000	0.026585	0.030457
0.830000	0.026561	0.030480
0.840000	0.026537	0.030504
0.850000	0.026514	0.030527
0.860000	0.026490	0.030550
0.870000	0.026466	0.030573
0.880000	0.026442	0.030596
0.890000	0.026418	0.030619
0.900000	0.026395	0.030642
0.910000	0.026371	0.030665
0.920000	0.026347	0.030688
0.930000	0.026323	0.030711
0.940000	0.026299	0.030734
0.950000	0.026276	0.030757
0.960000	0.026252	0.030780
0.970000	0.026228	0.030803
0.980000	0.026204	0.030826
0.990000	0.026180	0.030849
1.000000	0.026157	0.030872
1.010000	0.026133	0.030895
1.020000	0.026109	0.030918
1.030000	0.026085	0.030941
1.040000	0.026061	0.030964
1.050000	0.026038	0.030987
1.060000	0.026014	0.031010
1.070000	0.025990	0.031033
1.080000	0.025966	0.031055
1.090000	0.025943	0.031078
1.100000	0.025919	0.031101
1.110000	0.025895	0.031124
1.120000	0.025871	0.031147
1.130000	0.025848	0.031170
1.140000	0.025824	0.031192
1.150000	0.025800	0.031215
1.160000	0.025776	0.031238
1.170000	0.025753	0.031261
1.180000	0.025729	0.031284
1.190000	0.025705	0.031306
1.200000	0.025681	0.031329
1.210000	0.025658	0.031352
1.220000	0.025634	0.031374
1.230000	0.025610	0.031397
1.240000	0.025586	0.031420
1.250000	0.025563	0.031443
1.260000	0.025539	0.031465
1.270000	0.025515	0.031488
1.280000	0.025492	0.031510
1.290000	0.025468	0.031533
1.300000	0.025444	0.031556
1.310000	0.025420	0.031578
1.320000	0.025397	0.031601
1.330000	0.025373	0.031623
1.340000	0.025349	0.031646
1.350000	0.025326	0.031669
1.360000	0.025302	0.031691
1.370000	0.025278	0.031714
1.380000	0.025255	0.031736
1.390000	0.025231	0.031759
1.400000	0.025207	0.031781
1.410000	0.025184	0.031804
1.420000	0.025160	0.031826
1.430000	0.025136	0.031848
1.440000	0.025113	0.031871
1.450000	0.025089	0.031893
1.460000	0.025065	0.031916
1.470000	0.025042	0.031938
1.480000	0.025018	0.031960
1.490000	0.024994	0.031983
1.500000	0.024971	0.032005
1.510000	0.024947	0.032028
1.520000	0.024924	0.032050
1.530000	0.024900	0.032072
1.540000	0.024876	0.032094
1.550000	0.024853	0.032117
1.560000	0.024829	0.032139
1.570000	0.024806	0.032161
1.580000	0.024782	0.032183
1.590000	0.024758	0.032206
1.600000	0.024735	0.032228
1.610000	0.024711	0.032250
1.620000	0.024688	0.032272
1.630000	0.024664	0.032294
1.640000	0.024641	0.032316
1.650000	0.024617	0.032339
1.660000	0.024593	0.032361
1.670000	0.024570	0.032383
1.680000	0.024546	0.032405
1.690000	0.024523	0.032427
1.700000	0.024499	0.032449
1.710000	0.024476	0.032471
1.720000	0.024452	0.032493
1.730000	0.024429	0.032515
1.740000	0.024405	0.032537
1.750000	0.024382	0.032559
1.760000	0.024358	0.032581
1.770000	0.024335	0.032603
1.780000	0.024311	0.032625
1.790000	0.024288	0.032647
1.800000	0.024264	0.032669
1.810000	0.024241	0.032691
1.820000	0.024217	0.032712
1.830000	0.024194	0.032734
1.840000	0.024170	0.032756
1.850000	0.024147	0.032778
1.860000	0.024124	0.032800
1.870000	0.024100	0.032821
1.880000	0.024077	0.032843
1.890000	0.024053	0.032865
1.900000	0.024030	0.032887
1.910000	0.024006	0.032908
1.920000	0.023983	0.032930
1.930000	0.023960	0.032952
1.940000	0.023936	0.032973
1.950000	0.023913	0.032995
1.960000	0.023889	0.033017
1.970000	0.023866	0.033038
1.980000	0.023843	0.033060
1.990000	0.023819	0.033081
2.000000	0.023796	0.033103
2.010000	0.023773	0.033124
2.020000	0.023749	0.033146
2.030000	0.023726	0.033168
2.040000	0.023703	0.033189
2.050000	0.023679	0.033210
2.060000	0.023656	0.033232
2.070000	0.023633	0.033253
2.080000	0.023609	0.033275
2.090000	0.023586	0.033296
2.100000	0.023563	0.033318
2.110000	0.023540	0.033339
2.120000	0.023516	0.033360
2.130000	0.023493	0.033382
2.140000	0.023470	0.033403
2.150000	0.023447	0.033424
2.160000	0.023423	0.033445
2.170000	0.023400	0.033467
2.180000	0.023377	0.033488
2.190000	0.023354	0.033509
2.200000	0.023331	0.033530
2.210000	0.023307	0.033551
2.220000	0.023284	0.033573
2.230000	0.023261	0.033594
2.240000	0.023238	0.033615
2.250000	0.023215	0.033636
2.260000	0.023191	0.033657
2.270000	0.023168	0.033678
2.280000	0.023145	0.033699
2.290000	0.023122	0.033720
2.300000	0.023099	0.033741
2.310000	0.023076	0.033762
2.320000	0.023053	0.033783
2.330000	0.023030	0.033804
2.340000	0.023006	0.033825
2.350000	0.022983	0.033846
2.360000	0.022960	0.033867
2.370000	0.022937	0.033887
2.380000	0.022914	0.033908
2.390000	0.022891	0.033929
2.400000	0.022868	0.033950
2.410000	0.022845	0.033971
2.420000	0.022822	0.033991
2.430000	0.022799	0.034012
2.440000	0.022776	0.034033
2.450000	0.022753	0.034054
2.460000	0.022730	0.034074
2.470000	0.022707	0.034095
2.480000	0.022684	0.034115
2.490000	0.022661	0.034136
2.500000	0.022638	0.034157
2.510000	0.022615	0.034177
2.520000	0.022592	0.034198
2.530000	0.022569	0.034218
2.540000	0.022546	0.034239
2.550000	0.022523	0.034259
2.560000	0.022501	0.034280
2.570000	0.022478	0.034300
2.580000	0.022455	0.034321
2.590000	0.022432	0.034341
2.600000	0.022409	0.034361
2.610000	0.022386	0.034382
2.620000	0.022363	0.034402
2.630000	0.022340	0.034422
2.640000	0.022318	0.034443
2.650000	0.022295	0.034463
2.660000	0.022272	0.034483
2.670000	0.022249	0.034503
2.680000	0.022226	0.034523
2.690000	0.022204	0.034544
2.700000	0.022181	0.034564
2.710000	0.022158	0.034584
2.720000	0.022135	0.034604
2.730000	0.022113	0.034624
2.740000	0.022090	0.034644
2.750000	0.022067	0.034664
2.760000	0.022044	0.034684
2.770000	0.022022	0.034704
2.780000	0.021999	0.034724
2.790000	0.021976	0.034744
2.800000	0.021954	0.034764
2.810000	0.021931	0.034784
2.820000	0.021908	0.034804
2.830000	0.021886	0.034824
2.840000	0.021863	0.034843
2.850000	0.021840	0.034863
2.860000	0.021818	0.034883
2.870000	0.021795	0.034903
2.880000	0.021773	0.034922
2.890000	0.021750	0.034942
2.900000	0.021727	0.034962
2.910000	0.021705	0.034982
2.920000	0.021682	0.035001
2.930000	0.021660	0.035021
2.940000	0.021637	0.035040
2.950000	0.021615	0.035060
2.960000	0.021592	0.035079
2.970000	0.021570	0.035099
2.980000	0.021547	0.035118
2.990000	0.021525	0.035138
3.000000	0.021502	0.035157
3.010000	0.021480	0.035177
3.020000	0.021457	0.035196
3.030000	0.021435	0.035215
3.040000	0.021412	0.035235
3.050000	0.021390	0.035254
3.060000	0.021368	0.035273
3.070000	0.021345	0.035293
3.080000	0.021323	0.035312
3.090000	0.021300	0.035331
3.100000	0.021278	0.035350
3.110000	0.021256	0.035369
3.120000	0.021233	0.035389
3.130000	0.021211	0.035408
3.140000	0.021189	0.035427
3.150000	0.021166	0.035446
3.160000	0.021144	0.035465
3.170000	0.021122	0.035484
3.180000	0.021099	0.035503
3.190000	0.021077	0.035522
3.200000	0.021055	0.035541
3.210000	0.021033	0.035560
3.220000	0.021010	0.035579
3.230000	0.020988	0.035597
3.240000	0.020966	0.035616
3.250000	0.020944	0.035635
3.260000	0.020922	0.035654
3.270000	0.020899	0.035673
3.280000	0.020877	0.035691
3.290000	0.020855	0.035710
3.300000	0.020833	0.035729
3.310000	0.020811	0.035747
3.320000	0.020789	0.035766
3.330000	0.020767	0.035784
3.340000	0.020745	0.035803
3.350000	0.020723	0.035822
3.360000	0.020700	0.035840
3.370000	0.020678	0.035859
3.380000	0.020656	0.035877
3.390000	0.020634	0.035895
3.400000	0.020612	0.035914
3.410000	0.020590	0.035932
3.420000	0.020568	0.035951
3.430000	0.020546	0.035969
3.440000	0.020524	0.035987
3.450000	0.020502	0.036005
3.460000	0.020480	0.036024
3.470000	0.020458	0.036042
3.480000	0.020437	0.036060
3.490000	0.020415	0.036078
3.500000	0.020393	0.036096
3.510000	0.020371	0.036114
3.520000	0.020349	0.036132
3.530000	0.020327	0.036150
3.540000	0.020305	0.036168
3.550000	0.020283	0.036186
3.560000	0.020262	0.036204
3.570000	0.020240	0.036222
3.580000	0.020218	0.036240
3.590000	0.020196	0.036258
3.600000	0.020174	0.036276
3.610000	0.020153	0.036294
3.620000	0.020131	0.036311
3.630000	0.020109	0.036329
3.640000	0.020087	0.036347
3.650000	0.020066	0.036365
3.660000	0.020044	0.036382
3.670000	0.020022	0.036400
3.680000	0.020001	0.036417
3.690000	0.019979	0.036435
3.700000	0.019957	0.036453
3.710000	0.019936	0.036470
3.720000	0.019914	0.036488
3.730000	0.019892	0.036505
3.740000	0.019871	0.036522
3.750000	0.019849	0.036540
3.760000	0.019828	0.036557
3.770000	0.019806	0.036575
3.780000	0.019784	0.036592
3.790000	0.019763	0.036609
3.800000	0.019741	0.036626
3.810000	0.019720	0.036644
3.820000	0.019698	0.036661
3.830000	0.019677	0.036678
3.840000	0.019655	0.036695
3.850000	0.019634	0.036712
3.860000	0.019612	0.036729
3.870000	0.019591	0.036746
3.880000	0.019570	0.036763
3.890000	0.019548	0.036780
3.900000	0.019527	0.036797
3.910000	0.019505	0.036814
3.920000	0.019484	0.036831
3.930000	0.019463	0.036848
3.940000	0.019441	0.036865
3.950000	0.019420	0.036881
3.960000	0.019399	0.036898
3.970000	0.019377	0.036915
3.980000	0.019356	0.036932
3.990000	0.019335	0.036948
4.000000	0.019313	0.036965
4.010000	0.019292	0.036981
4.020000	0.019271	0.036998
4.030000	0.019250	0.037015
4.040000	0.019229	0.037031
4.050000	0.019207	0.037048
4.060000	0.019186	0.037064
4.070000	0.019165	0.037080
4.080000	0.019144	0.037097
4.090000	0.019123	0.037113
4.100000	0.019102	0.037129
4.110000	0.019080	0.037146
4.120000	0.019059	0.037162
4.130000	0.019038	0.037178
4.140000	0.019017	0.037194
4.150000	0.018996	0.037210
4.160000	0.018975	0.037227
4.170000	0.018954	0.037243
4.180000	0.018933	0.037259
4.190000	0.018912	0.037275
4.200000	0.018891	0.037291
4.210000	0.018870	0.037307
4.220000	0.018849	0.037323
4.230000	0.018828	0.037339
4.240000	0.018807	0.037354
4.250000	0.018786	0.037370
4.260000	0.018765	0.037386
4.270000	0.018744	0.037402
4.280000	0.018724	0.037417
4.290000	0.018703	0.037433
4.300000	0.018682	0.037449
4.310000	0.018661	0.037464
4.320000	0.018640	0.037480
4.330000	0.018619	0.037496
4.340000	0.018599	0.037511
4.350000	0.018578	0.037527
4.360000	0.018557	0.037542
4.370000	0.018536	0.037558
4.380000	0.018516	0.037573
4.390000	0.018495	0.037588
4.400000	0.018474	0.037604
4.410000	0.018453	0.037619
4.420000	0.018433	0.037634
4.430000	0.018412	0.037649
4.440000	0.018391	0.037665
4.450000	0.018371	0.037680
4.460000	0.018350	0.037695
4.470000	0.018329	0.037710
4.480000	0.018309	0.037725
4.490000	0.018288	0.037740
4.500000	0.018268	0.037755
4.510000	0.018247	0.037770
4.520000	0.018227	0.037785
4.530000	0.018206	0.037800
4.540000	0.018186	0.037815
4.550000	0.018165	0.037829
4.560000	0.018145	0.037844
4.570000	0.018124	0.037859
4.580000	0.018104	0.037874
4.590000	0.018083	0.037888
4.600000	0.018063	0.037903
4.610000	0.018042	0.037917
4.620000	0.018022	0.037932
4.630000	0.018002	0.037947
4.640000	0.017981	0.037961
4.650000	0.017961	0.037976
4.660000	0.017941	0.037990
4.670000	0.017920	0.038004
4.680000	0.017900	0.038019
4.690000	0.017880	0.038033
4.700000	0.017859	0.038047
4.710000	0.017839	0.038062
4.720000	0.017819	0.038076
4.730000	0.017799	0.038090
4.740000	0.017778	0.038104
4.750000	0.017758	0.038118
4.760000	0.017738	0.038132
4.770000	0.017718	0.038146
4.780000	0.017698	0.038160
4.790000	0.017677	0.038174
4.800000	0.017657	0.038188
4.810000	0.017637	0.038202
4.820000	0.017617	0.038216
4.830000	0.017597	0.038230
4.840000	0.017577	0.038243
4.850000	0.017557	0.038257
4.860000	0.017537	0.038271
4.870000	0.017517	0.038285
4.880000	0.017497	0.038298
4.890000	0.017477	0.038312
4.900000	0.017457	0.038325
4.910000	0.017437	0.038339
4.920000	0.017417	0.038352
4.930000	0.017397	0.038366
4.940000	0.017377	0.038379
4.950000	0.017357	0.038393
4.960000	0.017337	0.038406
4.970000	0.017317	0.038419
4.980000	0.017298	0.038432
4.990000	0.017278	0.038446
5.000000	0.017258	0.038459
5.010000	0.017238	0.038472
5.020000	0.017218	0.038485
5.030000	0.017198	0.038498
5.040000	0.017179	0.038511
5.050000	0.017159	0.038524
5.060000	0.017139	0.038537
5.070000	0.017119	0.038550
5.080000	0.017100	0.038563
5.090000	0.017080	0.038576
5.100000	0.017060	0.038589
5.110000	0.017041	0.038601
5.120000	0.017021	0.038614
5.130000	0.017001	0.038627
5.140000	0.016982	0.038640
5.150000	0.016962	0.038652
5.160000	0.016943	0.038665
5.170000	0.016923	0.038677
5.180000	0.016904	0.038690
5.190000	0.016884	0.038702
5.200000	0.016864	0.038715
5.210000	0.016845	0.038727
5.220000	0.016825	0.038739
5.230000	0.016806	0.038752
5.240000	0.016786	0.038764
5.250000	0.016767	0.038776
5.260000	0.016748	0.038789
5.270000	0.016728	0.038801
5.280000	0.016709	0.038813
5.290000	0.016689	0.038825
5.300000	0.016670	0.038837
5.310000	0.016651	0.038849
5.320000	0.016631	0.038861
5.330000	0.016612	0.038873
5.340000	0.016593	0.038885
5.350000	0.016573	0.038897
5.360000	0.016554	0.038908
5.370000	0.016535	0.038920
5.380000	0.016516	0.038932
5.390000	0.016496	0.038944
5.400000	0.016477	0.038955
5.410000	0.016458	0.038967
5.420000	0.016439	0.038978
5.430000	0.016420	0.038990
5.440000	0.016400	0.039001
5.450000	0.016381	0.039013
5.460000	0.016362	0.039024
5.470000	0.016343	0.039036
5.480000	0.016324	0.039047
5.490000	0.016305	0.039058
5.500000	0.016286	0.039070
5.510000	0.016267	0.039081
5.520000	0.016248	0.039092
5.530000	0.016229	0.039103
5.540000	0.016210	0.039114
5.550000	0.016191	0.039125
5.560000	0.016172	0.039136
5.570000	0.016153	0.039147
5.580000	0.016134	0.039158
5.590000	0.016115	0.039169
5.600000	0.016096	0.039180
5.610000	0.016077	0.039191
5.620000	0.016058	0.039202
5.630000	0.016040	0.039212
5.640000	0.016021	0.039223
5.650000	0.016002	0.039234
5.660000	0.015983	0.039244
5.670000	0.015964	0.039255
5.680000	0.015945	0.039265
5.690000	0.015927	0.039276
5.700000	0.015908	0.039286
5.710000	0.015889	0.039297
5.720000	0.015871	0.039307
5.730000	0.015852	0.039317
5.740000	0.015833	0.039328
5.750000	0.015814	0.039338
5.760000	0.015796	0.039348
5.770000	0.015777	0.039358
5.780000	0.015759	0.039368
5.790000	0.015740	0.039379
5.800000	0.015721	0.039389
5.810000	0.015703	0.039399
5.820000	0.015684	0.039409
5.830000	0.015666	0.039418
5.840000	0.015647	0.039428
5.850000	0.015629	0.039438
5.860000	0.015610	0.039448
5.870000	0.015592	0.039458
5.880000	0.015573	0.039467
5.890000	0.015555	0.039477
5.900000	0.015536	0.039487
5.910000	0.015518	0.039496
5.920000	0.015500	0.039506
5.930000	0.015481	0.039515
5.940000	0.015463	0.039525
5.950000	0.015445	0.039534
5.960000	0.015426	0.039544
5.970000	0.015408	0.039553
5.980000	0.015390	0.039562
5.990000	0.015371	0.039572
6.000000	0.015353	0.039581
6.010000	0.015335	0.039590
6.020000	0.015317	0.039599
6.030000	0.015298	0.039608
6.040000	0.015280	0.039617
6.050000	0.015262	0.039626
6.060000	0.015244	0.039635
6.070000	0.015226	0.039644
6.080000	0.015207	0.039653
6.090000	0.015189	0.039662
6.100000	0.015171	0.039671
6.110000	0.015153	0.039679
6.120000	0.015135	0.039688
6.130000	0.015117	0.039697
6.140000	0.015099	0.039705
6.150000	0.015081	0.039714
6.160000	0.015063	0.039722
6.170000	0.015045	0.039731
6.180000	0.015027	0.039739
6.190000	0.015009	0.039748
6.200000	0.014991	0.039756
6.210000	0.014973	0.039764
6.220000	0.014955	0.039773
6.230000	0.014937	0.039781
6.240000	0.014919	0.039789
6.250000	0.014902	0.039797
6.260000	0.014884	0.039805
6.270000	0.014866	0.039813
6.280000	0.014848	0.039821
6.290000	0.014830	0.039829
6.300000	0.014812	0.039837
6.310000	0.014795	0.039845
6.320000	0.014777	0.039853
6.330000	0.014759	0.039861
6.340000	0.014742	0.039869
6.350000	0.014724	0.039876
6.360000	0.014706	0.039884
6.370000	0.014688	0.039892
6.380000	0.014671	0.039899
6.390000	0.014653	0.039907
6.400000	0.014636	0.039914
6.410000	0.014618	0.039922
6.420000	0.014600	0.039929
6.430000	0.014583	0.039936
6.440000	0.014565	0.039944
6.450000	0.014548	0.039951
6.460000	0.014530	0.039958
6.470000	0.014513	0.039966
6.480000	0.014495	0.039973
6.490000	0.014478	0.039980
6.500000	0.014460	0.039987
6.510000	0.014443	0.039994
6.520000	0.014425	0.040001
6.530000	0.014408	0.040008
6.540000	0.014390	0.040015
6.550000	0.014373	0.040022
6.560000	0.014356	0.040028
6.570000	0.014338	0.040035
6.580000	0.014321	0.040042
6.590000	0.014304	0.040048
6.600000	0.014286	0.040055
6.610000	0.014269	0.040062
6.620000	0.014252	0.040068
6.630000	0.014235	0.040075
6.640000	0.014217	0.040081
6.650000	0.014200	0.040088
6.660000	0.014183	0.040094
6.670000	0.014166	0.040100
6.680000	0.014149	0.040106
6.690000	0.014131	0.040113
6.700000	0.014114	0.040119
6.710000	0.014097	0.040125
6.720000	0.014080	0.040131
6.730000	0.014063	0.040137
6.740000	0.014046	0.040143
6.750000	0.014029	0.040149
6.760000	0.014012	0.040155
6.770000	0.013995	0.040161
6.780000	0.013978	0.040167
6.790000	0.013961	0.040172
6.800000	0.013944	0.040178
6.810000	0.013927	0.040184
6.820000	0.013910	0.040190
6.830000	0.013893	0.040195
6.840000	0.013876	0.040201
6.850000	0.013859	0.040206
6.860000	0.013842	0.040212
6.870000	0.013825	0.040217
6.880000	0.013809	0.040222
6.890000	0.013792	0.040228
6.900000	0.013775	0.040233
6.910000	0.013758	0.040238
6.920000	0.013741	0.040243
6.930000	0.013725	0.040249
6.940000	0.013708	0.040254
6.950000	0.013691	0.040259
6.960000	0.013674	0.040264
6.970000	0.013658	0.040269
6.980000	0.013641	0.040274
6.990000	0.013624	0.040279
7.000000	0.013608	0.040283
7.010000	0.013591	0.040288
7.020000	0.013574	0.040293
7.030000	0.013558	0.040298
7.040000	0.013541	0.040302
7.050000	0.013525	0.040307
7.060000	0.013508	0.040311
7.070000	0.013492	0.040316
7.080000	0.013475	0.040320
7.090000	0.013459	0.040325
7.100000	0.013442	0.040329
7.110000	0.013426	0.040334
7.120000	0.013409	0.040338
7.130000	0.013393	0.040342
7.140000	0.013376	0.040346
7.150000	0.013360	0.040350
7.160000	0.013343	0.040355
7.170000	0.013327	0.040359
7.180000	0.013311	0.040363
7.190000	0.013294	0.040367
7.200000	0.013278	0.040371
7.210000	0.013262	0.040374
7.220000	0.013245	0.040378
7.230000	0.013229	0.040382
7.240000	0.013213	0.040386
7.250000	0.013197	0.040389
7.260000	0.013180	0.040393
7.270000	0.013164	0.040397
7.280000	0.013148	0.040400
7.290000	0.013132	0.040404
7.300000	0.013116	0.040407
7.310000	0.013099	0.040411
7.320000	0.013083	0.040414
7.330000	0.013067	0.040417
7.340000	0.013051	0.040421
7.350000	0.013035	0.040424
7.360000	0.013019	0.040427
7.370000	0.013003	0.040430
7.380000	0.012987	0.040433
7.390000	0.012971	0.040436
7.400000	0.012955	0.040439
7.410000	0.012939	0.040442
7.420000	0.012923	0.040445
7.430000	0.012907	0.040448
7.440000	0.012891	0.040451
7.450000	0.012875	0.040454
7.460000	0.012859	0.040456
7.470000	0.012843	0.040459
7.480000	0.012827	0.040462
7.490000	0.012811	0.040464
7.500000	0.012796	0.040467
7.510000	0.012780	0.040469
7.520000	0.012764	0.040472
7.530000	0.012748	0.040474
7.540000	0.012732	0.040477
7.550000	0.012717	0.040479
7.560000	0.012701	0.040481
7.570000	0.012685	0.040483
7.580000	0.012669	0.040486
7.590000	0.012654	0.040488
7.600000	0.012638	0.040490
7.610000	0.012622	0.040492
7.620000	0.012607	0.040494
7.630000	0.012591	0.040496
7.640000	0.012575	0.040498
7.650000	0.012560	0.040499
7.660000	0.012544	0.040501
7.670000	0.012529	0.040503
7.680000	0.012513	0.040505
7.690000	0.012497	0.040506
7.700000	0.012482	0.040508
7.710000	0.012466	0.040510
7.720000	0.012451	0.040511
7.730000	0.012435	0.040513
7.740000	0.012420	0.040514
7.750000	0.012405	0.040515
7.760000	0.012389	0.040517
7.770000	0.012374	0.040518
7.780000	0.012358	0.040519
7.790000	0.012343	0.040520
7.800000	0.012328	0.040522
7.810000	0.012312	0.040523
7.820000	0.012297	0.040524
7.830000	0.012281	0.040525
7.840000	0.012266	0.040526
7.850000	0.012251	0.040527
7.860000	0.012236	0.040528
7.870000	0.012220	0.040528
7.880000	0.012205	0.040529
7.890000	0.012190	0.040530
7.900000	0.012175	0.040531
7.910000	0.012159	0.040531
7.920000	0.012144	0.040532
7.930000	0.012129	0.040532
7.940000	0.012114	0.040533
7.950000	0.012099	0.040533
7.960000	0.012084	0.040534
7.970000	0.012069	0.040534
7.980000	0.012054	0.040534
7.990000	0.012038	0.040535
8.000000	0.012023	0.040535
8.010000	0.012008	0.040535
8.020000	0.011993	0.040535
8.030000	0.011978	0.040535
8.040000	0.011963	0.040535
8.050000	0.011948	0.040535
8.060000	0.011933	0.040535
8.070000	0.011918	0.040535
8.080000	0.011904	0.040535
8.090000	0.011889	0.040535
8.100000	0.011874	0.040534
8.110000	0.011859	0.040534
8.120000	0.011844	0.040534
8.130000	0.011829	0.040533
8.140000	0.011814	0.040533
8.150000	0.011799	0.040532
8.160000	0.011785	0.040532
8.170000	0.011770	0.040531
8.180000	0.011755	0.040531
8.190000	0.011740	0.040530
8.200000	0.011726	0.040529
8.210000	0.011711	0.040529
8.220000	0.011696	0.040528
8.230000	0.011681	0.040527
8.240000	0.011667	0.040526
8.250000	0.011652	0.040525
8.260000	0.011637	0.040524
8.270000	0.011623	0.040523
8.280000	0.011608	0.040522
8.290000	0.011594	0.040521
8.300000	0.011579	0.040520
8.310000	0.011564	0.040518
8.320000	0.011550	0.040517
8.330000	0.011535	0.040516
8.340000	0.011521	0.040514
8.350000	0.011506	0.040513
8.360000	0.011492	0.040511
8.370000	0.011477	0.040510
8.380000	0.011463	0.040508
8.390000	0.011448	0.040507
8.400000	0.011434	0.040505
8.410000	0.011420	0.040503
8.420000	0.011405	0.040502
8.430000	0.011391	0.040500
8.440000	0.011376	0.040498
8.450000	0.011362	0.040496
8.460000	0.011348	0.040494
8.470000	0.011333	0.040492
8.480000	0.011319	0.040490
8.490000	0.011305	0.040488
8.500000	0.011290	0.040486
8.510000	0.011276	0.040484
8.520000	0.011262	0.040482
8.530000	0.011248	0.040479
8.540000	0.011233	0.040477
8.550000	0.011219	0.040475
8.560000	0.011205	0.040472
8.570000	0.011191	0.040470
8.580000	0.011177	0.040467
8.590000	0.011163	0.040465
8.600000	0.011148	0.040462
8.610000	0.011134	0.040459
8.620000	0.011120	0.040457
8.630000	0.011106	0.040454
8.640000	0.011092	0.040451
8.650000	0.011078	0.040448
8.660000	0.011064	0.040446
8.670000	0.011050	0.040443
8.680000	0.011036	0.040440
8.690000	0.011022	0.040437
8.700000	0.011008	0.040434
8.710000	0.010994	0.040430
8.720000	0.010980	0.040427
8.730000	0.010966	0.040424
8.740000	0.010952	0.040421
8.750000	0.010938	0.040418
8.760000	0.010925	0.040414
8.770000	0.010911	0.040411
8.780000	0.010897	0.040407
8.790000	0.010883	0.040404
8.800000	0.010869	0.040400
8.810000	0.010855	0.040397
8.820000	0.010842	0.040393
8.830000	0.010828	0.040389
8.840000	0.010814	0.040386
8.850000	0.010800	0.040382
8.860000	0.010786	0.040378
8.870000	0.010773	0.040374
8.880000	0.010759	0.040370
8.890000	0.010745	0.040366
8.900000	0.010732	0.040362
8.910000	0.010718	0.040358
8.920000	0.010704	0.040354
8.930000	0.010691	0.040350
8.940000	0.010677	0.040346
8.950000	0.010664	0.040342
8.960000	0.010650	0.040337
8.970000	0.010636	0.040333
8.980000	0.010623	0.040329
8.990000	0.010609	0.040324
9.000000	0.010596	0.040320
9.010000	0.010582	0.040315
9.020000	0.010569	0.040311
9.030000	0.010555	0.040306
9.040000	0.010542	0.040302
9.050000	0.010528	0.040297
9.060000	0.010515	0.040292
9.070000	0.010502	0.040287
9.080000	0.010488	0.040283
9.090000	0.010475	0.040278
9.100000	0.010461	0.040273
9.110000	0.010448	0.040268
9.120000	0.010435	0.040263
9.130000	0.010421	0.040258
9.140000	0.010408	0.040253
9.150000	0.010395	0.040247
9.160000	0.010381	0.040242
9.170000	0.010368	0.040237
9.180000	0.010355	0.040232
9.190000	0.010342	0.040226
9.200000	0.010328	0.040221
9.210000	0.010315	0.040215
9.220000	0.010302	0.040210
9.230000	0.010289	0.040204
9.240000	0.010276	0.040199
9.250000	0.010262	0.040193
9.260000	0.010249	0.040188
9.270000	0.010236	0.040182
9.280000	0.010223	0.040176
9.290000	0.010210	0.040170
9.300000	0.010197	0.040164
9.310000	0.010184	0.040159
9.320000	0.010171	0.040153
9.330000	0.010158	0.040147
9.340000	0.010145	0.040141
9.350000	0.010132	0.040134
9.360000	0.010119	0.040128
9.370000	0.010106	0.040122
9.380000	0.010093	0.040116
9.390000	0.010080	0.040110
9.400000	0.010067	0.040103
9.410000	0.010054	0.040097
9.420000	0.010041	0.040091
9.430000	0.010028	0.040084
9.440000	0.010015	0.040078
9.450000	0.010002	0.040071
9.460000	0.009990	0.040065
9.470000	0.009977	0.040058
9.480000	0.009964	0.040051
9.490000	0.009951	0.040044
9.500000	0.009938	0.040038
9.510000	0.009925	0.040031
9.520000	0.009913	0.040024
9.530000	0.009900	0.040017
9.540000	0.009887	0.040010
9.550000	0.009874	0.040003
9.560000	0.009862	0.039996
9.570000	0.009849	0.039989
9.580000	0.009836	0.039982
9.590000	0.009824	0.039975
9.600000	0.009811	0.039967
9.610000	0.009798	0.039960
9.620000	0.009786	0.039953
9.630000	0.009773	0.039946
9.640000	0.009761	0.039938
9.650000	0.009748	0.039931
9.660000	0.009735	0.039923
9.670000	0.009723	0.039916
9.680000	0.009710	0.039908
9.690000	0.009698	0.039900
9.700000	0.009685	0.039893
9.710000	0.009673	0.039885
9.720000	0.009660	0.039877
9.730000	0.009648	0.039869
9.740000	0.009635	0.039862
9.750000	0.009623	0.039854
9.760000	0.009611	0.039846
9.770000	0.009598	0.039838
9.780000	0.009586	0.039830
9.790000	0.009573	0.039822
9.800000	0.009561	0.039813
9.810000	0.009549	0.039805
9.820000	0.009536	0.039797
9.830000	0.009524	0.039789
9.840000	0.009512	0.039780
9.850000	0.009499	0.039772
9.860000	0.009487	0.039764
9.870000	0.009475	0.039755
9.880000	0.009463	0.039747
9.890000	0.009450	0.039738
9.900000	0.009438	0.039730
9.910000	0.009426	0.039721
9.920000	0.009414	0.039712
9.930000	0.009401	0.039704
9.940000	0.009389	0.039695
9.950000	0.009377	0.039686
9.960000	0.009365	0.039677
9.970000	0.009353	0.039668
9.980000	0.009341	0.039659
9.990000	0.009329	0.039650
10.000000	0.009317	0.039641
