-10.000000	0.007159	0.038363
-9.990000	0.007169	0.038363
-9.980000	0.007178	0.038364
-9.970000	0.007188	0.038364
-9.960000	0.007198	0.038365
-9.950000	0.007208	0.038365
-9.940000	0.007217	0.038366
-9.930000	0.007227	0.038366
-9.920000	0.007237	0.038367
-9.910000	0.007247	0.038367
-9.900000	0.007257	0.038367
-9.890000	0.007267	0.038368
-9.880000	0.007276	0.038368
-9.870000	0.007286	0.038368
-9.860000	0.007296	0.038368
-9.850000	0.007306	0.038368
-9.840000	0.007316	0.038368
-9.830000	0.007326	0.038368
-9.820000	0.007336	0.038368
-9.810000	0.007346	0.038368
-9.800000	0.007356	0.038368
-9.790000	0.007366	0.038368
-9.780000	0.007376	0.038368
-9.770000	0.007386	0.038368
-9.760000	0.007396	0.038368
-9.750000	0.007406	0.038367
-9.740000	0.007416	0.038367
-9.730000	0.007426	0.038367
-9.720000	0.007436	0.038366
-9.710000	0.007446	0.038366
-9.700000	0.007456	0.038365
-9.690000	0.007466	0.038365
-9.680000	0.007477	0.038364
-9.670000	0.007487	0.038364
-9.660000	0.007497	0.038363
-9.650000	0.007507	0.038362
-9.640000	0.007517	0.038362
-9.630000	0.007527	0.038361
-9.620000	0.007538	0.038360
-9.610000	0.007548	0.038359
-9.600000	0.007558	0.038359
-9.590000	0.007568	0.038358
-9.580000	0.007578	0.038357
-9.570000	0.007589	0.038356
-9.560000	0.007599	0.038355
-9.550000	0.007609	0.038354
-9.540000	0.007620	0.038353
-9.530000	0.007630	0.038351
-9.520000	0.007640	0.038350
-9.510000	0.007651	0.038349
-9.500000	0.007661	0.038348
-9.490000	0.007671	0.038347
-9.480000	0.007682	0.038345
-9.470000	0.007692	0.038344
-9.460000	0.007702	0.038342
-9.450000	0.007713	0.038341
-9.440000	0.007723	0.038340
-9.430000	0.007734	0.038338
-9.420000	0.007744	0.038336
-9.410000	0.007755	0.038335
-9.400000	0.007765	0.038333
-9.390000	0.007776	0.038332
-9.380000	0.007786	0.038330
-9.370000	0.007797	0.038328
-9.360000	0.007807	0.038326
-9.350000	0.007818	0.038324
-9.340000	0.007828	0.038323
-9.330000	0.007839	0.038321
-9.320000	0.007850	0.038319
-9.310000	0.007860	0.038317
-9.300000	0.007871	0.038315
-9.290000	0.007881	0.038313
-9.280000	0.007892	0.038311
-9.270000	0.007903	0.038308
-9.260000	0.007913	0.038306
-9.250000	0.007924	0.038304
-9.240000	0.007935	0.038302
-9.230000	0.007946	0.038299
-9.220000	0.007956	0.038297
-9.210000	0.007967	0.038295
-9.200000	0.007978	0.038292
-9.190000	0.007989	0.038290
-9.180000	0.007999	0.038287
-9.170000	0.008010	0.038285
-9.160000	0.008021	0.038282
-9.150000	0.008032	0.038280
-9.140000	0.008043	0.038277
-9.130000	0.008053	0.038274
-9.120000	0.008064	0.038272
-9.110000	0.008075	0.038269
-9.100000	0.008086	0.038266
-9.090000	0.008097	0.038263
-9.080000	0.008108	0.038260
-9.070000	0.008119	0.038257
-9.060000	0.008130	0.038254
-9.050000	0.008141	0.038251
-9.040000	0.008152	0.038248
-9.030000	0.008163	0.038245
-9.020000	0.008174	0.038242
-9.010000	0.008185	0.038239
-9.000000	0.008196	0.038236
-8.990000	0.008207	0.038233
-8.980000	0.008218	0.038229
-8.970000	0.008229	0.038226
-8.960000	0.008240	0.038223
-8.950000	0.008251	0.038219
-8.940000	0.008262	0.038216
-8.930000	0.008273	0.038213
-8.920000	0.008284	0.038209
-8.910000	0.008295	0.038205
-8.900000	0.008307	0.038202
-8.890000	0.008318	0.038198
-8.880000	0.008329	0.038195
-8.870000	0.008340	0.038191
-8.860000	0.008351	0.038187
-8.850000	0.008363	0.038183
-8.840000	0.008374	0.038180
-8.830000	0.008385	0.038176
-8.820000	0.008396	0.038172
-8.810000	0.008408	0.038168
-8.800000	0.008419	0.038164
-8.790000	0.008430	0.038160
-8.780000	0.008442	0.038156
-8.770000	0.008453	0.038152
-8.760000	0.008464	0.038148
-8.750000	0.008476	0.038144
-8.740000	0.008487	0.038140
-8.730000	0.008498	0.038135
-8.720000	0.008510	0.038131
-8.710000	0.008521	0.038127
-8.700000	0.008533	0.038122
-8.690000	0.008544	0.038118
-8.680000	0.008556	0.038114
-8.670000	0.008567	0.038109
-8.660000	0.008579	0.038105
-8.650000	0.008590	0.038100
-8.640000	0.008602	0.038096
-8.630000	0.008613	0.038091
-8.620000	0.008625	0.038086
-8.610000	0.008636	0.038082
-8.600000	0.008648	0.038077
-8.590000	0.008659	0.038072
-8.580000	0.008671	0.038067
-8.570000	0.008683	0.038063
-8.560000	0.008694	0.038058
-8.550000	0.008706	0.038053
-8.540000	0.008718	0.038048
-8.530000	0.008729	0.038043
-8.520000	0.008741	0.038038
-8.510000	0.008753	0.038033
-8.500000	0.008764	0.038028
-8.490000	0.008776	0.038022
-8.480000	0.008788	0.038017
-8.470000	0.008800	0.038012
-8.460000	0.008811	0.038007
-8.450000	0.008823	0.038002
-8.440000	0.008835	0.037996
-8.430000	0.008847	0.037991
-8.420000	0.008859	0.037985
-8.410000	0.008870	0.037980
-8.400000	0.008882	0.037975
-8.390000	0.008894	0.037969
-8.380000	0.008906	0.037963
-8.370000	0.008918	0.037958
-8.360000	0.008930	0.037952
-8.350000	0.008942	0.037947
-8.340000	0.008954	0.037941
-8.330000	0.008966	0.037935
-8.320000	0.008978	0.037929
-8.310000	0.008990	0.037924
-8.300000	0.009002	0.037918
-8.290000	0.009014	0.037912
-8.280000	0.009026	0.037906
-8.270000	0.009038	0.037900
-8.260000	0.009050	0.037894
-8.250000	0.009062	0.037888
-8.240000	0.009074	0.037882
-8.230000	0.009086	0.037876
-8.220000	0.009098	0.037870
-8.210000	0.009110	0.037863
-8.200000	0.009122	0.037857
-8.190000	0.009135	0.037851
-8.180000	0.009147	0.037845
-8.170000	0.009159	0.037838
-8.160000	0.009171	0.037832
-8.150000	0.009183	0.037825
-8.140000	0.009196	0.037819
-8.130000	0.009208	0.037812
-8.120000	0.009220	0.037806
-8.110000	0.009232	0.037799
-8.100000	0.009245	0.037793
-8.090000	0.009257	0.037786
-8.080000	0.009269	0.037779
-8.070000	0.009282	0.037773
-8.060000	0.009294	0.037766
-8.050000	0.009306	0.037759
-8.040000	0.009319	0.037752
-8.030000	0.009331	0.037746
-8.020000	0.009343	0.037739
-8.010000	0.009356	0.037732
-8.000000	0.009368	0.037725
-7.990000	0.009381	0.037718
-7.980000	0.009393	0.037711
-7.970000	0.009406	0.037704
-7.960000	0.009418	0.037696
-7.950000	0.009431	0.037689
-7.940000	0.009443	0.037682
-7.930000	0.009456	0.037675
-7.920000	0.009468	0.037668
-7.910000	0.009481	0.037660
-7.900000	0.009493	0.037653
-7.890000	0.009506	0.037646
-7.880000	0.009519	0.037638
-7.870000	0.009531	0.037631
-7.860000	0.009544	0.037623
-7.850000	0.009557	0.037616
-7.840000	0.009569	0.037608
-7.830000	0.009582	0.037601
-7.820000	0.009595	0.037593
-7.810000	0.009607	0.037585
-7.800000	0.009620	0.037578
-7.790000	0.009633	0.037570
-7.780000	0.009646	0.037562
-7.770000	0.009658	0.037554
-7.760000	0.009671	0.037546
-7.750000	0.009684	0.037539
-7.740000	0.009697	0.037531
-7.730000	0.009710	0.037523
-7.720000	0.009722	0.037515
-7.710000	0.009735	0.037507
-7.700000	0.009748	0.037499
-7.690000	0.009761	0.037490
-7.680000	0.009774	0.037482
-7.670000	0.009787	0.037474
-7.660000	0.009800	0.037466
-7.650000	0.009813	0.037458
-7.640000	0.009826	0.037449
-7.630000	0.009839	0.037441
-7.620000	0.009852	0.037433
-7.610000	0.009865	0.037424
-7.600000	0.009878	0.037416
-7.590000	0.009891	0.037407
-7.580000	0.009904	0.037399
-7.570000	0.009917	0.037390
-7.560000	0.009930	0.037382
-7.550000	0.009943	0.037373
-7.540000	0.009956	0.037365
-7.530000	0.009969	0.037356
-7.520000	0.009982	0.037347
-7.510000	0.009996	0.037338
-7.500000	0.010009	0.037330
-7.490000	0.010022	0.037321
-7.480000	0.010035	0.037312
-7.470000	0.010048	0.037303
-7.460000	0.010062	0.037294
-7.450000	0.010075	0.037285
-7.440000	0.010088	0.037276
-7.430000	0.010101	0.037267
-7.420000	0.010115	0.037258
-7.410000	0.010128	0.037249
-7.400000	0.010141	0.037240
-7.390000	0.010155	0.037231
-7.380000	0.010168	0.037222
-7.370000	0.010181	0.037212
-7.360000	0.010195	0.037203
-7.350000	0.010208	0.037194
-7.340000	0.010222	0.037184
-7.330000	0.010235	0.037175
-7.320000	0.010248	0.037166
-7.310000	0.010262	0.037156
-7.300000	0.010275	0.037147
-7.290000	0.010289	0.037137
-7.280000	0.010302	0.037128
-7.270000	0.010316	0.037118
-7.260000	0.010329	0.037108
-7.250000	0.010343	0.037099
-7.240000	0.010356	0.037089
-7.230000	0.010370	0.037079
-7.220000	0.010384	0.037069
-7.210000	0.010397	0.037060
-7.200000	0.010411	0.037050
-7.190000	0.010425	0.037040
-7.180000	0.010438	0.037030
-7.170000	0.010452	0.037020
-7.160000	0.010466	0.037010
-7.150000	0.010479	0.037000
-7.140000	0.010493	0.036990
-7.130000	0.010507	0.036980
-7.120000	0.010520	0.036970
-7.110000	0.010534	0.036960
-7.100000	0.010548	0.036950
-7.090000	0.010562	0.036939
-7.080000	0.010576	0.036929
-7.070000	0.010589	0.036919
-7.060000	0.010603	0.036908
-7.050000	0.010617	0.036898
-7.040000	0.010631	0.036888
-7.030000	0.010645	0.036877
-7.020000	0.010659	0.036867
-7.010000	0.010673	0.036856
-7.000000	0.010686	0.036846
-6.990000	0.010700	0.036835
-6.980000	0.010714	0.036825
-6.970000	0.010728	0.036814
-6.960000	0.010742	0.036803
-6.950000	0.010756	0.036793
-6.940000	0.010770	0.036782
-6.930000	0.010784	0.036771
-6.920000	0.010798	0.036760
-6.910000	0.010813	0.036750
-6.900000	0.010827	0.036739
-6.890000	0.010841	0.036728
-6.880000	0.010855	0.036717
-6.870000	0.010869	0.036706
-6.860000	0.010883	0.036695
-6.850000	0.010897	0.036684
-6.840000	0.010911	0.036673
-6.830000	0.010926	0.036662
-6.820000	0.010940	0.036651
-6.810000	0.010954	0.036639
-6.800000	0.010968	0.036628
-6.790000	0.010982	0.036617
-6.780000	0.010997	0.036606
-6.770000	0.011011	0.036594
-6.760000	0.011025	0.036583
-6.750000	0.011040	0.036572
-6.740000	0.011054	0.036560
-6.730000	0.011068	0.036549
-6.720000	0.011083	0.036537
-6.710000	0.011097	0.036526
-6.700000	0.011111	0.036514
-6.690000	0.011126	0.036503
-6.680000	0.011140	0.036491
-6.670000	0.011155	0.036480
-6.660000	0.011169	0.036468
-6.650000	0.011184	0.036456
-6.640000	0.011198	0.036445
-6.630000	0.011212	0.036433
-6.620000	0.011227	0.036421
-6.610000	0.011242	0.036409
-6.600000	0.011256	0.036397
-6.590000	0.011271	0.036385
-6.580000	0.011285	0.036373
-6.570000	0.011300	0.036362
-6.560000	0.011314	0.036350
-6.550000	0.011329	0.036338
-6.540000	0.011344	0.036325
-6.530000	0.011358	0.036313
-6.520000	0.011373	0.036301
-6.510000	0.011388	0.036289
-6.500000	0.011402	0.036277
-6.490000	0.011417	0.036265
-6.480000	0.011432	0.036253
-6.470000	0.011446	0.036240
-6.460000	0.011461	0.036228
-6.450000	0.011476	0.036216
-6.440000	0.011491	0.036203
-6.430000	0.011506	0.036191
-6.420000	0.011520	0.036178
-6.410000	0.011535	0.036166
-6.400000	0.011550	0.036153
-6.390000	0.011565	0.036141
-6.380000	0.011580	0.036128
-6.370000	0.011595	0.036116
-6.360000	0.011610	0.036103
-6.350000	0.011625	0.036090
-6.340000	0.011639	0.036078
-6.330000	0.011654	0.036065
-6.320000	0.011669	0.036052
-6.310000	0.011684	0.036039
-6.300000	0.011699	0.036027
-6.290000	0.011714	0.036014
-6.280000	0.011729	0.036001
-6.270000	0.011744	0.035988
-6.260000	0.011760	0.035975
-6.250000	0.011775	0.035962
-6.240000	0.011790	0.035949
-6.230000	0.011805	0.035936
-6.220000	0.011820	0.035923
-6.210000	0.011835	0.035910
-6.200000	0.011850	0.035897
-6.190000	0.011865	0.035884
-6.180000	0.011881	0.035870
-6.170000	0.011896	0.035857
-6.160000	0.011911	0.035844
-6.150000	0.011926	0.035831
-6.140000	0.011942	0.035817
-6.130000	0.011957	0.035804
-6.120000	0.011972	0.035791
-6.110000	0.011987	0.035777
-6.100000	0.012003	0.035764
-6.090000	0.012018	0.035750
-6.080000	0.012033	0.035737
-6.070000	0.012049	0.035723
-6.060000	0.012064	0.035710
-6.050000	0.012079	0.035696
-6.040000	0.012095	0.035683
-6.030000	0.012110	0.035669
-6.020000	0.012126	0.035655
-6.010000	0.012141	0.035642
-6.000000	0.012157	0.035628
-5.990000	0.012172	0.035614
-5.980000	0.012188	0.035600
-5.970000	0.012203	0.035586
-5.960000	0.012219	0.035573
-5.950000	0.012234	0.035559
-5.940000	0.012250	0.035545
-5.930000	0.012265	0.035531
-5.920000	0.012281	0.035517
-5.910000	0.012296	0.035503
-5.900000	0.012312	0.035489
-5.890000	0.012328	0.035475
-5.880000	0.012343	0.035461
-5.870000	0.012359	0.035447
-5.860000	0.012375	0.035432
-5.850000	0.012390	0.035418
-5.840000	0.012406	0.035404
-5.830000	0.012422	0.035390
-5.820000	0.012438	0.035375
-5.810000	0.012453	0.035361
-5.800000	0.012469	0.035347
-5.790000	0.012485	0.035332
-5.780000	0.012501	0.035318
-5.770000	0.012517	0.035304
-5.760000	0.012532	0.035289
-5.750000	0.012548	0.035275
-5.740000	0.012564	0.035260
-5.730000	0.012580	0.035246
-5.720000	0.012596	0.035231
-5.710000	0.012612	0.035217
-5.700000	0.012628	0.035202
-5.690000	0.012644	0.035187
-5.680000	0.012660	0.035173
-5.670000	0.012676	0.035158
-5.660000	0.012692	0.035143
-5.650000	0.012708	0.035128
-5.640000	0.012724	0.035114
-5.630000	0.012740	0.035099
-5.620000	0.012756	0.035084
-5.610000	0.012772	0.035069
-5.600000	0.012788	0.035054
-5.590000	0.012804	0.035039
-5.580000	0.012820	0.035024
-5.570000	0.012836	0.035009
-5.560000	0.012852	0.034994
-5.550000	0.012869	0.034979
-5.540000	0.012885	0.034964
-5.530000	0.012901	0.034949
-5.520000	0.012917	0.034934
-5.510000	0.012933	0.034919
-5.500000	0.012950	0.034904
-5.490000	0.012966	0.034888
-5.480000	0.012982	0.034873
-5.470000	0.012998	0.034858
-5.460000	0.013015	0.034843
-5.450000	0.013031	0.034827
-5.440000	0.013047	0.034812
-5.430000	0.013064	0.034797
-5.420000	0.013080	0.034781
-5.410000	0.013096	0.034766
-5.400000	0.013113	0.034750
-5.390000	0.013129	0.034735
-5.380000	0.013146	0.034719
-5.370000	0.013162	0.034704
-5.360000	0.013179	0.034688
-5.350000	0.013195	0.034673
-5.340000	0.013211	0.034657
-5.330000	0.013228	0.034641
-5.320000	0.013245	0.034626
-5.310000	0.013261	0.034610
-5.300000	0.013278	0.034594
-5.290000	0.013294	0.034578
-5.280000	0.013311	0.034563
-5.270000	0.013327	0.034547
-5.260000	0.013344	0.034531
-5.250000	0.013361	0.034515
-5.240000	0.013377	0.034499
-5.230000	0.013394	0.034483
-5.220000	0.013410	0.034467
-5.210000	0.013427	0.034451
-5.200000	0.013444	0.034435
-5.190000	0.013461	0.034419
-5.180000	0.013477	0.034403
-5.170000	0.013494	0.034387
-5.160000	0.013511	0.034371
-5.150000	0.013528	0.034355
-5.140000	0.013544	0.034339
-5.130000	0.013561	0.034323
-5.120000	0.013578	0.034307
-5.110000	0.013595	0.034290
-5.100000	0.013612	0.034274
-5.090000	0.013629	0.034258
-5.080000	0.013645	0.034242
-5.070000	0.013662	0.034225
-5.060000	0.013679	0.034209
-5.050000	0.013696	0.034192
-5.040000	0.013713	0.034176
-5.030000	0.013730	0.034160
-5.020000	0.013747	0.034143
-5.010000	0.013764	0.034127
-5.000000	0.013781	0.034110
-4.990000	0.013798	0.034094
-4.980000	0.013815	0.034077
-4.970000	0.013832	0.034061
-4.960000	0.013849	0.034044
-4.950000	0.013866	0.034027
-4.940000	0.013883	0.034011
-4.930000	0.013900	0.033994
-4.920000	0.013918	0.033977
-4.910000	0.013935	0.033960
-4.900000	0.013952	0.033944
-4.890000	0.013969	0.033927
-4.880000	0.013986	0.033910
-4.870000	0.014003	0.033893
-4.860000	0.014021	0.033876
-4.850000	0.014038	0.033860
-4.840000	0.014055	0.033843
-4.830000	0.014072	0.033826
-4.820000	0.014090	0.033809
-4.810000	0.014107	0.033792
-4.800000	0.014124	0.033775
-4.790000	0.014142	0.033758
-4.780000	0.014159	0.033741
-4.770000	0.014176	0.033724
-4.760000	0.014194	0.033707
-4.750000	0.014211	0.033689
-4.740000	0.014228	0.033672
-4.730000	0.014246	0.033655
-4.720000	0.014263	0.033638
-4.710000	0.014281	0.033621
-4.700000	0.014298	0.033603
-4.690000	0.014316	0.033586
-4.680000	0.014333	0.033569
-4.670000	0.014351	0.033552
-4.660000	0.014368	0.033534
-4.650000	0.014386	0.033517
-4.640000	0.014403	0.033499
-4.630000	0.014421	0.033482
-4.620000	0.014438	0.033465
-4.610000	0.014456	0.033447
-4.600000	0.014474	0.033430
-4.590000	0.014491	0.033412
-4.580000	0.014509	0.033395
-4.570000	0.014526	0.033377
-4.560000	0.014544	0.033360
-4.550000	0.014562	0.033342
-4.540000	0.014579	0.033324
-4.530000	0.014597	0.033307
-4.520000	0.014615	0.033289
-4.510000	0.014633	0.033271
-4.500000	0.014650	0.033254
-4.490000	0.014668	0.033236
-4.480000	0.014686	0.033218
-4.470000	0.014704	0.033200
-4.460000	0.014722	0.033183
-4.450000	0.014739	0.033165
-4.440000	0.014757	0.033147
-4.430000	0.014775	0.033129
-4.420000	0.014793	0.033111
-4.410000	0.014811	0.033093
-4.400000	0.014829	0.033075
-4.390000	0.014847	0.033057
-4.380000	0.014865	0.033039
-4.370000	0.014883	0.033021
-4.360000	0.014900	0.033003
-4.350000	0.014918	0.032985
-4.340000	0.014936	0.032967
-4.330000	0.014954	0.032949
-4.320000	0.014972	0.032931
-4.310000	0.014990	0.032913
-4.300000	0.015009	0.032895
-4.290000	0.015027	0.032877
-4.280000	0.015045	0.032859
-4.270000	0.015063	0.032840
-4.260000	0.015081	0.032822
-4.250000	0.015099	0.032804
-4.240000	0.015117	0.032786
-4.230000	0.015135	0.032767
-4.220000	0.015153	0.032749
-4.210000	0.015172	0.032731
-4.200000	0.015190	0.032712
-4.190000	0.015208	0.032694
-4.180000	0.015226	0.032675
-4.170000	0.015244	0.032657
-4.160000	0.015263	0.032639
-4.150000	0.015281	0.032620
-4.140000	0.015299	0.032602
-4.130000	0.015318	0.032583
-4.120000	0.015336	0.032565
-4.110000	0.015354	0.032546
-4.100000	0.015372	0.032528
-4.090000	0.015391	0.032509
-4.080000	0.015409	0.032490
-4.070000	0.015428	0.032472
-4.060000	0.015446	0.032453
-4.050000	0.015464	0.032434
-4.040000	0.015483	0.032416
-4.030000	0.015501	0.032397
-4.020000	0.015520	0.032378
-4.010000	0.015538	0.032360
-4.000000	0.015557	0.032341
-3.990000	0.015575	0.032322
-3.980000	0.015594	0.032303
-3.970000	0.015612	0.032284
-3.960000	0.015631	0.032266
-3.950000	0.015649	0.032247
-3.940000	0.015668	0.032228
-3.930000	0.015686	0.032209
-3.920000	0.015705	0.032190
-3.910000	0.015724	0.032171
-3.900000	0.015742	0.032152
-3.890000	0.015761	0.032133
-3.880000	0.015779	0.032114
-3.870000	0.015798	0.032095
-3.860000	0.015817	0.032076
-3.850000	0.015835	0.032057
-3.840000	0.015854	0.032038
-3.830000	0.015873	0.032019
-3.820000	0.015892	0.032000
-3.810000	0.015910	0.031981
-3.800000	0.015929	0.031961
-3.790000	0.015948	0.031942
-3.780000	0.015967	0.031923
-3.770000	0.015985	0.031904
-3.760000	0.016004	0.031885
-3.750000	0.016023	0.031865
-3.740000	0.016042	0.031846
-3.730000	0.016061	0.031827
-3.720000	0.016080	0.031807
-3.710000	0.016099	0.031788
-3.700000	0.016117	0.031769
-3.690000	0.016136	0.031749
-3.680000	0.016155	0.031730
-3.670000	0.016174	0.031711
-3.660000	0.016193	0.031691
-3.650000	0.016212	0.031672
-3.640000	0.016231	0.031652
-3.630000	0.016250	0.031633
-3.620000	0.016269	0.031613
-3.610000	0.016288	0.031594
-3.600000	0.016307	0.031574
-3.590000	0.016326	0.031555
-3.580000	0.016345	0.031535
-3.570000	0.016364	0.031516
-3.560000	0.016383	0.031496
-3.550000	0.016403	0.031477
-3.540000	0.016422	0.031457
-3.530000	0.016441	0.031437
-3.520000	0.016460	0.031418
-3.510000	0.016479	0.031398
-3.500000	0.016498	0.031378
-3.490000	0.016517	0.031359
-3.480000	0.016537	0.031339
-3.470000	0.016556	0.031319
-3.460000	0.016575	0.031299
-3.450000	0.016594	0.031280
-3.440000	0.016614	0.031260
-3.430000	0.016633	0.031240
-3.420000	0.016652	0.031220
-3.410000	0.016671	0.031200
-3.400000	0.016691	0.031181
-3.390000	0.016710	0.031161
-3.380000	0.016729	0.031141
-3.370000	0.016749	0.031121
-3.360000	0.016768	0.031101
-3.350000	0.016787	0.031081
-3.340000	0.016807	0.031061
-3.330000	0.016826	0.031041
-3.320000	0.016846	0.031021
-3.310000	0.016865	0.031001
-3.300000	0.016884	0.030981
-3.290000	0.016904	0.030961
-3.280000	0.016923	0.030941
-3.270000	0.016943	0.030921
-3.260000	0.016962	0.030901
-3.250000	0.016982	0.030881
-3.240000	0.017001	0.030861
-3.230000	0.017021	0.030841
-3.220000	0.017040	0.030820
-3.210000	0.017060	0.030800
-3.200000	0.017079	0.030780
-3.190000	0.017099	0.030760
-3.180000	0.017119	0.030740
-3.170000	0.017138	0.030719
-3.160000	0.017158	0.030699
-3.150000	0.017177	0.030679
-3.140000	0.017197	0.030659
-3.130000	0.017217	0.030638
-3.120000	0.017236	0.030618
-3.110000	0.017256	0.030598
-3.100000	0.017276	0.030578
-3.090000	0.017296	0.030557
-3.080000	0.017315	0.030537
-3.070000	0.017335	0.030516
-3.060000	0.017355	0.030496
-3.050000	0.017374	0.030476
-3.040000	0.017394	0.030455
-3.030000	0.017414	0.030435
-3.020000	0.017434	0.030414
-3.010000	0.017454	0.030394
-3.000000	0.017473	0.030374
-2.990000	0.017493	0.030353
-2.980000	0.017513	0.030333
-2.970000	0.017533	0.030312
-2.960000	0.017553	0.030292
-2.950000	0.017573	0.030271
-2.940000	0.017593	0.030250
-2.930000	0.017612	0.030230
-2.920000	0.017632	0.030209
-2.910000	0.017652	0.030189
-2.900000	0.017672	0.030168
-2.890000	0.017692	0.030147
-2.880000	0.017712	0.030127
-2.870000	0.017732	0.030106
-2.860000	0.017752	0.030086
-2.850000	0.017772	0.030065
-2.840000	0.017792	0.030044
-2.830000	0.017812	0.030023
-2.820000	0.017832	0.030003
-2.810000	0.017852	0.029982
-2.800000	0.017872	0.029961
-2.790000	0.017892	0.029941
-2.780000	0.017912	0.029920
-2.770000	0.017933	0.029899
-2.760000	0.017953	0.029878
-2.750000	0.017973	0.029857
-2.740000	0.017993	0.029837
-2.730000	0.018013	0.029816
-2.720000	0.018033	0.029795
-2.710000	0.018053	0.029774
-2.700000	0.018074	0.029753
-2.690000	0.018094	0.029732
-2.680000	0.018114	0.029711
-2.670000	0.018134	0.029691
-2.660000	0.018154	0.029670
-2.650000	0.018175	0.029649
-2.640000	0.018195	0.029628
-2.630000	0.018215	0.029607
-2.620000	0.018235	0.029586
-2.610000	0.018256	0.029565
-2.600000	0.018276	0.029544
-2.590000	0.018296	0.029523
-2.580000	0.018317	0.029502
-2.570000	0.018337	0.029481
-2.560000	0.018357	0.029460
-2.550000	0.018378	0.029439
-2.540000	0.018398	0.029418
-2.530000	0.018418	0.029397
-2.520000	0.018439	0.029376
-2.510000	0.018459	0.029355
-2.500000	0.018480	0.029333
-2.490000	0.018500	0.029312
-2.480000	0.018520	0.029291
-2.470000	0.018541	0.029270
-2.460000	0.018561	0.029249
-2.450000	0.018582	0.029228
-2.440000	0.018602	0.029207
-2.430000	0.018623	0.029185
-2.420000	0.018643	0.029164
-2.410000	0.018664	0.029143
-2.400000	0.018684	0.029122
-2.390000	0.018705	0.029101
-2.380000	0.018725	0.029079
-2.370000	0.018746	0.029058
-2.360000	0.018766	0.029037
-2.350000	0.018787	0.029016
-2.340000	0.018808	0.028994
-2.330000	0.018828	0.028973
-2.320000	0.018849	0.028952
-2.310000	0.018869	0.028930
-2.300000	0.018890	0.028909
-2.290000	0.018911	0.028888
-2.280000	0.018931	0.028867
-2.270000	0.018952	0.028845
-2.260000	0.018973	0.028824
-2.250000	0.018993	0.028802
-2.240000	0.019014	0.028781
-2.230000	0.019035	0.028760
-2.220000	0.019055	0.028738
-2.210000	0.019076	0.028717
-2.200000	0.019097	0.028696
-2.190000	0.019118	0.028674
-2.180000	0.019138	0.028653
-2.170000	0.019159	0.028631
-2.160000	0.019180	0.028610
-2.150000	0.019201	0.028588
-2.140000	0.019222	0.028567
-2.130000	0.019242	0.028545
-2.120000	0.019263	0.028524
-2.110000	0.019284	0.028502
-2.100000	0.019305	0.028481
-2.090000	0.019326	0.028459
-2.080000	0.019347	0.028438
-2.070000	0.019367	0.028416
-2.060000	0.019388	0.028395
-2.050000	0.019409	0.028373
-2.040000	0.019430	0.028352
-2.030000	0.019451	0.028330
-2.020000	0.019472	0.028309
-2.010000	0.019493	0.028287
-2.000000	0.019514	0.028265
-1.990000	0.019535	0.028244
-1.980000	0.019556	0.028222
-1.970000	0.019577	0.028201
-1.960000	0.019598	0.028179
-1.950000	0.019619	0.028157
-1.940000	0.019640	0.028136
-1.930000	0.019661	0.028114
-1.920000	0.019682	0.028092
-1.910000	0.019703	0.028071
-1.900000	0.019724	0.028049
-1.890000	0.019745	0.028027
-1.880000	0.019766	0.028006
-1.870000	0.019787	0.027984
-1.860000	0.019808	0.027962
-1.850000	0.019829	0.027941
-1.840000	0.019850	0.027919
-1.830000	0.019871	0.027897
-1.820000	0.019892	0.027875
-1.810000	0.019913	0.027854
-1.800000	0.019935	0.027832
-1.790000	0.019956	0.027810
-1.780000	0.019977	0.027788
-1.770000	0.019998	0.027767
-1.760000	0.020019	0.027745
-1.750000	0.020040	0.027723
-1.740000	0.020061	0.027701
-1.730000	0.020083	0.027679
-1.720000	0.020104	0.027658
-1.710000	0.020125	0.027636
-1.700000	0.020146	0.027614
-1.690000	0.020168	0.027592
-1.680000	0.020189	0.027570
-1.670000	0.020210	0.027549
-1.660000	0.020231	0.027527
-1.650000	0.020253	0.027505
-1.640000	0.020274	0.027483
-1.630000	0.020295	0.027461
-1.620000	0.020316	0.027439
-1.610000	0.020338	0.027417
-1.600000	0.020359	0.027396
-1.590000	0.020380	0.027374
-1.580000	0.020402	0.027352
-1.570000	0.020423	0.027330
-1.560000	0.020444	0.027308
-1.550000	0.020466	0.027286
-1.540000	0.020487	0.027264
-1.530000	0.020508	0.027242
-1.520000	0.020530	0.027220
-1.510000	0.020551	0.027198
-1.500000	0.020572	0.027176
-1.490000	0.020594	0.027154
-1.480000	0.020615	0.027133
-1.470000	0.020637	0.027111
-1.460000	0.020658	0.027089
-1.450000	0.020680	0.027067
-1.440000	0.020701	0.027045
-1.430000	0.020722	0.027023
-1.420000	0.020744	0.027001
-1.410000	0.020765	0.026979
-1.400000	0.020787	0.026957
-1.390000	0.020808	0.026935
-1.380000	0.020830	0.026913
-1.370000	0.020851	0.026891
-1.360000	0.020873	0.026869
-1.350000	0.020894	0.026847
-1.340000	0.020916	0.026825
-1.330000	0.020937	0.026803
-1.320000	0.020959	0.026781
-1.310000	0.020980	0.026759
-1.300000	0.021002	0.026737
-1.290000	0.021024	0.026714
-1.280000	0.021045	0.026692
-1.270000	0.021067	0.026670
-1.260000	0.021088	0.026648
-1.250000	0.021110	0.026626
-1.240000	0.021131	0.026604
-1.230000	0.021153	0.026582
-1.220000	0.021175	0.026560
-1.210000	0.021196	0.026538
-1.200000	0.021218	0.026516
-1.190000	0.021239	0.026494
-1.180000	0.021261	0.026472
-1.170000	0.021283	0.026450
-1.160000	0.021304	0.026428
-1.150000	0.021326	0.026405
-1.140000	0.021348	0.026383
-1.130000	0.021369	0.026361
-1.120000	0.021391	0.026339
-1.110000	0.021413	0.026317
-1.100000	0.021434	0.026295
-1.090000	0.021456	0.026273
-1.080000	0.021478	0.026251
-1.070000	0.021500	0.026229
-1.060000	0.021521	0.026206
-1.050000	0.021543	0.026184
-1.040000	0.021565	0.026162
-1.030000	0.021586	0.026140
-1.020000	0.021608	0.026118
-1.010000	0.021630	0.026096
-1.000000	0.021652	0.026074
-0.990000	0.021673	0.026051
-0.980000	0.021695	0.026029
-0.970000	0.021717	0.026007
-0.960000	0.021739	0.025985
-0.950000	0.021761	0.025963
-0.940000	0.021782	0.025941
-0.930000	0.021804	0.025918
-0.920000	0.021826	0.025896
-0.910000	0.021848	0.025874
-0.900000	0.021870	0.025852
-0.890000	0.021891	0.025830
-0.880000	0.021913	0.025807
-0.870000	0.021935	0.025785
-0.860000	0.021957	0.025763
-0.850000	0.021979	0.025741
-0.840000	0.022001	0.025719
-0.830000	0.022022	0.025697
-0.820000	0.022044	0.025674
-0.810000	0.022066	0.025652
-0.800000	0.022088	0.025630
-0.790000	0.022110	0.025608
-0.780000	0.022132	0.025586
-0.770000	0.022154	0.025563
-0.760000	0.022176	0.025541
-0.750000	0.022197	0.025519
-0.740000	0.022219	0.025497
-0.730000	0.022241	0.025475
-0.720000	0.022263	0.025452
-0.710000	0.022285	0.025430
-0.700000	0.022307	0.025408
-0.690000	0.022329	0.025386
-0.680000	0.022351	0.025363
-0.670000	0.022373	0.025341
-0.660000	0.022395	0.025319
-0.650000	0.022417	0.025297
-0.640000	0.022439	0.025275
-0.630000	0.022461	0.025252
-0.620000	0.022483	0.025230
-0.610000	0.022505	0.025208
-0.600000	0.022527	0.025186
-0.590000	0.022549	0.025163
-0.580000	0.022571	0.025141
-0.570000	0.022593	0.025119
-0.560000	0.022615	0.025097
-0.550000	0.022637	0.025075
-0.540000	0.022659	0.025052
-0.530000	0.022681	0.025030
-0.520000	0.022703	0.025008
-0.510000	0.022725	0.024986
-0.500000	0.022747	0.024963
-0.490000	0.022769	0.024941
-0.480000	0.022791	0.024919
-0.470000	0.022813	0.024897
-0.460000	0.022835	0.024874
-0.450000	0.022857	0.024852
-0.440000	0.022879	0.024830
-0.430000	0.022901	0.024808
-0.420000	0.022923	0.024786
-0.410000	0.022945	0.024763
-0.400000	0.022967	0.024741
-0.390000	0.022989	0.024719
-0.380000	0.023011	0.024697
-0.370000	0.023033	0.024674
-0.360000	0.023055	0.024652
-0.350000	0.023078	0.024630
-0.340000	0.023100	0.024608
-0.330000	0.023122	0.024585
-0.320000	0.023144	0.024563
-0.310000	0.023166	0.024541
-0.300000	0.023188	0.024519
-0.290000	0.023210	0.024497
-0.280000	0.023232	0.024474
-0.270000	0.023254	0.024452
-0.260000	0.023276	0.024430
-0.250000	0.023299	0.024408
-0.240000	0.023321	0.024385
-0.230000	0.023343	0.024363
-0.220000	0.023365	0.024341
-0.210000	0.023387	0.024319
-0.200000	0.023409	0.024297
-0.190000	0.023431	0.024274
-0.180000	0.023453	0.024252
-0.170000	0.023476	0.024230
-0.160000	0.023498	0.024208
-0.150000	0.023520	0.024185
-0.140000	0.023542	0.024163
-0.130000	0.023564	0.024141
-0.120000	0.023586	0.024119
-0.110000	0.023609	0.024097
-0.100000	0.023631	0.024074
-0.090000	0.023653	0.024052
-0.080000	0.023675	0.024030
-0.070000	0.023697	0.024008
-0.060000	0.023719	0.023986
-0.050000	0.023742	0.023963
-0.040000	0.023764	0.023941
-0.030000	0.023786	0.023919
-0.020000	0.023808	0.023897
-0.010000	0.023830	0.023875
-0.000000	0.023852	0.023852
0.010000	0.023875	0.023830
0.020000	0.023897	0.023808
0.030000	0.023919	0.023786
0.040000	0.023941	0.023764
0.050000	0.023963	0.023742
0.060000	0.023986	0.023719
0.070000	0.024008	0.023697
0.080000	0.024030	0.023675
0.090000	0.024052	0.023653
0.100000	0.024074	0.023631
0.110000	0.024097	0.023609
0.120000	0.024119	0.023586
0.130000	0.024141	0.023564
0.140000	0.024163	0.023542
0.150000	0.024185	0.023520
0.160000	0.024208	0.023498
0.170000	0.024230	0.023476
0.180000	0.024252	0.023453
0.190000	0.024274	0.023431
0.200000	0.024297	0.023409
0.210000	0.024319	0.023387
0.220000	0.024341	0.023365
0.230000	0.024363	0.023343
0.240000	0.024385	0.023321
0.250000	0.024408	0.023299
0.260000	0.024430	0.023276
0.270000	0.024452	0.023254
0.280000	0.024474	0.023232
0.290000	0.024497	0.023210
0.300000	0.024519	0.023188
0.310000	0.024541	0.023166
0.320000	0.024563	0.023144
0.330000	0.024585	0.023122
0.340000	0.024608	0.023100
0.350000	0.024630	0.023078
0.360000	0.024652	0.023055
0.370000	0.024674	0.023033
0.380000	0.024697	0.023011
0.390000	0.024719	0.022989
0.400000	0.024741	0.022967
0.410000	0.024763	0.022945
0.420000	0.024786	0.022923
0.430000	0.024808	0.022901
0.440000	0.024830	0.022879
0.450000	0.024852	0.022857
0.460000	0.024874	0.022835
0.470000	0.024897	0.022813
0.480000	0.024919	0.022791
0.490000	0.024941	0.022769
0.500000	0.024963	0.022747
0.510000	0.024986	0.022725
0.520000	0.025008	0.022703
0.530000	0.025030	0.022681
0.540000	0.025052	0.022659
0.550000	0.025075	0.022637
0.560000	0.025097	0.022615
0.570000	0.025119	0.022593
0.580000	0.025141	0.022571
0.590000	0.025163	0.022549
0.600000	0.025186	0.022527
0.610000	0.025208	0.022505
0.620000	0.025230	0.022483
0.630000	0.025252	0.022461
0.640000	0.025275	0.022439
0.650000	0.025297	0.022417
0.660000	0.025319	0.022395
0.670000	0.025341	0.022373
0.680000	0.025363	0.022351
0.690000	0.025386	0.022329
0.700000	0.025408	0.022307
0.710000	0.025430	0.022285
0.720000	0.025452	0.022263
0.730000	0.025475	0.022241
0.740000	0.025497	0.022219
0.750000	0.025519	0.022197
0.760000	0.025541	0.022176
0.770000	0.025563	0.022154
0.780000	0.025586	0.022132
0.790000	0.025608	0.022110
0.800000	0.025630	0.022088
0.810000	0.025652	0.022066
0.820000	0.025674	0.022044
0.830000	0.025697	0.022022
0.840000	0.025719	0.022001
0.850000	0.025741	0.021979
0.860000	0.025763	0.021957
0.870000	0.025785	0.021935
0.880000	0.025807	0.021913
0.890000	0.025830	0.021891
0.900000	0.025852	0.021870
0.910000	0.025874	0.021848
0.920000	0.025896	0.021826
0.930000	0.025918	0.021804
0.940000	0.025941	0.021782
0.950000	0.025963	0.021761
0.960000	0.025985	0.021739
0.970000	0.026007	0.021717
0.980000	0.026029	0.021695
0.990000	0.026051	0.021673
1.000000	0.026074	0.021652
1.010000	0.026096	0.021630
1.020000	0.026118	0.021608
1.030000	0.026140	0.021586
1.040000	0.026162	0.021565
1.050000	0.026184	0.021543
1.060000	0.026206	0.021521
1.070000	0.026229	0.021500
1.080000	0.026251	0.021478
1.090000	0.026273	0.021456
1.100000	0.026295	0.021434
1.110000	0.026317	0.021413
1.120000	0.026339	0.021391
1.130000	0.026361	0.021369
1.140000	0.026383	0.021348
1.150000	0.026405	0.021326
1.160000	0.026428	0.021304
1.170000	0.026450	0.021283
1.180000	0.026472	0.021261
1.190000	0.026494	0.021239
1.200000	0.026516	0.021218
1.210000	0.026538	0.021196
1.220000	0.026560	0.021175
1.230000	0.026582	0.021153
1.240000	0.026604	0.021131
1.250000	0.026626	0.021110
1.260000	0.026648	0.021088
1.270000	0.026670	0.021067
1.280000	0.026692	0.021045
1.290000	0.026714	0.021024
1.300000	0.026737	0.021002
1.310000	0.026759	0.020980
1.320000	0.026781	0.020959
1.330000	0.026803	0.020937
1.340000	0.026825	0.020916
1.350000	0.026847	0.020894
1.360000	0.026869	0.020873
1.370000	0.026891	0.020851
1.380000	0.026913	0.020830
1.390000	0.026935	0.020808
1.400000	0.026957	0.020787
1.410000	0.026979	0.020765
1.420000	0.027001	0.020744
1.430000	0.027023	0.020722
1.440000	0.027045	0.020701
1.450000	0.027067	0.020680
1.460000	0.027089	0.020658
1.470000	0.027111	0.020637
1.480000	0.027133	0.020615
1.490000	0.027154	0.020594
1.500000	0.027176	0.020572
1.510000	0.027198	0.020551
1.520000	0.027220	0.020530
1.530000	0.027242	0.020508
1.540000	0.027264	0.020487
1.550000	0.027286	0.020466
1.560000	0.027308	0.020444
1.570000	0.027330	0.020423
1.580000	0.027352	0.020402
1.590000	0.027374	0.020380
1.600000	0.027396	0.020359
1.610000	0.027417	0.020338
1.620000	0.027439	0.020316
1.630000	0.027461	0.020295
1.640000	0.027483	0.020274
1.650000	0.027505	0.020253
1.660000	0.027527	0.020231
1.670000	0.027549	0.020210
1.680000	0.027570	0.020189
1.690000	0.027592	0.020168
1.700000	0.027614	0.020146
1.710000	0.027636	0.020125
1.720000	0.027658	0.020104
1.730000	0.027679	0.020083
1.740000	0.027701	0.020061
1.750000	0.027723	0.020040
1.760000	0.027745	0.020019
1.770000	0.027767	0.019998
1.780000	0.027788	0.019977
1.790000	0.027810	0.019956
1.800000	0.027832	0.019935
1.810000	0.027854	0.019913
1.820000	0.027875	0.019892
1.830000	0.027897	0.019871
1.840000	0.027919	0.019850
1.850000	0.027941	0.019829
1.860000	0.027962	0.019808
1.870000	0.027984	0.019787
1.880000	0.028006	0.019766
1.890000	0.028027	0.019745
1.900000	0.028049	0.019724
1.910000	0.028071	0.019703
1.920000	0.028092	0.019682
1.930000	0.028114	0.019661
1.940000	0.028136	0.019640
1.950000	0.028157	0.019619
1.960000	0.028179	0.019598
1.970000	0.028201	0.019577
1.980000	0.028222	0.019556
1.990000	0.028244	0.019535
2.000000	0.028265	0.019514
2.010000	0.028287	0.019493
2.020000	0.028309	0.019472
2.030000	0.028330	0.019451
2.040000	0.028352	0.019430
2.050000	0.028373	0.019409
2.060000	0.028395	0.019388
2.070000	0.028416	0.019367
2.080000	0.028438	0.019347
2.090000	0.028459	0.019326
2.100000	0.028481	0.019305
2.110000	0.028502	0.019284
2.120000	0.028524	0.019263
2.130000	0.028545	0.019242
2.140000	0.028567	0.019222
2.150000	0.028588	0.019201
2.160000	0.028610	0.019180
2.170000	0.028631	0.019159
2.180000	0.028653	0.019138
2.190000	0.028674	0.019118
2.200000	0.028696	0.019097
2.210000	0.028717	0.019076
2.220000	0.028738	0.019055
2.230000	0.028760	0.019035
2.240000	0.028781	0.019014
2.250000	0.028802	0.018993
2.260000	0.028824	0.018973
2.270000	0.028845	0.018952
2.280000	0.028867	0.018931
2.290000	0.028888	0.018911
2.300000	0.028909	0.018890
2.310000	0.028930	0.018869
2.320000	0.028952	0.018849
2.330000	0.028973	0.018828
2.340000	0.028994	0.018808
2.350000	0.029016	0.018787
2.360000	0.029037	0.018766
2.370000	0.029058	0.018746
2.380000	0.029079	0.018725
2.390000	0.029101	0.018705
2.400000	0.029122	0.018684
2.410000	0.029143	0.018664
2.420000	0.029164	0.018643
2.430000	0.029185	0.018623
2.440000	0.029207	0.018602
2.450000	0.029228	0.018582
2.460000	0.029249	0.018561
2.470000	0.029270	0.018541
2.480000	0.029291	0.018520
2.490000	0.029312	0.018500
2.500000	0.029333	0.018480
2.510000	0.029355	0.018459
2.520000	0.029376	0.018439
2.530000	0.029397	0.018418
2.540000	0.029418	0.018398
2.550000	0.029439	0.018378
2.560000	0.029460	0.018357
2.570000	0.029481	0.018337
2.580000	0.029502	0.018317
2.590000	0.029523	0.018296
2.600000	0.029544	0.018276
2.610000	0.029565	0.018256
2.620000	0.029586	0.018235
2.630000	0.029607	0.018215
2.640000	0.029628	0.018195
2.650000	0.029649	0.018175
2.660000	0.029670	0.018154
2.670000	0.029691	0.018134
2.680000	0.029711	0.018114
2.690000	0.029732	0.018094
2.700000	0.029753	0.018074
2.710000	0.029774	0.018053
2.720000	0.029795	0.018033
2.730000	0.029816	0.018013
2.740000	0.029837	0.017993
2.750000	0.029857	0.017973
2.760000	0.029878	0.017953
2.770000	0.029899	0.017933
2.780000	0.029920	0.017912
2.790000	0.029941	0.017892
2.800000	0.029961	0.017872
2.810000	0.029982	0.017852
2.820000	0.030003	0.017832
2.830000	0.030023	0.017812
2.840000	0.030044	0.017792
2.850000	0.030065	0.017772
2.860000	0.030086	0.017752
2.870000	0.030106	0.017732
2.880000	0.030127	0.017712
2.890000	0.030147	0.017692
2.900000	0.030168	0.017672
2.910000	0.030189	0.017652
2.920000	0.030209	0.017632
2.930000	0.030230	0.017612
2.940000	0.030250	0.017593
2.950000	0.030271	0.017573
2.960000	0.030292	0.017553
2.970000	0.030312	0.017533
2.980000	0.030333	0.017513
2.990000	0.030353	0.017493
3.000000	0.030374	0.017473
3.010000	0.030394	0.017454
3.020000	0.030414	0.017434
3.030000	0.030435	0.017414
3.040000	0.030455	0.017394
3.050000	0.030476	0.017374
3.060000	0.030496	0.017355
3.070000	0.030516	0.017335
3.080000	0.030537	0.017315
3.090000	0.030557	0.017296
3.100000	0.030578	0.017276
3.110000	0.030598	0.017256
3.120000	0.030618	0.017236
3.130000	0.030638	0.017217
3.140000	0.030659	0.017197
3.150000	0.030679	0.017177
3.160000	0.030699	0.017158
3.170000	0.030719	0.017138
3.180000	0.030740	0.017119
3.190000	0.030760	0.017099
3.200000	0.030780	0.017079
3.210000	0.030800	0.017060
3.220000	0.030820	0.017040
3.230000	0.030841	0.017021
3.240000	0.030861	0.017001
3.250000	0.030881	0.016982
3.260000	0.030901	0.016962
3.270000	0.030921	0.016943
3.280000	0.030941	0.016923
3.290000	0.030961	0.016904
3.300000	0.030981	0.016884
3.310000	0.031001	0.016865
3.320000	0.031021	0.016846
3.330000	0.031041	0.016826
3.340000	0.031061	0.016807
3.350000	0.031081	0.016787
3.360000	0.031101	0.016768
3.370000	0.031121	0.016749
3.380000	0.031141	0.016729
3.390000	0.031161	0.016710
3.400000	0.031181	0.016691
3.410000	0.031200	0.016671
3.420000	0.031220	0.016652
3.430000	0.031240	0.016633
3.440000	0.031260	0.016614
3.450000	0.031280	0.016594
3.460000	0.031299	0.016575
3.470000	0.031319	0.016556
3.480000	0.031339	0.016537
3.490000	0.031359	0.016517
3.500000	0.031378	0.016498
3.510000	0.031398	0.016479
3.520000	0.031418	0.016460
3.530000	0.031437	0.016441
3.540000	0.031457	0.016422
3.550000	0.031477	0.016403
3.560000	0.031496	0.016383
3.570000	0.031516	0.016364
3.580000	0.031535	0.016345
3.590000	0.031555	0.016326
3.600000	0.031574	0.016307
3.610000	0.031594	0.016288
3.620000	0.031613	0.016269
3.630000	0.031633	0.016250
3.640000	0.031652	0.016231
3.650000	0.031672	0.016212
3.660000	0.031691	0.016193
3.670000	0.031711	0.016174
3.680000	0.031730	0.016155
3.690000	0.031749	0.016136
3.700000	0.031769	0.016117
3.710000	0.031788	0.016099
3.720000	0.031807	0.016080
3.730000	0.031827	0.016061
3.740000	0.031846	0.016042
3.750000	0.031865	0.016023
3.760000	0.031885	0.016004
3.770000	0.031904	0.015985
3.780000	0.031923	0.015967
3.790000	0.031942	0.015948
3.800000	0.031961	0.015929
3.810000	0.031981	0.015910
3.820000	0.032000	0.015892
3.830000	0.032019	0.015873
3.840000	0.032038	0.015854
3.850000	0.032057	0.015835
3.860000	0.032076	0.015817
3.870000	0.032095	0.015798
3.880000	0.032114	0.015779
3.890000	0.032133	0.015761
3.900000	0.032152	0.015742
3.910000	0.032171	0.015724
3.920000	0.032190	0.015705
3.930000	0.032209	0.015686
3.940000	0.032228	0.015668
3.950000	0.032247	0.015649
3.960000	0.032266	0.015631
3.970000	0.032284	0.015612
3.980000	0.032303	0.015594
3.990000	0.032322	0.015575
4.000000	0.032341	0.015557
4.010000	0.032360	0.015538
4.020000	0.032378	0.015520
4.030000	0.032397	0.015501
4.040000	0.032416	0.015483
4.050000	0.032434	0.015464
4.060000	0.032453	0.015446
4.070000	0.032472	0.015428
4.080000	0.032490	0.015409
4.090000	0.032509	0.015391
4.100000	0.032528	0.015372
4.110000	0.032546	0.015354
4.120000	0.032565	0.015336
4.130000	0.032583	0.015318
4.140000	0.032602	0.015299
4.150000	0.032620	0.015281
4.160000	0.032639	0.015263
4.170000	0.032657	0.015244
4.180000	0.032675	0.015226
4.190000	0.032694	0.015208
4.200000	0.032712	0.015190
4.210000	0.032731	0.015172
4.220000	0.032749	0.015153
4.230000	0.032767	0.015135
4.240000	0.032786	0.015117
4.250000	0.032804	0.015099
4.260000	0.032822	0.015081
4.270000	0.032840	0.015063
4.280000	0.032859	0.015045
4.290000	0.032877	0.015027
4.300000	0.032895	0.015009
4.310000	0.032913	0.014990
4.320000	0.032931	0.014972
4.330000	0.032949	0.014954
4.340000	0.032967	0.014936
4.350000	0.032985	0.014918
4.360000	0.033003	0.014900
4.370000	0.033021	0.014883
4.380000	0.033039	0.014865
4.390000	0.033057	0.014847
4.400000	0.033075	0.014829
4.410000	0.033093	0.014811
4.420000	0.033111	0.014793
4.430000	0.033129	0.014775
4.440000	0.033147	0.014757
4.450000	0.033165	0.014739
4.460000	0.033183	0.014722
4.470000	0.033200	0.014704
4.480000	0.033218	0.014686
4.490000	0.033236	0.014668
4.500000	0.033254	0.014650
4.510000	0.033271	0.014633
4.520000	0.033289	0.014615
4.530000	0.033307	0.014597
4.540000	0.033324	0.014579
4.550000	0.033342	0.014562
4.560000	0.033360	0.014544
4.570000	0.033377	0.014526
4.580000	0.033395	0.014509
4.590000	0.033412	0.014491
4.600000	0.033430	0.014474
4.610000	0.033447	0.014456
4.620000	0.033465	0.014438
4.630000	0.033482	0.014421
4.640000	0.033499	0.014403
4.650000	0.033517	0.014386
4.660000	0.033534	0.014368
4.670000	0.033552	0.014351
4.680000	0.033569	0.014333
4.690000	0.033586	0.014316
4.700000	0.033603	0.014298
4.710000	0.033621	0.014281
4.720000	0.033638	0.014263
4.730000	0.033655	0.014246
4.740000	0.033672	0.014228
4.750000	0.033689	0.014211
4.760000	0.033707	0.014194
4.770000	0.033724	0.014176
4.780000	0.033741	0.014159
4.790000	0.033758	0.014142
4.800000	0.033775	0.014124
4.810000	0.033792	0.014107
4.820000	0.033809	0.014090
4.830000	0.033826	0.014072
4.840000	0.033843	0.014055
4.850000	0.033860	0.014038
4.860000	0.033876	0.014021
4.870000	0.033893	0.014003
4.880000	0.033910	0.013986
4.890000	0.033927	0.013969
4.900000	0.033944	0.013952
4.910000	0.033960	0.013935
4.920000	0.033977	0.013918
4.930000	0.033994	0.013900
4.940000	0.034011	0.013883
4.950000	0.034027	0.013866
4.960000	0.034044	0.013849
4.970000	0.034061	0.013832
4.980000	0.034077	0.013815
4.990000	0.034094	0.013798
5.000000	0.034110	0.013781
5.010000	0.034127	0.013764
5.020000	0.034143	0.013747
5.030000	0.034160	0.013730
5.040000	0.034176	0.013713
5.050000	0.034192	0.013696
5.060000	0.034209	0.013679
5.070000	0.034225	0.013662
5.080000	0.034242	0.013645
5.090000	0.034258	0.013629
5.100000	0.034274	0.013612
5.110000	0.034290	0.013595
5.120000	0.034307	0.013578
5.130000	0.034323	0.013561
5.140000	0.034339	0.013544
5.150000	0.034355	0.013528
5.160000	0.034371	0.013511
5.170000	0.034387	0.013494
5.180000	0.034403	0.013477
5.190000	0.034419	0.013461
5.200000	0.034435	0.013444
5.210000	0.034451	0.013427
5.220000	0.034467	0.013410
5.230000	0.034483	0.013394
5.240000	0.034499	0.013377
5.250000	0.034515	0.013361
5.260000	0.034531	0.013344
5.270000	0.034547	0.013327
5.280000	0.034563	0.013311
5.290000	0.034578	0.013294
5.300000	0.034594	0.013278
5.310000	0.034610	0.013261
5.320000	0.034626	0.013245
5.330000	0.034641	0.013228
5.340000	0.034657	0.013211
5.350000	0.034673	0.013195
5.360000	0.034688	0.013179
5.370000	0.034704	0.013162
5.380000	0.034719	0.013146
5.390000	0.034735	0.013129
5.400000	0.034750	0.013113
5.410000	0.034766	0.013096
5.420000	0.034781	0.013080
5.430000	0.034797	0.013064
5.440000	0.034812	0.013047
5.450000	0.034827	0.013031
5.460000	0.034843	0.013015
5.470000	0.034858	0.012998
5.480000	0.034873	0.012982
5.490000	0.034888	0.012966
5.500000	0.034904	0.012950
5.510000	0.034919	0.012933
5.520000	0.034934	0.012917
5.530000	0.034949	0.012901
5.540000	0.034964	0.012885
5.550000	0.034979	0.012869
5.560000	0.034994	0.012852
5.570000	0.035009	0.012836
5.580000	0.035024	0.012820
5.590000	0.035039	0.012804
5.600000	0.035054	0.012788
5.610000	0.035069	0.012772
5.620000	0.035084	0.012756
5.630000	0.035099	0.012740
5.640000	0.035114	0.012724
5.650000	0.035128	0.012708
5.660000	0.035143	0.012692
5.670000	0.035158	0.012676
5.680000	0.035173	0.012660
5.690000	0.035187	0.012644
5.700000	0.035202	0.012628
5.710000	0.035217	0.012612
5.720000	0.035231	0.012596
5.730000	0.035246	0.012580
5.740000	0.035260	0.012564
5.750000	0.035275	0.012548
5.760000	0.035289	0.012532
5.770000	0.035304	0.012517
5.780000	0.035318	0.012501
5.790000	0.035332	0.012485
5.800000	0.035347	0.012469
5.810000	0.035361	0.012453
5.820000	0.035375	0.012438
5.830000	0.035390	0.012422
5.840000	0.035404	0.012406
5.850000	0.035418	0.012390
5.860000	0.035432	0.012375
5.870000	0.035447	0.012359
5.880000	0.035461	0.012343
5.890000	0.035475	0.012328
5.900000	0.035489	0.012312
5.910000	0.035503	0.012296
5.920000	0.035517	0.012281
5.930000	0.035531	0.012265
5.940000	0.035545	0.012250
5.950000	0.035559	0.012234
5.960000	0.035573	0.012219
5.970000	0.035586	0.012203
5.980000	0.035600	0.012188
5.990000	0.035614	0.012172
6.000000	0.035628	0.012157
6.010000	0.035642	0.012141
6.020000	0.035655	0.012126
6.030000	0.035669	0.012110
6.040000	0.035683	0.012095
6.050000	0.035696	0.012079
6.060000	0.035710	0.012064
6.070000	0.035723	0.012049
6.080000	0.035737	0.012033
6.090000	0.035750	0.012018
6.100000	0.035764	0.012003
6.110000	0.035777	0.011987
6.120000	0.035791	0.011972
6.130000	0.035804	0.011957
6.140000	0.035817	0.011942
6.150000	0.035831	0.011926
6.160000	0.035844	0.011911
6.170000	0.035857	0.011896
6.180000	0.035870	0.011881
6.190000	0.035884	0.011865
6.200000	0.035897	0.011850
6.210000	0.035910	0.011835
6.220000	0.035923	0.011820
6.230000	0.035936	0.011805
6.240000	0.035949	0.011790
6.250000	0.035962	0.011775
6.260000	0.035975	0.011760
6.270000	0.035988	0.011744
6.280000	0.036001	0.011729
6.290000	0.036014	0.011714
6.300000	0.036027	0.011699
6.310000	0.036039	0.011684
6.320000	0.036052	0.011669
6.330000	0.036065	0.011654
6.340000	0.036078	0.011639
6.350000	0.036090	0.011625
6.360000	0.036103	0.011610
6.370000	0.036116	0.011595
6.380000	0.036128	0.011580
6.390000	0.036141	0.011565
6.400000	0.036153	0.011550
6.410000	0.036166	0.011535
6.420000	0.036178	0.011520
6.430000	0.036191	0.011506
6.440000	0.036203	0.011491
6.450000	0.036216	0.011476
6.460000	0.036228	0.011461
6.470000	0.036240	0.011446
6.480000	0.036253	0.011432
6.490000	0.036265	0.011417
6.500000	0.036277	0.011402
6.510000	0.036289	0.011388
6.520000	0.036301	0.011373
6.530000	0.036313	0.011358
6.540000	0.036325	0.011344
6.550000	0.036338	0.011329
6.560000	0.036350	0.011314
6.570000	0.036362	0.011300
6.580000	0.036373	0.011285
6.590000	0.036385	0.011271
6.600000	0.036397	0.011256
6.610000	0.036409	0.011242
6.620000	0.036421	0.011227
6.630000	0.036433	0.011212
6.640000	0.036445	0.011198
6.650000	0.036456	0.011184
6.660000	0.036468	0.011169
6.670000	0.036480	0.011155
6.680000	0.036491	0.011140
6.690000	0.036503	0.011126
6.700000	0.036514	0.011111
6.710000	0.036526	0.011097
6.720000	0.036537	0.011083
6.730000	0.036549	0.011068
6.740000	0.036560	0.011054
6.750000	0.036572	0.011040
6.760000	0.036583	0.011025
6.770000	0.036594	0.011011
6.780000	0.036606	0.010997
6.790000	0.036617	0.010982
6.800000	0.036628	0.010968
6.810000	0.036639	0.010954
6.820000	0.036651	0.010940
6.830000	0.036662	0.010926
6.840000	0.036673	0.010911
6.850000	0.036684	0.010897
6.860000	0.036695	0.010883
6.870000	0.036706	0.010869
6.880000	0.036717	0.010855
6.890000	0.036728	0.010841
6.900000	0.036739	0.010827
6.910000	0.036750	0.010813
6.920000	0.036760	0.010798
6.930000	0.036771	0.010784
6.940000	0.036782	0.010770
6.950000	0.036793	0.010756
6.960000	0.036803	0.010742
6.970000	0.036814	0.010728
6.980000	0.036825	0.010714
6.990000	0.036835	0.010700
7.000000	0.036846	0.010686
7.010000	0.036856	0.010673
7.020000	0.036867	0.010659
7.030000	0.036877	0.010645
7.040000	0.036888	0.010631
7.050000	0.036898	0.010617
7.060000	0.036908	0.010603
7.070000	0.036919	0.010589
7.080000	0.036929	0.010576
7.090000	0.036939	0.010562
7.100000	0.036950	0.010548
7.110000	0.036960	0.010534
7.120000	0.036970	0.010520
7.130000	0.036980	0.010507
7.140000	0.036990	0.010493
7.150000	0.037000	0.010479
7.160000	0.037010	0.010466
7.170000	0.037020	0.010452
7.180000	0.037030	0.010438
7.190000	0.037040	0.010425
7.200000	0.037050	0.010411
7.210000	0.037060	0.010397
7.220000	0.037069	0.010384
7.230000	0.037079	0.010370
7.240000	0.037089	0.010356
7.250000	0.037099	0.010343
7.260000	0.037108	0.010329
7.270000	0.037118	0.010316
7.280000	0.037128	0.010302
7.290000	0.037137	0.010289
7.300000	0.037147	0.010275
7.310000	0.037156	0.010262
7.320000	0.037166	0.010248
7.330000	0.037175	0.010235
7.340000	0.037184	0.010222
7.350000	0.037194	0.010208
7.360000	0.037203	0.010195
7.370000	0.037212	0.010181
7.380000	0.037222	0.010168
7.390000	0.037231	0.010155
7.400000	0.037240	0.010141
7.410000	0.037249	0.010128
7.420000	0.037258	0.010115
7.430000	0.037267	0.010101
7.440000	0.037276	0.010088
7.450000	0.037285	0.010075
7.460000	0.037294	0.010062
7.470000	0.037303	0.010048
7.480000	0.037312	0.010035
7.490000	0.037321	0.010022
7.500000	0.037330	0.010009
7.510000	0.037338	0.009996
7.520000	0.037347	0.009982
7.530000	0.037356	0.009969
7.540000	0.037365	0.009956
7.550000	0.037373	0.009943
7.560000	0.037382	0.009930
7.570000	0.037390	0.009917
7.580000	0.037399	0.009904
7.590000	0.037407	0.009891
7.600000	0.037416	0.009878
7.610000	0.037424	0.009865
7.620000	0.037433	0.009852
7.630000	0.037441	0.009839
7.640000	0.037449	0.009826
7.650000	0.037458	0.009813
7.660000	0.037466	0.009800
7.670000	0.037474	0.009787
7.680000	0.037482	0.009774
7.690000	0.037490	0.009761
7.700000	0.037499	0.009748
7.710000	0.037507	0.009735
7.720000	0.037515	0.009722
7.730000	0.037523	0.009710
7.740000	0.037531	0.009697
7.750000	0.037539	0.009684
7.760000	0.037546	0.009671
7.770000	0.037554	0.009658
7.780000	0.037562	0.009646
7.790000	0.037570	0.009633
7.800000	0.037578	0.009620
7.810000	0.037585	0.009607
7.820000	0.037593	0.009595
7.830000	0.037601	0.009582
7.840000	0.037608	0.009569
7.850000	0.037616	0.009557
7.860000	0.037623	0.009544
7.870000	0.037631	0.009531
7.880000	0.037638	0.009519
7.890000	0.037646	0.009506
7.900000	0.037653	0.009493
7.910000	0.037660	0.009481
7.920000	0.037668	0.009468
7.930000	0.037675	0.009456
7.940000	0.037682	0.009443
7.950000	0.037689	0.009431
7.960000	0.037696	0.009418
7.970000	0.037704	0.009406
7.980000	0.037711	0.009393
7.990000	0.037718	0.009381
8.000000	0.037725	0.009368
8.010000	0.037732	0.009356
8.020000	0.037739	0.009343
8.030000	0.037746	0.009331
8.040000	0.037752	0.009319
8.050000	0.037759	0.009306
8.060000	0.037766	0.009294
8.070000	0.037773	0.009282
8.080000	0.037779	0.009269
8.090000	0.037786	0.009257
8.100000	0.037793	0.009245
8.110000	0.037799	0.009232
8.120000	0.037806	0.009220
8.130000	0.037812	0.009208
8.140000	0.037819	0.009196
8.150000	0.037825	0.009183
8.160000	0.037832	0.009171
8.170000	0.037838	0.009159
8.180000	0.037845	0.009147
8.190000	0.037851	0.009135
8.200000	0.037857	0.009122
8.210000	0.037863	0.009110
8.220000	0.037870	0.009098
8.230000	0.037876	0.009086
8.240000	0.037882	0.009074
8.250000	0.037888	0.009062
8.260000	0.037894	0.009050
8.270000	0.037900	0.009038
8.280000	0.037906	0.009026
8.290000	0.037912	0.009014
8.300000	0.037918	0.009002
8.310000	0.037924	0.008990
8.320000	0.037929	0.008978
8.330000	0.037935	0.008966
8.340000	0.037941	0.008954
8.350000	0.037947	0.008942
8.360000	0.037952	0.008930
8.370000	0.037958	0.008918
8.380000	0.037963	0.008906
8.390000	0.037969	0.008894
8.400000	0.037975	0.008882
8.410000	0.037980	0.008870
8.420000	0.037985	0.008859
8.430000	0.037991	0.008847
8.440000	0.037996	0.008835
8.450000	0.038002	0.008823
8.460000	0.038007	0.008811
8.470000	0.038012	0.008800
8.480000	0.038017	0.008788
8.490000	0.038022	0.008776
8.500000	0.038028	0.008764
8.510000	0.038033	0.008753
8.520000	0.038038	0.008741
8.530000	0.038043	0.008729
8.540000	0.038048	0.008718
8.550000	0.038053	0.008706
8.560000	0.038058	0.008694
8.570000	0.038063	0.008683
8.580000	0.038067	0.008671
8.590000	0.038072	0.008659
8.600000	0.038077	0.008648
8.610000	0.038082	0.008636
8.620000	0.038086	0.008625
8.630000	0.038091	0.008613
8.640000	0.038096	0.008602
8.650000	0.038100	0.008590
8.660000	0.038105	0.008579
8.670000	0.038109	0.008567
8.680000	0.038114	0.008556
8.690000	0.038118	0.008544
8.700000	0.038122	0.008533
8.710000	0.038127	0.008521
8.720000	0.038131	0.008510
8.730000	0.038135	0.008498
8.740000	0.038140	0.008487
8.750000	0.038144	0.008476
8.760000	0.038148	0.008464
8.770000	0.038152	0.008453
8.780000	0.038156	0.008442
8.790000	0.038160	0.008430
8.800000	0.038164	0.008419
8.810000	0.038168	0.008408
8.820000	0.038172	0.008396
8.830000	0.038176	0.008385
8.840000	0.038180	0.008374
8.850000	0.038183	0.008363
8.860000	0.038187	0.008351
8.870000	0.038191	0.008340
8.880000	0.038195	0.008329
8.890000	0.038198	0.008318
8.900000	0.038202	0.008307
8.910000	0.038205	0.008295
8.920000	0.038209	0.008284
8.930000	0.038213	0.008273
8.940000	0.038216	0.008262
8.950000	0.038219	0.008251
8.960000	0.038223	0.008240
8.970000	0.038226	0.008229
8.980000	0.038229	0.008218
8.990000	0.038233	0.008207
9.000000	0.038236	0.008196
9.010000	0.038239	0.008185
9.020000	0.038242	0.008174
9.030000	0.038245	0.008163
9.040000	0.038248	0.008152
9.050000	0.038251	0.008141
9.060000	0.038254	0.008130
9.070000	0.038257	0.008119
9.080000	0.038260	0.008108
9.090000	0.038263	0.008097
9.100000	0.038266	0.008086
9.110000	0.038269	0.008075
9.120000	0.038272	0.008064
9.130000	0.038274	0.008053
9.140000	0.038277	0.008043
9.150000	0.038280	0.008032
9.160000	0.038282	0.008021
9.170000	0.038285	0.008010
9.180000	0.038287	0.007999
9.190000	0.038290	0.007989
9.200000	0.038292	0.007978
9.210000	0.038295	0.007967
9.220000	0.038297	0.007956
9.230000	0.038299	0.007946
9.240000	0.038302	0.007935
9.250000	0.038304	0.007924
9.260000	0.038306	0.007913
9.270000	0.038308	0.007903
9.280000	0.038311	0.007892
9.290000	0.038313	0.007881
9.300000	0.038315	0.007871
9.310000	0.038317	0.007860
9.320000	0.038319	0.007850
9.330000	0.038321	0.007839
9.340000	0.038323	0.007828
9.350000	0.038324	0.007818
9.360000	0.038326	0.007807
9.370000	0.038328	0.007797
9.380000	0.038330	0.007786
9.390000	0.038332	0.007776
9.400000	0.038333	0.007765
9.410000	0.038335	0.007755
9.420000	0.038336	0.007744
9.430000	0.038338	0.007734
9.440000	0.038340	0.007723
9.450000	0.038341	0.007713
9.460000	0.038342	0.007702
9.470000	0.038344	0.007692
9.480000	0.038345	0.007682
9.490000	0.038347	0.007671
9.500000	0.038348	0.007661
9.510000	0.038349	0.007651
9.520000	0.038350	0.007640
9.530000	0.038351	0.007630
9.540000	0.038353	0.007620
9.550000	0.038354	0.007609
9.560000	0.038355	0.007599
9.570000	0.038356	0.007589
9.580000	0.038357	0.007578
9.590000	0.038358	0.007568
9.600000	0.038359	0.007558
9.610000	0.038359	0.007548
9.620000	0.038360	0.007538
9.630000	0.038361	0.007527
9.640000	0.038362	0.007517
9.650000	0.038362	0.007507
9.660000	0.038363	0.007497
9.670000	0.038364	0.007487
9.680000	0.038364	0.007477
9.690000	0.038365	0.007466
9.700000	0.038365	0.007456
9.710000	0.038366	0.007446
9.720000	0.038366	0.007436
9.730000	0.038367	0.007426
9.740000	0.038367	0.007416
9.750000	0.038367	0.007406
9.760000	0.038368	0.007396
9.770000	0.038368	0.007386
9.780000	0.038368	0.007376
9.790000	0.038368	0.007366
9.800000	0.038368	0.007356
9.810000	0.038368	0.007346
9.820000	0.038368	0.007336
9.830000	0.038368	0.007326
9.840000	0.038368	0.007316
9.850000	0.038368	0.007306
9.860000	0.038368	0.007296
9.870000	0.038368	0.007286
9.880000	0.038368	0.007276
9.890000	0.038368	0.007267
9.900000	0.038367	0.007257
9.910000	0.038367	0.007247
9.920000	0.038367	0.007237
9.930000	0.038366	0.007227
9.940000	0.038366	0.007217
9.950000	0.038365	0.007208
9.960000	0.038365	0.007198
9.970000	0.038364	0.007188
9.980000	0.038364	0.007178
9.990000	0.038363	0.007169
10.000000	0.038363	0.007159
