-10.000000	0.025084	0.025084
-9.990000	0.025110	0.025110
-9.980000	0.025137	0.025137
-9.970000	0.025164	0.025164
-9.960000	0.025190	0.025190
-9.950000	0.025217	0.025217
-9.940000	0.025244	0.025244
-9.930000	0.025270	0.025270
-9.920000	0.025297	0.025297
-9.910000	0.025324	0.025324
-9.900000	0.025350	0.025350
-9.890000	0.025377	0.025377
-9.880000	0.025404	0.025404
-9.870000	0.025430	0.025430
-9.860000	0.025457	0.025457
-9.850000	0.025483	0.025483
-9.840000	0.025510	0.025510
-9.830000	0.025537	0.025537
-9.820000	0.025563	0.025563
-9.810000	0.025590	0.025590
-9.800000	0.025616	0.025616
-9.790000	0.025643	0.025643
-9.780000	0.025670	0.025670
-9.770000	0.025696	0.025696
-9.760000	0.025723	0.025723
-9.750000	0.025749	0.025749
-9.740000	0.025776	0.025776
-9.730000	0.025802	0.025802
-9.720000	0.025829	0.025829
-9.710000	0.025856	0.025856
-9.700000	0.025882	0.025882
-9.690000	0.025909	0.025909
-9.680000	0.025935	0.025935
-9.670000	0.025962	0.025962
-9.660000	0.025988	0.025988
-9.650000	0.026015	0.026015
-9.640000	0.026041	0.026041
-9.630000	0.026068	0.026068
-9.620000	0.026094	0.026094
-9.610000	0.026121	0.026121
-9.600000	0.026147	0.026147
-9.590000	0.026174	0.026174
-9.580000	0.026200	0.026200
-9.570000	0.026226	0.026226
-9.560000	0.026253	0.026253
-9.550000	0.026279	0.026279
-9.540000	0.026306	0.026306
-9.530000	0.026332	0.026332
-9.520000	0.026359	0.026359
-9.510000	0.026385	0.026385
-9.500000	0.026411	0.026411
-9.490000	0.026438	0.026438
-9.480000	0.026464	0.026464
-9.470000	0.026491	0.026491
-9.460000	0.026517	0.026517
-9.450000	0.026543	0.026543
-9.440000	0.026570	0.026570
-9.430000	0.026596	0.026596
-9.420000	0.026622	0.026622
-9.410000	0.026649	0.026649
-9.400000	0.026675	0.026675
-9.390000	0.026701	0.026701
-9.380000	0.026728	0.026728
-9.370000	0.026754	0.026754
-9.360000	0.026780	0.026780
-9.350000	0.026807	0.026807
-9.340000	0.026833	0.026833
-9.330000	0.026859	0.026859
-9.320000	0.026885	0.026885
-9.310000	0.026912	0.026912
-9.300000	0.026938	0.026938
-9.290000	0.026964	0.026964
-9.280000	0.026990	0.026990
-9.270000	0.027017	0.027017
-9.260000	0.027043	0.027043
-9.250000	0.027069	0.027069
-9.240000	0.027095	0.027095
-9.230000	0.027121	0.027121
-9.220000	0.027148	0.027148
-9.210000	0.027174	0.027174
-9.200000	0.027200	0.027200
-9.190000	0.027226	0.027226
-9.180000	0.027252	0.027252
-9.170000	0.027278	0.027278
-9.160000	0.027304	0.027304
-9.150000	0.027331	0.027331
-9.140000	0.027357	0.027357
-9.130000	0.027383	0.027383
-9.120000	0.027409	0.027409
-9.110000	0.027435	0.027435
-9.100000	0.027461	0.027461
-9.090000	0.027487	0.027487
-9.080000	0.027513	0.027513
-9.070000	0.027539	0.027539
-9.060000	0.027565	0.027565
-9.050000	0.027591	0.027591
-9.040000	0.027617	0.027617
-9.030000	0.027643	0.027643
-9.020000	0.027669	0.027669
-9.010000	0.027695	0.027695
-9.000000	0.027721	0.027721
-8.990000	0.027747	0.027747
-8.980000	0.027773	0.027773
-8.970000	0.027799	0.027799
-8.960000	0.027825	0.027825
-8.950000	0.027851	0.027851
-8.940000	0.027877	0.027877
-8.930000	0.027903	0.027903
-8.920000	0.027929	0.027929
-8.910000	0.027955	0.027955
-8.900000	0.027980	0.027980
-8.890000	0.028006	0.028006
-8.880000	0.028032	0.028032
-8.870000	0.028058	0.028058
-8.860000	0.028084	0.028084
-8.850000	0.028110	0.028110
-8.840000	0.028135	0.028135
-8.830000	0.028161	0.028161
-8.820000	0.028187	0.028187
-8.810000	0.028213	0.028213
-8.800000	0.028238	0.028238
-8.790000	0.028264	0.028264
-8.780000	0.028290	0.028290
-8.770000	0.028316	0.028316
-8.760000	0.028341	0.028341
-8.750000	0.028367	0.028367
-8.740000	0.028393	0.028393
-8.730000	0.028418	0.028418
-8.720000	0.028444	0.028444
-8.710000	0.028470	0.028470
-8.700000	0.028495	0.028495
-8.690000	0.028521	0.028521
-8.680000	0.028547	0.028547
-8.670000	0.028572	0.028572
-8.660000	0.028598	0.028598
-8.650000	0.028623	0.028623
-8.640000	0.028649	0.028649
-8.630000	0.028675	0.028675
-8.620000	0.028700	0.028700
-8.610000	0.028726	0.028726
-8.600000	0.028751	0.028751
-8.590000	0.028777	0.028777
-8.580000	0.028802	0.028802
-8.570000	0.028828	0.028828
-8.560000	0.028853	0.028853
-8.550000	0.028879	0.028879
-8.540000	0.028904	0.028904
-8.530000	0.028930	0.028930
-8.520000	0.028955	0.028955
-8.510000	0.028980	0.028980
-8.500000	0.029006	0.029006
-8.490000	0.029031	0.029031
-8.480000	0.029057	0.029057
-8.470000	0.029082	0.029082
-8.460000	0.029107	0.029107
-8.450000	0.029133	0.029133
-8.440000	0.029158	0.029158
-8.430000	0.029183	0.029183
-8.420000	0.029208	0.029208
-8.410000	0.029234	0.029234
-8.400000	0.029259	0.029259
-8.390000	0.029284	0.029284
-8.380000	0.029309	0.029309
-8.370000	0.029335	0.029335
-8.360000	0.029360	0.029360
-8.350000	0.029385	0.029385
-8.340000	0.029410	0.029410
-8.330000	0.029435	0.029435
-8.320000	0.029461	0.029461
-8.310000	0.029486	0.029486
-8.300000	0.029511	0.029511
-8.290000	0.029536	0.029536
-8.280000	0.029561	0.029561
-8.270000	0.029586	0.029586
-8.260000	0.029611	0.029611
-8.250000	0.029636	0.029636
-8.240000	0.029661	0.029661
-8.230000	0.029686	0.029686
-8.220000	0.029711	0.029711
-8.210000	0.029736	0.029736
-8.200000	0.029761	0.029761
-8.190000	0.029786	0.029786
-8.180000	0.029811	0.029811
-8.170000	0.029836	0.029836
-8.160000	0.029861	0.029861
-8.150000	0.029886	0.029886
-8.140000	0.029911	0.029911
-8.130000	0.029936	0.029936
-8.120000	0.029961	0.029961
-8.110000	0.029986	0.029986
-8.100000	0.030010	0.030010
-8.090000	0.030035	0.030035
-8.080000	0.030060	0.030060
-8.070000	0.030085	0.030085
-8.060000	0.030110	0.030110
-8.050000	0.030134	0.030134
-8.040000	0.030159	0.030159
-8.030000	0.030184	0.030184
-8.020000	0.030209	0.030209
-8.010000	0.030233	0.030233
-8.000000	0.030258	0.030258
-7.990000	0.030283	0.030283
-7.980000	0.030307	0.030307
-7.970000	0.030332	0.030332
-7.960000	0.030356	0.030356
-7.950000	0.030381	0.030381
-7.940000	0.030406	0.030406
-7.930000	0.030430	0.030430
-7.920000	0.030455	0.030455
-7.910000	0.030479	0.030479
-7.900000	0.030504	0.030504
-7.890000	0.030528	0.030528
-7.880000	0.030553	0.030553
-7.870000	0.030577	0.030577
-7.860000	0.030602	0.030602
-7.850000	0.030626	0.030626
-7.840000	0.030651	0.030651
-7.830000	0.030675	0.030675
-7.820000	0.030699	0.030699
-7.810000	0.030724	0.030724
-7.800000	0.030748	0.030748
-7.790000	0.030773	0.030773
-7.780000	0.030797	0.030797
-7.770000	0.030821	0.030821
-7.760000	0.030845	0.030845
-7.750000	0.030870	0.030870
-7.740000	0.030894	0.030894
-7.730000	0.030918	0.030918
-7.720000	0.030942	0.030942
-7.710000	0.030967	0.030967
-7.700000	0.030991	0.030991
-7.690000	0.031015	0.031015
-7.680000	0.031039	0.031039
-7.670000	0.031063	0.031063
-7.660000	0.031087	0.031087
-7.650000	0.031111	0.031111
-7.640000	0.031136	0.031136
-7.630000	0.031160	0.031160
-7.620000	0.031184	0.031184
-7.610000	0.031208	0.031208
-7.600000	0.031232	0.031232
-7.590000	0.031256	0.031256
-7.580000	0.031280	0.031280
-7.570000	0.031304	0.031304
-7.560000	0.031328	0.031328
-7.550000	0.031352	0.031352
-7.540000	0.031375	0.031375
-7.530000	0.031399	0.031399
-7.520000	0.031423	0.031423
-7.510000	0.031447	0.031447
-7.500000	0.031471	0.031471
-7.490000	0.031495	0.031495
-7.480000	0.031518	0.031518
-7.470000	0.031542	0.031542
-7.460000	0.031566	0.031566
-7.450000	0.031590	0.031590
-7.440000	0.031613	0.031613
-7.430000	0.031637	0.031637
-7.420000	0.031661	0.031661
-7.410000	0.031684	0.031684
-7.400000	0.031708	0.031708
-7.390000	0.031732	0.031732
-7.380000	0.031755	0.031755
-7.370000	0.031779	0.031779
-7.360000	0.031803	0.031803
-7.350000	0.031826	0.031826
-7.340000	0.031850	0.031850
-7.330000	0.031873	0.031873
-7.320000	0.031897	0.031897
-7.310000	0.031920	0.031920
-7.300000	0.031944	0.031944
-7.290000	0.031967	0.031967
-7.280000	0.031990	0.031990
-7.270000	0.032014	0.032014
-7.260000	0.032037	0.032037
-7.250000	0.032060	0.032060
-7.240000	0.032084	0.032084
-7.230000	0.032107	0.032107
-7.220000	0.032130	0.032130
-7.210000	0.032154	0.032154
-7.200000	0.032177	0.032177
-7.190000	0.032200	0.032200
-7.180000	0.032223	0.032223
-7.170000	0.032247	0.032247
-7.160000	0.032270	0.032270
-7.150000	0.032293	0.032293
-7.140000	0.032316	0.032316
-7.130000	0.032339	0.032339
-7.120000	0.032362	0.032362
-7.110000	0.032385	0.032385
-7.100000	0.032408	0.032408
-7.090000	0.032431	0.032431
-7.080000	0.032454	0.032454
-7.070000	0.032477	0.032477
-7.060000	0.032500	0.032500
-7.050000	0.032523	0.032523
-7.040000	0.032546	0.032546
-7.030000	0.032569	0.032569
-7.020000	0.032592	0.032592
-7.010000	0.032615	0.032615
-7.000000	0.032638	0.032638
-6.990000	0.032661	0.032661
-6.980000	0.032683	0.032683
-6.970000	0.032706	0.032706
-6.960000	0.032729	0.032729
-6.950000	0.032752	0.032752
-6.940000	0.032775	0.032775
-6.930000	0.032797	0.032797
-6.920000	0.032820	0.032820
-6.910000	0.032843	0.032843
-6.900000	0.032865	0.032865
-6.890000	0.032888	0.032888
-6.880000	0.032910	0.032910
-6.870000	0.032933	0.032933
-6.860000	0.032956	0.032956
-6.850000	0.032978	0.032978
-6.840000	0.033001	0.033001
-6.830000	0.033023	0.033023
-6.820000	0.033046	0.033046
-6.810000	0.033068	0.033068
-6.800000	0.033090	0.033090
-6.790000	0.033113	0.033113
-6.780000	0.033135	0.033135
-6.770000	0.033158	0.033158
-6.760000	0.033180	0.033180
-6.750000	0.033202	0.033202
-6.740000	0.033224	0.033224
-6.730000	0.033247	0.033247
-6.720000	0.033269	0.033269
-6.710000	0.033291	0.033291
-6.700000	0.033313	0.033313
-6.690000	0.033336	0.033336
-6.680000	0.033358	0.033358
-6.670000	0.033380	0.033380
-6.660000	0.033402	0.033402
-6.650000	0.033424	0.033424
-6.640000	0.033446	0.033446
-6.630000	0.033468	0.033468
-6.620000	0.033490	0.033490
-6.610000	0.033512	0.033512
-6.600000	0.033534	0.033534
-6.590000	0.033556	0.033556
-6.580000	0.033578	0.033578
-6.570000	0.033600	0.033600
-6.560000	0.033622	0.033622
-6.550000	0.033644	0.033644
-6.540000	0.033666	0.033666
-6.530000	0.033687	0.033687
-6.520000	0.033709	0.033709
-6.510000	0.033731	0.033731
-6.500000	0.033753	0.033753
-6.490000	0.033774	0.033774
-6.480000	0.033796	0.033796
-6.470000	0.033818	0.033818
-6.460000	0.033839	0.033839
-6.450000	0.033861	0.033861
-6.440000	0.033883	0.033883
-6.430000	0.033904	0.033904
-6.420000	0.033926	0.033926
-6.410000	0.033947	0.033947
-6.400000	0.033969	0.033969
-6.390000	0.033990	0.033990
-6.380000	0.034012	0.034012
-6.370000	0.034033	0.034033
-6.360000	0.034055	0.034055
-6.350000	0.034076	0.034076
-6.340000	0.034097	0.034097
-6.330000	0.034119	0.034119
-6.320000	0.034140	0.034140
-6.310000	0.034161	0.034161
-6.300000	0.034183	0.034183
-6.290000	0.034204	0.034204
-6.280000	0.034225	0.034225
-6.270000	0.034246	0.034246
-6.260000	0.034267	0.034267
-6.250000	0.034289	0.034289
-6.240000	0.034310	0.034310
-6.230000	0.034331	0.034331
-6.220000	0.034352	0.034352
-6.210000	0.034373	0.034373
-6.200000	0.034394	0.034394
-6.190000	0.034415	0.034415
-6.180000	0.034436	0.034436
-6.170000	0.034457	0.034457
-6.160000	0.034478	0.034478
-6.150000	0.034499	0.034499
-6.140000	0.034520	0.034520
-6.130000	0.034540	0.034540
-6.120000	0.034561	0.034561
-6.110000	0.034582	0.034582
-6.100000	0.034603	0.034603
-6.090000	0.034624	0.034624
-6.080000	0.034644	0.034644
-6.070000	0.034665	0.034665
-6.060000	0.034686	0.034686
-6.050000	0.034706	0.034706
-6.040000	0.034727	0.034727
-6.030000	0.034748	0.034748
-6.020000	0.034768	0.034768
-6.010000	0.034789	0.034789
-6.000000	0.034809	0.034809
-5.990000	0.034830	0.034830
-5.980000	0.034850	0.034850
-5.970000	0.034871	0.034871
-5.960000	0.034891	0.034891
-5.950000	0.034912	0.034912
-5.940000	0.034932	0.034932
-5.930000	0.034952	0.034952
-5.920000	0.034973	0.034973
-5.910000	0.034993	0.034993
-5.900000	0.035013	0.035013
-5.890000	0.035033	0.035033
-5.880000	0.035054	0.035054
-5.870000	0.035074	0.035074
-5.860000	0.035094	0.035094
-5.850000	0.035114	0.035114
-5.840000	0.035134	0.035134
-5.830000	0.035154	0.035154
-5.820000	0.035174	0.035174
-5.810000	0.035194	0.035194
-5.800000	0.035214	0.035214
-5.790000	0.035234	0.035234
-5.780000	0.035254	0.035254
-5.770000	0.035274	0.035274
-5.760000	0.035294	0.035294
-5.750000	0.035314	0.035314
-5.740000	0.035334	0.035334
-5.730000	0.035354	0.035354
-5.720000	0.035373	0.035373
-5.710000	0.035393	0.035393
-5.700000	0.035413	0.035413
-5.690000	0.035433	0.035433
-5.680000	0.035452	0.035452
-5.670000	0.035472	0.035472
-5.660000	0.035492	0.035492
-5.650000	0.035511	0.035511
-5.640000	0.035531	0.035531
-5.630000	0.035550	0.035550
-5.620000	0.035570	0.035570
-5.610000	0.035589	0.035589
-5.600000	0.035609	0.035609
-5.590000	0.035628	0.035628
-5.580000	0.035648	0.035648
-5.570000	0.035667	0.035667
-5.560000	0.035687	0.035687
-5.550000	0.035706	0.035706
-5.540000	0.035725	0.035725
-5.530000	0.035744	0.035744
-5.520000	0.035764	0.035764
-5.510000	0.035783	0.035783
-5.500000	0.035802	0.035802
-5.490000	0.035821	0.035821
-5.480000	0.035840	0.035840
-5.470000	0.035860	0.035860
-5.460000	0.035879	0.035879
-5.450000	0.035898	0.035898
-5.440000	0.035917	0.035917
-5.430000	0.035936	0.035936
-5.420000	0.035955	0.035955
-5.410000	0.035974	0.035974
-5.400000	0.035993	0.035993
-5.390000	0.036011	0.036011
-5.380000	0.036030	0.036030
-5.370000	0.036049	0.036049
-5.360000	0.036068	0.036068
-5.350000	0.036087	0.036087
-5.340000	0.036106	0.036106
-5.330000	0.036124	0.036124
-5.320000	0.036143	0.036143
-5.310000	0.036162	0.036162
-5.300000	0.036180	0.036180
-5.290000	0.036199	0.036199
-5.280000	0.036217	0.036217
-5.270000	0.036236	0.036236
-5.260000	0.036255	0.036255
-5.250000	0.036273	0.036273
-5.240000	0.036291	0.036291
-5.230000	0.036310	0.036310
-5.220000	0.036328	0.036328
-5.210000	0.036347	0.036347
-5.200000	0.036365	0.036365
-5.190000	0.036383	0.036383
-5.180000	0.036402	0.036402
-5.170000	0.036420	0.036420
-5.160000	0.036438	0.036438
-5.150000	0.036456	0.036456
-5.140000	0.036475	0.036475
-5.130000	0.036493	0.036493
-5.120000	0.036511	0.036511
-5.110000	0.036529	0.036529
-5.100000	0.036547	0.036547
-5.090000	0.036565	0.036565
-5.080000	0.036583	0.036583
-5.070000	0.036601	0.036601
-5.060000	0.036619	0.036619
-5.050000	0.036637	0.036637
-5.040000	0.036655	0.036655
-5.030000	0.036673	0.036673
-5.020000	0.036690	0.036690
-5.010000	0.036708	0.036708
-5.000000	0.036726	0.036726
-4.990000	0.036744	0.036744
-4.980000	0.036762	0.036762
-4.970000	0.036779	0.036779
-4.960000	0.036797	0.036797
-4.950000	0.036814	0.036814
-4.940000	0.036832	0.036832
-4.930000	0.036850	0.036850
-4.920000	0.036867	0.036867
-4.910000	0.036885	0.036885
-4.900000	0.036902	0.036902
-4.890000	0.036920	0.036920
-4.880000	0.036937	0.036937
-4.870000	0.036954	0.036954
-4.860000	0.036972	0.036972
-4.850000	0.036989	0.036989
-4.840000	0.037006	0.037006
-4.830000	0.037024	0.037024
-4.820000	0.037041	0.037041
-4.810000	0.037058	0.037058
-4.800000	0.037075	0.037075
-4.790000	0.037092	0.037092
-4.780000	0.037110	0.037110
-4.770000	0.037127	0.037127
-4.760000	0.037144	0.037144
-4.750000	0.037161	0.037161
-4.740000	0.037178	0.037178
-4.730000	0.037195	0.037195
-4.720000	0.037212	0.037212
-4.710000	0.037228	0.037228
-4.700000	0.037245	0.037245
-4.690000	0.037262	0.037262
-4.680000	0.037279	0.037279
-4.670000	0.037296	0.037296
-4.660000	0.037313	0.037313
-4.650000	0.037329	0.037329
-4.640000	0.037346	0.037346
-4.630000	0.037363	0.037363
-4.620000	0.037379	0.037379
-4.610000	0.037396	0.037396
-4.600000	0.037412	0.037412
-4.590000	0.037429	0.037429
-4.580000	0.037445	0.037445
-4.570000	0.037462	0.037462
-4.560000	0.037478	0.037478
-4.550000	0.037495	0.037495
-4.540000	0.037511	0.037511
-4.530000	0.037527	0.037527
-4.520000	0.037544	0.037544
-4.510000	0.037560	0.037560
-4.500000	0.037576	0.037576
-4.490000	0.037593	0.037593
-4.480000	0.037609	0.037609
-4.470000	0.037625	0.037625
-4.460000	0.037641	0.037641
-4.450000	0.037657	0.037657
-4.440000	0.037673	0.037673
-4.430000	0.037689	0.037689
-4.420000	0.037705	0.037705
-4.410000	0.037721	0.037721
-4.400000	0.037737	0.037737
-4.390000	0.037753	0.037753
-4.380000	0.037769	0.037769
-4.370000	0.037785	0.037785
-4.360000	0.037801	0.037801
-4.350000	0.037816	0.037816
-4.340000	0.037832	0.037832
-4.330000	0.037848	0.037848
-4.320000	0.037863	0.037863
-4.310000	0.037879	0.037879
-4.300000	0.037895	0.037895
-4.290000	0.037910	0.037910
-4.280000	0.037926	0.037926
-4.270000	0.037941	0.037941
-4.260000	0.037957	0.037957
-4.250000	0.037972	0.037972
-4.240000	0.037988	0.037988
-4.230000	0.038003	0.038003
-4.220000	0.038019	0.038019
-4.210000	0.038034	0.038034
-4.200000	0.038049	0.038049
-4.190000	0.038065	0.038065
-4.180000	0.038080	0.038080
-4.170000	0.038095	0.038095
-4.160000	0.038110	0.038110
-4.150000	0.038125	0.038125
-4.140000	0.038140	0.038140
-4.130000	0.038155	0.038155
-4.120000	0.038171	0.038171
-4.110000	0.038186	0.038186
-4.100000	0.038201	0.038201
-4.090000	0.038215	0.038215
-4.080000	0.038230	0.038230
-4.070000	0.038245	0.038245
-4.060000	0.038260	0.038260
-4.050000	0.038275	0.038275
-4.040000	0.038290	0.038290
-4.030000	0.038304	0.038304
-4.020000	0.038319	0.038319
-4.010000	0.038334	0.038334
-4.000000	0.038349	0.038349
-3.990000	0.038363	0.038363
-3.980000	0.038378	0.038378
-3.970000	0.038392	0.038392
-3.960000	0.038407	0.038407
-3.950000	0.038421	0.038421
-3.940000	0.038436	0.038436
-3.930000	0.038450	0.038450
-3.920000	0.038465	0.038465
-3.910000	0.038479	0.038479
-3.900000	0.038493	0.038493
-3.890000	0.038508	0.038508
-3.880000	0.038522	0.038522
-3.870000	0.038536	0.038536
-3.860000	0.038550	0.038550
-3.850000	0.038564	0.038564
-3.840000	0.038579	0.038579
-3.830000	0.038593	0.038593
-3.820000	0.038607	0.038607
-3.810000	0.038621	0.038621
-3.800000	0.038635	0.038635
-3.790000	0.038649	0.038649
-3.780000	0.038663	0.038663
-3.770000	0.038677	0.038677
-3.760000	0.038690	0.038690
-3.750000	0.038704	0.038704
-3.740000	0.038718	0.038718
-3.730000	0.038732	0.038732
-3.720000	0.038745	0.038745
-3.710000	0.038759	0.038759
-3.700000	0.038773	0.038773
-3.690000	0.038786	0.038786
-3.680000	0.038800	0.038800
-3.670000	0.038814	0.038814
-3.660000	0.038827	0.038827
-3.650000	0.038841	0.038841
-3.640000	0.038854	0.038854
-3.630000	0.038868	0.038868
-3.620000	0.038881	0.038881
-3.610000	0.038894	0.038894
-3.600000	0.038908	0.038908
-3.590000	0.038921	0.038921
-3.580000	0.038934	0.038934
-3.570000	0.038947	0.038947
-3.560000	0.038961	0.038961
-3.550000	0.038974	0.038974
-3.540000	0.038987	0.038987
-3.530000	0.039000	0.039000
-3.520000	0.039013	0.039013
-3.510000	0.039026	0.039026
-3.500000	0.039039	0.039039
-3.490000	0.039052	0.039052
-3.480000	0.039065	0.039065
-3.470000	0.039078	0.039078
-3.460000	0.039091	0.039091
-3.450000	0.039103	0.039103
-3.440000	0.039116	0.039116
-3.430000	0.039129	0.039129
-3.420000	0.039142	0.039142
-3.410000	0.039154	0.039154
-3.400000	0.039167	0.039167
-3.390000	0.039180	0.039180
-3.380000	0.039192	0.039192
-3.370000	0.039205	0.039205
-3.360000	0.039217	0.039217
-3.350000	0.039230	0.039230
-3.340000	0.039242	0.039242
-3.330000	0.039254	0.039254
-3.320000	0.039267	0.039267
-3.310000	0.039279	0.039279
-3.300000	0.039291	0.039291
-3.290000	0.039304	0.039304
-3.280000	0.039316	0.039316
-3.270000	0.039328	0.039328
-3.260000	0.039340	0.039340
-3.250000	0.039352	0.039352
-3.240000	0.039364	0.039364
-3.230000	0.039377	0.039377
-3.220000	0.039389	0.039389
-3.210000	0.039401	0.039401
-3.200000	0.039413	0.039413
-3.190000	0.039424	0.039424
-3.180000	0.039436	0.039436
-3.170000	0.039448	0.039448
-3.160000	0.039460	0.039460
-3.150000	0.039472	0.039472
-3.140000	0.039483	0.039483
-3.130000	0.039495	0.039495
-3.120000	0.039507	0.039507
-3.110000	0.039518	0.039518
-3.100000	0.039530	0.039530
-3.090000	0.039542	0.039542
-3.080000	0.039553	0.039553
-3.070000	0.039565	0.039565
-3.060000	0.039576	0.039576
-3.050000	0.039588	0.039588
-3.040000	0.039599	0.039599
-3.030000	0.039610	0.039610
-3.020000	0.039622	0.039622
-3.010000	0.039633	0.039633
-3.000000	0.039644	0.039644
-2.990000	0.039655	0.039655
-2.980000	0.039667	0.039667
-2.970000	0.039678	0.039678
-2.960000	0.039689	0.039689
-2.950000	0.039700	0.039700
-2.940000	0.039711	0.039711
-2.930000	0.039722	0.039722
-2.920000	0.039733	0.039733
-2.910000	0.039744	0.039744
-2.900000	0.039755	0.039755
-2.890000	0.039766	0.039766
-2.880000	0.039776	0.039776
-2.870000	0.039787	0.039787
-2.860000	0.039798	0.039798
-2.850000	0.039809	0.039809
-2.840000	0.039819	0.039819
-2.830000	0.039830	0.039830
-2.820000	0.039841	0.039841
-2.810000	0.039851	0.039851
-2.800000	0.039862	0.039862
-2.790000	0.039872	0.039872
-2.780000	0.039883	0.039883
-2.770000	0.039893	0.039893
-2.760000	0.039903	0.039903
-2.750000	0.039914	0.039914
-2.740000	0.039924	0.039924
-2.730000	0.039934	0.039934
-2.720000	0.039945	0.039945
-2.710000	0.039955	0.039955
-2.700000	0.039965	0.039965
-2.690000	0.039975	0.039975
-2.680000	0.039985	0.039985
-2.670000	0.039995	0.039995
-2.660000	0.040005	0.040005
-2.650000	0.040015	0.040015
-2.640000	0.040025	0.040025
-2.630000	0.040035	0.040035
-2.620000	0.040045	0.040045
-2.610000	0.040055	0.040055
-2.600000	0.040065	0.040065
-2.590000	0.040075	0.040075
-2.580000	0.040084	0.040084
-2.570000	0.040094	0.040094
-2.560000	0.040104	0.040104
-2.550000	0.040114	0.040114
-2.540000	0.040123	0.040123
-2.530000	0.040133	0.040133
-2.520000	0.040142	0.040142
-2.510000	0.040152	0.040152
-2.500000	0.040161	0.040161
-2.490000	0.040171	0.040171
-2.480000	0.040180	0.040180
-2.470000	0.040189	0.040189
-2.460000	0.040199	0.040199
-2.450000	0.040208	0.040208
-2.440000	0.040217	0.040217
-2.430000	0.040226	0.040226
-2.420000	0.040236	0.040236
-2.410000	0.040245	0.040245
-2.400000	0.040254	0.040254
-2.390000	0.040263	0.040263
-2.380000	0.040272	0.040272
-2.370000	0.040281	0.040281
-2.360000	0.040290	0.040290
-2.350000	0.040299	0.040299
-2.340000	0.040308	0.040308
-2.330000	0.040316	0.040316
-2.320000	0.040325	0.040325
-2.310000	0.040334	0.040334
-2.300000	0.040343	0.040343
-2.290000	0.040351	0.040351
-2.280000	0.040360	0.040360
-2.270000	0.040369	0.040369
-2.260000	0.040377	0.040377
-2.250000	0.040386	0.040386
-2.240000	0.040394	0.040394
-2.230000	0.040403	0.040403
-2.220000	0.040411	0.040411
-2.210000	0.040420	0.040420
-2.200000	0.040428	0.040428
-2.190000	0.040436	0.040436
-2.180000	0.040445	0.040445
-2.170000	0.040453	0.040453
-2.160000	0.040461	0.040461
-2.150000	0.040469	0.040469
-2.140000	0.040477	0.040477
-2.130000	0.040486	0.040486
-2.120000	0.040494	0.040494
-2.110000	0.040502	0.040502
-2.100000	0.040510	0.040510
-2.090000	0.040518	0.040518
-2.080000	0.040526	0.040526
-2.070000	0.040533	0.040533
-2.060000	0.040541	0.040541
-2.050000	0.040549	0.040549
-2.040000	0.040557	0.040557
-2.030000	0.040565	0.040565
-2.020000	0.040572	0.040572
-2.010000	0.040580	0.040580
-2.000000	0.040588	0.040588
-1.990000	0.040595	0.040595
-1.980000	0.040603	0.040603
-1.970000	0.040610	0.040610
-1.960000	0.040618	0.040618
-1.950000	0.040625	0.040625
-1.940000	0.040633	0.040633
-1.930000	0.040640	0.040640
-1.920000	0.040647	0.040647
-1.910000	0.040655	0.040655
-1.900000	0.040662	0.040662
-1.890000	0.040669	0.040669
-1.880000	0.040676	0.040676
-1.870000	0.040683	0.040683
-1.860000	0.040690	0.040690
-1.850000	0.040698	0.040698
-1.840000	0.040705	0.040705
-1.830000	0.040712	0.040712
-1.820000	0.040718	0.040718
-1.810000	0.040725	0.040725
-1.800000	0.040732	0.040732
-1.790000	0.040739	0.040739
-1.780000	0.040746	0.040746
-1.770000	0.040753	0.040753
-1.760000	0.040759	0.040759
-1.750000	0.040766	0.040766
-1.740000	0.040773	0.040773
-1.730000	0.040779	0.040779
-1.720000	0.040786	0.040786
-1.710000	0.040793	0.040793
-1.700000	0.040799	0.040799
-1.690000	0.040806	0.040806
-1.680000	0.040812	0.040812
-1.670000	0.040818	0.040818
-1.660000	0.040825	0.040825
-1.650000	0.040831	0.040831
-1.640000	0.040837	0.040837
-1.630000	0.040844	0.040844
-1.620000	0.040850	0.040850
-1.610000	0.040856	0.040856
-1.600000	0.040862	0.040862
-1.590000	0.040868	0.040868
-1.580000	0.040874	0.040874
-1.570000	0.040880	0.040880
-1.560000	0.040886	0.040886
-1.550000	0.040892	0.040892
-1.540000	0.040898	0.040898
-1.530000	0.040904	0.040904
-1.520000	0.040910	0.040910
-1.510000	0.040916	0.040916
-1.500000	0.040921	0.040921
-1.490000	0.040927	0.040927
-1.480000	0.040933	0.040933
-1.470000	0.040938	0.040938
-1.460000	0.040944	0.040944
-1.450000	0.040950	0.040950
-1.440000	0.040955	0.040955
-1.430000	0.040961	0.040961
-1.420000	0.040966	0.040966
-1.410000	0.040971	0.040971
-1.400000	0.040977	0.040977
-1.390000	0.040982	0.040982
-1.380000	0.040987	0.040987
-1.370000	0.040993	0.040993
-1.360000	0.040998	0.040998
-1.350000	0.041003	0.041003
-1.340000	0.041008	0.041008
-1.330000	0.041013	0.041013
-1.320000	0.041018	0.041018
-1.310000	0.041023	0.041023
-1.300000	0.041028	0.041028
-1.290000	0.041033	0.041033
-1.280000	0.041038	0.041038
-1.270000	0.041043	0.041043
-1.260000	0.041048	0.041048
-1.250000	0.041053	0.041053
-1.240000	0.041058	0.041058
-1.230000	0.041062	0.041062
-1.220000	0.041067	0.041067
-1.210000	0.041072	0.041072
-1.200000	0.041076	0.041076
-1.190000	0.041081	0.041081
-1.180000	0.041086	0.041086
-1.170000	0.041090	0.041090
-1.160000	0.041094	0.041094
-1.150000	0.041099	0.041099
-1.140000	0.041103	0.041103
-1.130000	0.041108	0.041108
-1.120000	0.041112	0.041112
-1.110000	0.041116	0.041116
-1.100000	0.041120	0.041120
-1.090000	0.041125	0.041125
-1.080000	0.041129	0.041129
-1.070000	0.041133	0.041133
-1.060000	0.041137	0.041137
-1.050000	0.041141	0.041141
-1.040000	0.041145	0.041145
-1.030000	0.041149	0.041149
-1.020000	0.041153	0.041153
-1.010000	0.041157	0.041157
-1.000000	0.041161	0.041161
-0.990000	0.041165	0.041165
-0.980000	0.041168	0.041168
-0.970000	0.041172	0.041172
-0.960000	0.041176	0.041176
-0.950000	0.041180	0.041180
-0.940000	0.041183	0.041183
-0.930000	0.041187	0.041187
-0.920000	0.041190	0.041190
-0.910000	0.041194	0.041194
-0.900000	0.041197	0.041197
-0.890000	0.041201	0.041201
-0.880000	0.041204	0.041204
-0.870000	0.041207	0.041207
-0.860000	0.041211	0.041211
-0.850000	0.041214	0.041214
-0.840000	0.041217	0.041217
-0.830000	0.041221	0.041221
-0.820000	0.041224	0.041224
-0.810000	0.041227	0.041227
-0.800000	0.041230	0.041230
-0.790000	0.041233	0.041233
-0.780000	0.041236	0.041236
-0.770000	0.041239	0.041239
-0.760000	0.041242	0.041242
-0.750000	0.041245	0.041245
-0.740000	0.041248	0.041248
-0.730000	0.041251	0.041251
-0.720000	0.041253	0.041253
-0.710000	0.041256	0.041256
-0.700000	0.041259	0.041259
-0.690000	0.041261	0.041261
-0.680000	0.041264	0.041264
-0.670000	0.041267	0.041267
-0.660000	0.041269	0.041269
-0.650000	0.041272	0.041272
-0.640000	0.041274	0.041274
-0.630000	0.041277	0.041277
-0.620000	0.041279	0.041279
-0.610000	0.041281	0.041281
-0.600000	0.041284	0.041284
-0.590000	0.041286	0.041286
-0.580000	0.041288	0.041288
-0.570000	0.041291	0.041291
-0.560000	0.041293	0.041293
-0.550000	0.041295	0.041295
-0.540000	0.041297	0.041297
-0.530000	0.041299	0.041299
-0.520000	0.041301	0.041301
-0.510000	0.041303	0.041303
-0.500000	0.041305	0.041305
-0.490000	0.041307	0.041307
-0.480000	0.041309	0.041309
-0.470000	0.041311	0.041311
-0.460000	0.041312	0.041312
-0.450000	0.041314	0.041314
-0.440000	0.041316	0.041316
-0.430000	0.041317	0.041317
-0.420000	0.041319	0.041319
-0.410000	0.041321	0.041321
-0.400000	0.041322	0.041322
-0.390000	0.041324	0.041324
-0.380000	0.041325	0.041325
-0.370000	0.041327	0.041327
-0.360000	0.041328	0.041328
-0.350000	0.041329	0.041329
-0.340000	0.041331	0.041331
-0.330000	0.041332	0.041332
-0.320000	0.041333	0.041333
-0.310000	0.041335	0.041335
-0.300000	0.041336	0.041336
-0.290000	0.041337	0.041337
-0.280000	0.041338	0.041338
-0.270000	0.041339	0.041339
-0.260000	0.041340	0.041340
-0.250000	0.041341	0.041341
-0.240000	0.041342	0.041342
-0.230000	0.041343	0.041343
-0.220000	0.041344	0.041344
-0.210000	0.041345	0.041345
-0.200000	0.041345	0.041345
-0.190000	0.041346	0.041346
-0.180000	0.041347	0.041347
-0.170000	0.041347	0.041347
-0.160000	0.041348	0.041348
-0.150000	0.041349	0.041349
-0.140000	0.041349	0.041349
-0.130000	0.041350	0.041350
-0.120000	0.041350	0.041350
-0.110000	0.041351	0.041351
-0.100000	0.041351	0.041351
-0.090000	0.041352	0.041352
-0.080000	0.041352	0.041352
-0.070000	0.041352	0.041352
-0.060000	0.041352	0.041352
-0.050000	0.041353	0.041353
-0.040000	0.041353	0.041353
-0.030000	0.041353	0.041353
-0.020000	0.041353	0.041353
-0.010000	0.041353	0.041353
-0.000000	0.041353	0.041353
0.010000	0.041353	0.041353
0.020000	0.041353	0.041353
0.030000	0.041353	0.041353
0.040000	0.041353	0.041353
0.050000	0.041353	0.041353
0.060000	0.041352	0.041352
0.070000	0.041352	0.041352
0.080000	0.041352	0.041352
0.090000	0.041352	0.041352
0.100000	0.041351	0.041351
0.110000	0.041351	0.041351
0.120000	0.041350	0.041350
0.130000	0.041350	0.041350
0.140000	0.041349	0.041349
0.150000	0.041349	0.041349
0.160000	0.041348	0.041348
0.170000	0.041347	0.041347
0.180000	0.041347	0.041347
0.190000	0.041346	0.041346
0.200000	0.041345	0.041345
0.210000	0.041345	0.041345
0.220000	0.041344	0.041344
0.230000	0.041343	0.041343
0.240000	0.041342	0.041342
0.250000	0.041341	0.041341
0.260000	0.041340	0.041340
0.270000	0.041339	0.041339
0.280000	0.041338	0.041338
0.290000	0.041337	0.041337
0.300000	0.041336	0.041336
0.310000	0.041335	0.041335
0.320000	0.041333	0.041333
0.330000	0.041332	0.041332
0.340000	0.041331	0.041331
0.350000	0.041329	0.041329
0.360000	0.041328	0.041328
0.370000	0.041327	0.041327
0.380000	0.041325	0.041325
0.390000	0.041324	0.041324
0.400000	0.041322	0.041322
0.410000	0.041321	0.041321
0.420000	0.041319	0.041319
0.430000	0.041317	0.041317
0.440000	0.041316	0.041316
0.450000	0.041314	0.041314
0.460000	0.041312	0.041312
0.470000	0.041311	0.041311
0.480000	0.041309	0.041309
0.490000	0.041307	0.041307
0.500000	0.041305	0.041305
0.510000	0.041303	0.041303
0.520000	0.041301	0.041301
0.530000	0.041299	0.041299
0.540000	0.041297	0.041297
0.550000	0.041295	0.041295
0.560000	0.041293	0.041293
0.570000	0.041291	0.041291
0.580000	0.041288	0.041288
0.590000	0.041286	0.041286
0.600000	0.041284	0.041284
0.610000	0.041281	0.041281
0.620000	0.041279	0.041279
0.630000	0.041277	0.041277
0.640000	0.041274	0.041274
0.650000	0.041272	0.041272
0.660000	0.041269	0.041269
0.670000	0.041267	0.041267
0.680000	0.041264	0.041264
0.690000	0.041261	0.041261
0.700000	0.041259	0.041259
0.710000	0.041256	0.041256
0.720000	0.041253	0.041253
0.730000	0.041251	0.041251
0.740000	0.041248	0.041248
0.750000	0.041245	0.041245
0.760000	0.041242	0.041242
0.770000	0.041239	0.041239
0.780000	0.041236	0.041236
0.790000	0.041233	0.041233
0.800000	0.041230	0.041230
0.810000	0.041227	0.041227
0.820000	0.041224	0.041224
0.830000	0.041221	0.041221
0.840000	0.041217	0.041217
0.850000	0.041214	0.041214
0.860000	0.041211	0.041211
0.870000	0.041207	0.041207
0.880000	0.041204	0.041204
0.890000	0.041201	0.041201
0.900000	0.041197	0.041197
0.910000	0.041194	0.041194
0.920000	0.041190	0.041190
0.930000	0.041187	0.041187
0.940000	0.041183	0.041183
0.950000	0.041180	0.041180
0.960000	0.041176	0.041176
0.970000	0.041172	0.041172
0.980000	0.041168	0.041168
0.990000	0.041165	0.041165
1.000000	0.041161	0.041161
1.010000	0.041157	0.041157
1.020000	0.041153	0.041153
1.030000	0.041149	0.041149
1.040000	0.041145	0.041145
1.050000	0.041141	0.041141
1.060000	0.041137	0.041137
1.070000	0.041133	0.041133
1.080000	0.041129	0.041129
1.090000	0.041125	0.041125
1.100000	0.041120	0.041120
1.110000	0.041116	0.041116
1.120000	0.041112	0.041112
1.130000	0.041108	0.041108
1.140000	0.041103	0.041103
1.150000	0.041099	0.041099
1.160000	0.041094	0.041094
1.170000	0.041090	0.041090
1.180000	0.041086	0.041086
1.190000	0.041081	0.041081
1.200000	0.041076	0.041076
1.210000	0.041072	0.041072
1.220000	0.041067	0.041067
1.230000	0.041062	0.041062
1.240000	0.041058	0.041058
1.250000	0.041053	0.041053
1.260000	0.041048	0.041048
1.270000	0.041043	0.041043
1.280000	0.041038	0.041038
1.290000	0.041033	0.041033
1.300000	0.041028	0.041028
1.310000	0.041023	0.041023
1.320000	0.041018	0.041018
1.330000	0.041013	0.041013
1.340000	0.041008	0.041008
1.350000	0.041003	0.041003
1.360000	0.040998	0.040998
1.370000	0.040993	0.040993
1.380000	0.040987	0.040987
1.390000	0.040982	0.040982
1.400000	0.040977	0.040977
1.410000	0.040971	0.040971
1.420000	0.040966	0.040966
1.430000	0.040961	0.040961
1.440000	0.040955	0.040955
1.450000	0.040950	0.040950
1.460000	0.040944	0.040944
1.470000	0.040938	0.040938
1.480000	0.040933	0.040933
1.490000	0.040927	0.040927
1.500000	0.040921	0.040921
1.510000	0.040916	0.040916
1.520000	0.040910	0.040910
1.530000	0.040904	0.040904
1.540000	0.040898	0.040898
1.550000	0.040892	0.040892
1.560000	0.040886	0.040886
1.570000	0.040880	0.040880
1.580000	0.040874	0.040874
1.590000	0.040868	0.040868
1.600000	0.040862	0.040862
1.610000	0.040856	0.040856
1.620000	0.040850	0.040850
1.630000	0.040844	0.040844
1.640000	0.040837	0.040837
1.650000	0.040831	0.040831
1.660000	0.040825	0.040825
1.670000	0.040818	0.040818
1.680000	0.040812	0.040812
1.690000	0.040806	0.040806
1.700000	0.040799	0.040799
1.710000	0.040793	0.040793
1.720000	0.040786	0.040786
1.730000	0.040779	0.040779
1.740000	0.040773	0.040773
1.750000	0.040766	0.040766
1.760000	0.040759	0.040759
1.770000	0.040753	0.040753
1.780000	0.040746	0.040746
1.790000	0.040739	0.040739
1.800000	0.040732	0.040732
1.810000	0.040725	0.040725
1.820000	0.040718	0.040718
1.830000	0.040712	0.040712
1.840000	0.040705	0.040705
1.850000	0.040698	0.040698
1.860000	0.040690	0.040690
1.870000	0.040683	0.040683
1.880000	0.040676	0.040676
1.890000	0.040669	0.040669
1.900000	0.040662	0.040662
1.910000	0.040655	0.040655
1.920000	0.040647	0.040647
1.930000	0.040640	0.040640
1.940000	0.040633	0.040633
1.950000	0.040625	0.040625
1.960000	0.040618	0.040618
1.970000	0.040610	0.040610
1.980000	0.040603	0.040603
1.990000	0.040595	0.040595
2.000000	0.040588	0.040588
2.010000	0.040580	0.040580
2.020000	0.040572	0.040572
2.030000	0.040565	0.040565
2.040000	0.040557	0.040557
2.050000	0.040549	0.040549
2.060000	0.040541	0.040541
2.070000	0.040533	0.040533
2.080000	0.040526	0.040526
2.090000	0.040518	0.040518
2.100000	0.040510	0.040510
2.110000	0.040502	0.040502
2.120000	0.040494	0.040494
2.130000	0.040486	0.040486
2.140000	0.040477	0.040477
2.150000	0.040469	0.040469
2.160000	0.040461	0.040461
2.170000	0.040453	0.040453
2.180000	0.040445	0.040445
2.190000	0.040436	0.040436
2.200000	0.040428	0.040428
2.210000	0.040420	0.040420
2.220000	0.040411	0.040411
2.230000	0.040403	0.040403
2.240000	0.040394	0.040394
2.250000	0.040386	0.040386
2.260000	0.040377	0.040377
2.270000	0.040369	0.040369
2.280000	0.040360	0.040360
2.290000	0.040351	0.040351
2.300000	0.040343	0.040343
2.310000	0.040334	0.040334
2.320000	0.040325	0.040325
2.330000	0.040316	0.040316
2.340000	0.040308	0.040308
2.350000	0.040299	0.040299
2.360000	0.040290	0.040290
2.370000	0.040281	0.040281
2.380000	0.040272	0.040272
2.390000	0.040263	0.040263
2.400000	0.040254	0.040254
2.410000	0.040245	0.040245
2.420000	0.040236	0.040236
2.430000	0.040226	0.040226
2.440000	0.040217	0.040217
2.450000	0.040208	0.040208
2.460000	0.040199	0.040199
2.470000	0.040189	0.040189
2.480000	0.040180	0.040180
2.490000	0.040171	0.040171
2.500000	0.040161	0.040161
2.510000	0.040152	0.040152
2.520000	0.040142	0.040142
2.530000	0.040133	0.040133
2.540000	0.040123	0.040123
2.550000	0.040114	0.040114
2.560000	0.040104	0.040104
2.570000	0.040094	0.040094
2.580000	0.040084	0.040084
2.590000	0.040075	0.040075
2.600000	0.040065	0.040065
2.610000	0.040055	0.040055
2.620000	0.040045	0.040045
2.630000	0.040035	0.040035
2.640000	0.040025	0.040025
2.650000	0.040015	0.040015
2.660000	0.040005	0.040005
2.670000	0.039995	0.039995
2.680000	0.039985	0.039985
2.690000	0.039975	0.039975
2.700000	0.039965	0.039965
2.710000	0.039955	0.039955
2.720000	0.039945	0.039945
2.730000	0.039934	0.039934
2.740000	0.039924	0.039924
2.750000	0.039914	0.039914
2.760000	0.039903	0.039903
2.770000	0.039893	0.039893
2.780000	0.039883	0.039883
2.790000	0.039872	0.039872
2.800000	0.039862	0.039862
2.810000	0.039851	0.039851
2.820000	0.039841	0.039841
2.830000	0.039830	0.039830
2.840000	0.039819	0.039819
2.850000	0.039809	0.039809
2.860000	0.039798	0.039798
2.870000	0.039787	0.039787
2.880000	0.039776	0.039776
2.890000	0.039766	0.039766
2.900000	0.039755	0.039755
2.910000	0.039744	0.039744
2.920000	0.039733	0.039733
2.930000	0.039722	0.039722
2.940000	0.039711	0.039711
2.950000	0.039700	0.039700
2.960000	0.039689	0.039689
2.970000	0.039678	0.039678
2.980000	0.039667	0.039667
2.990000	0.039655	0.039655
3.000000	0.039644	0.039644
3.010000	0.039633	0.039633
3.020000	0.039622	0.039622
3.030000	0.039610	0.039610
3.040000	0.039599	0.039599
3.050000	0.039588	0.039588
3.060000	0.039576	0.039576
3.070000	0.039565	0.039565
3.080000	0.039553	0.039553
3.090000	0.039542	0.039542
3.100000	0.039530	0.039530
3.110000	0.039518	0.039518
3.120000	0.039507	0.039507
3.130000	0.039495	0.039495
3.140000	0.039483	0.039483
3.150000	0.039472	0.039472
3.160000	0.039460	0.039460
3.170000	0.039448	0.039448
3.180000	0.039436	0.039436
3.190000	0.039424	0.039424
3.200000	0.039413	0.039413
3.210000	0.039401	0.039401
3.220000	0.039389	0.039389
3.230000	0.039377	0.039377
3.240000	0.039364	0.039364
3.250000	0.039352	0.039352
3.260000	0.039340	0.039340
3.270000	0.039328	0.039328
3.280000	0.039316	0.039316
3.290000	0.039304	0.039304
3.300000	0.039291	0.039291
3.310000	0.039279	0.039279
3.320000	0.039267	0.039267
3.330000	0.039254	0.039254
3.340000	0.039242	0.039242
3.350000	0.039230	0.039230
3.360000	0.039217	0.039217
3.370000	0.039205	0.039205
3.380000	0.039192	0.039192
3.390000	0.039180	0.039180
3.400000	0.039167	0.039167
3.410000	0.039154	0.039154
3.420000	0.039142	0.039142
3.430000	0.039129	0.039129
3.440000	0.039116	0.039116
3.450000	0.039103	0.039103
3.460000	0.039091	0.039091
3.470000	0.039078	0.039078
3.480000	0.039065	0.039065
3.490000	0.039052	0.039052
3.500000	0.039039	0.039039
3.510000	0.039026	0.039026
3.520000	0.039013	0.039013
3.530000	0.039000	0.039000
3.540000	0.038987	0.038987
3.550000	0.038974	0.038974
3.560000	0.038961	0.038961
3.570000	0.038947	0.038947
3.580000	0.038934	0.038934
3.590000	0.038921	0.038921
3.600000	0.038908	0.038908
3.610000	0.038894	0.038894
3.620000	0.038881	0.038881
3.630000	0.038868	0.038868
3.640000	0.038854	0.038854
3.650000	0.038841	0.038841
3.660000	0.038827	0.038827
3.670000	0.038814	0.038814
3.680000	0.038800	0.038800
3.690000	0.038786	0.038786
3.700000	0.038773	0.038773
3.710000	0.038759	0.038759
3.720000	0.038745	0.038745
3.730000	0.038732	0.038732
3.740000	0.038718	0.038718
3.750000	0.038704	0.038704
3.760000	0.038690	0.038690
3.770000	0.038677	0.038677
3.780000	0.038663	0.038663
3.790000	0.038649	0.038649
3.800000	0.038635	0.038635
3.810000	0.038621	0.038621
3.820000	0.038607	0.038607
3.830000	0.038593	0.038593
3.840000	0.038579	0.038579
3.850000	0.038564	0.038564
3.860000	0.038550	0.038550
3.870000	0.038536	0.038536
3.880000	0.038522	0.038522
3.890000	0.038508	0.038508
3.900000	0.038493	0.038493
3.910000	0.038479	0.038479
3.920000	0.038465	0.038465
3.930000	0.038450	0.038450
3.940000	0.038436	0.038436
3.950000	0.038421	0.038421
3.960000	0.038407	0.038407
3.970000	0.038392	0.038392
3.980000	0.038378	0.038378
3.990000	0.038363	0.038363
4.000000	0.038349	0.038349
4.010000	0.038334	0.038334
4.020000	0.038319	0.038319
4.030000	0.038304	0.038304
4.040000	0.038290	0.038290
4.050000	0.038275	0.038275
4.060000	0.038260	0.038260
4.070000	0.038245	0.038245
4.080000	0.038230	0.038230
4.090000	0.038215	0.038215
4.100000	0.038201	0.038201
4.110000	0.038186	0.038186
4.120000	0.038171	0.038171
4.130000	0.038155	0.038155
4.140000	0.038140	0.038140
4.150000	0.038125	0.038125
4.160000	0.038110	0.038110
4.170000	0.038095	0.038095
4.180000	0.038080	0.038080
4.190000	0.038065	0.038065
4.200000	0.038049	0.038049
4.210000	0.038034	0.038034
4.220000	0.038019	0.038019
4.230000	0.038003	0.038003
4.240000	0.037988	0.037988
4.250000	0.037972	0.037972
4.260000	0.037957	0.037957
4.270000	0.037941	0.037941
4.280000	0.037926	0.037926
4.290000	0.037910	0.037910
4.300000	0.037895	0.037895
4.310000	0.037879	0.037879
4.320000	0.037863	0.037863
4.330000	0.037848	0.037848
4.340000	0.037832	0.037832
4.350000	0.037816	0.037816
4.360000	0.037801	0.037801
4.370000	0.037785	0.037785
4.380000	0.037769	0.037769
4.390000	0.037753	0.037753
4.400000	0.037737	0.037737
4.410000	0.037721	0.037721
4.420000	0.037705	0.037705
4.430000	0.037689	0.037689
4.440000	0.037673	0.037673
4.450000	0.037657	0.037657
4.460000	0.037641	0.037641
4.470000	0.037625	0.037625
4.480000	0.037609	0.037609
4.490000	0.037593	0.037593
4.500000	0.037576	0.037576
4.510000	0.037560	0.037560
4.520000	0.037544	0.037544
4.530000	0.037527	0.037527
4.540000	0.037511	0.037511
4.550000	0.037495	0.037495
4.560000	0.037478	0.037478
4.570000	0.037462	0.037462
4.580000	0.037445	0.037445
4.590000	0.037429	0.037429
4.600000	0.037412	0.037412
4.610000	0.037396	0.037396
4.620000	0.037379	0.037379
4.630000	0.037363	0.037363
4.640000	0.037346	0.037346
4.650000	0.037329	0.037329
4.660000	0.037313	0.037313
4.670000	0.037296	0.037296
4.680000	0.037279	0.037279
4.690000	0.037262	0.037262
4.700000	0.037245	0.037245
4.710000	0.037228	0.037228
4.720000	0.037212	0.037212
4.730000	0.037195	0.037195
4.740000	0.037178	0.037178
4.750000	0.037161	0.037161
4.760000	0.037144	0.037144
4.770000	0.037127	0.037127
4.780000	0.037110	0.037110
4.790000	0.037092	0.037092
4.800000	0.037075	0.037075
4.810000	0.037058	0.037058
4.820000	0.037041	0.037041
4.830000	0.037024	0.037024
4.840000	0.037006	0.037006
4.850000	0.036989	0.036989
4.860000	0.036972	0.036972
4.870000	0.036954	0.036954
4.880000	0.036937	0.036937
4.890000	0.036920	0.036920
4.900000	0.036902	0.036902
4.910000	0.036885	0.036885
4.920000	0.036867	0.036867
4.930000	0.036850	0.036850
4.940000	0.036832	0.036832
4.950000	0.036814	0.036814
4.960000	0.036797	0.036797
4.970000	0.036779	0.036779
4.980000	0.036762	0.036762
4.990000	0.036744	0.036744
5.000000	0.036726	0.036726
5.010000	0.036708	0.036708
5.020000	0.036690	0.036690
5.030000	0.036673	0.036673
5.040000	0.036655	0.036655
5.050000	0.036637	0.036637
5.060000	0.036619	0.036619
5.070000	0.036601	0.036601
5.080000	0.036583	0.036583
5.090000	0.036565	0.036565
5.100000	0.036547	0.036547
5.110000	0.036529	0.036529
5.120000	0.036511	0.036511
5.130000	0.036493	0.036493
5.140000	0.036475	0.036475
5.150000	0.036456	0.036456
5.160000	0.036438	0.036438
5.170000	0.036420	0.036420
5.180000	0.036402	0.036402
5.190000	0.036383	0.036383
5.200000	0.036365	0.036365
5.210000	0.036347	0.036347
5.220000	0.036328	0.036328
5.230000	0.036310	0.036310
5.240000	0.036291	0.036291
5.250000	0.036273	0.036273
5.260000	0.036255	0.036255
5.270000	0.036236	0.036236
5.280000	0.036217	0.036217
5.290000	0.036199	0.036199
5.300000	0.036180	0.036180
5.310000	0.036162	0.036162
5.320000	0.036143	0.036143
5.330000	0.036124	0.036124
5.340000	0.036106	0.036106
5.350000	0.036087	0.036087
5.360000	0.036068	0.036068
5.370000	0.036049	0.036049
5.380000	0.036030	0.036030
5.390000	0.036011	0.036011
5.400000	0.035993	0.035993
5.410000	0.035974	0.035974
5.420000	0.035955	0.035955
5.430000	0.035936	0.035936
5.440000	0.035917	0.035917
5.450000	0.035898	0.035898
5.460000	0.035879	0.035879
5.470000	0.035860	0.035860
5.480000	0.035840	0.035840
5.490000	0.035821	0.035821
5.500000	0.035802	0.035802
5.510000	0.035783	0.035783
5.520000	0.035764	0.035764
5.530000	0.035744	0.035744
5.540000	0.035725	0.035725
5.550000	0.035706	0.035706
5.560000	0.035687	0.035687
5.570000	0.035667	0.035667
5.580000	0.035648	0.035648
5.590000	0.035628	0.035628
5.600000	0.035609	0.035609
5.610000	0.035589	0.035589
5.620000	0.035570	0.035570
5.630000	0.035550	0.035550
5.640000	0.035531	0.035531
5.650000	0.035511	0.035511
5.660000	0.035492	0.035492
5.670000	0.035472	0.035472
5.680000	0.035452	0.035452
5.690000	0.035433	0.035433
5.700000	0.035413	0.035413
5.710000	0.035393	0.035393
5.720000	0.035373	0.035373
5.730000	0.035354	0.035354
5.740000	0.035334	0.035334
5.750000	0.035314	0.035314
5.760000	0.035294	0.035294
5.770000	0.035274	0.035274
5.780000	0.035254	0.035254
5.790000	0.035234	0.035234
5.800000	0.035214	0.035214
5.810000	0.035194	0.035194
5.820000	0.035174	0.035174
5.830000	0.035154	0.035154
5.840000	0.035134	0.035134
5.850000	0.035114	0.035114
5.860000	0.035094	0.035094
5.870000	0.035074	0.035074
5.880000	0.035054	0.035054
5.890000	0.035033	0.035033
5.900000	0.035013	0.035013
5.910000	0.034993	0.034993
5.920000	0.034973	0.034973
5.930000	0.034952	0.034952
5.940000	0.034932	0.034932
5.950000	0.034912	0.034912
5.960000	0.034891	0.034891
5.970000	0.034871	0.034871
5.980000	0.034850	0.034850
5.990000	0.034830	0.034830
6.000000	0.034809	0.034809
6.010000	0.034789	0.034789
6.020000	0.034768	0.034768
6.030000	0.034748	0.034748
6.040000	0.034727	0.034727
6.050000	0.034706	0.034706
6.060000	0.034686	0.034686
6.070000	0.034665	0.034665
6.080000	0.034644	0.034644
6.090000	0.034624	0.034624
6.100000	0.034603	0.034603
6.110000	0.034582	0.034582
6.120000	0.034561	0.034561
6.130000	0.034540	0.034540
6.140000	0.034520	0.034520
6.150000	0.034499	0.034499
6.160000	0.034478	0.034478
6.170000	0.034457	0.034457
6.180000	0.034436	0.034436
6.190000	0.034415	0.034415
6.200000	0.034394	0.034394
6.210000	0.034373	0.034373
6.220000	0.034352	0.034352
6.230000	0.034331	0.034331
6.240000	0.034310	0.034310
6.250000	0.034289	0.034289
6.260000	0.034267	0.034267
6.270000	0.034246	0.034246
6.280000	0.034225	0.034225
6.290000	0.034204	0.034204
6.300000	0.034183	0.034183
6.310000	0.034161	0.034161
6.320000	0.034140	0.034140
6.330000	0.034119	0.034119
6.340000	0.034097	0.034097
6.350000	0.034076	0.034076
6.360000	0.034055	0.034055
6.370000	0.034033	0.034033
6.380000	0.034012	0.034012
6.390000	0.033990	0.033990
6.400000	0.033969	0.033969
6.410000	0.033947	0.033947
6.420000	0.033926	0.033926
6.430000	0.033904	0.033904
6.440000	0.033883	0.033883
6.450000	0.033861	0.033861
6.460000	0.033839	0.033839
6.470000	0.033818	0.033818
6.480000	0.033796	0.033796
6.490000	0.033774	0.033774
6.500000	0.033753	0.033753
6.510000	0.033731	0.033731
6.520000	0.033709	0.033709
6.530000	0.033687	0.033687
6.540000	0.033666	0.033666
6.550000	0.033644	0.033644
6.560000	0.033622	0.033622
6.570000	0.033600	0.033600
6.580000	0.033578	0.033578
6.590000	0.033556	0.033556
6.600000	0.033534	0.033534
6.610000	0.033512	0.033512
6.620000	0.033490	0.033490
6.630000	0.033468	0.033468
6.640000	0.033446	0.033446
6.650000	0.033424	0.033424
6.660000	0.033402	0.033402
6.670000	0.033380	0.033380
6.680000	0.033358	0.033358
6.690000	0.033336	0.033336
6.700000	0.033313	0.033313
6.710000	0.033291	0.033291
6.720000	0.033269	0.033269
6.730000	0.033247	0.033247
6.740000	0.033224	0.033224
6.750000	0.033202	0.033202
6.760000	0.033180	0.033180
6.770000	0.033158	0.033158
6.780000	0.033135	0.033135
6.790000	0.033113	0.033113
6.800000	0.033090	0.033090
6.810000	0.033068	0.033068
6.820000	0.033046	0.033046
6.830000	0.033023	0.033023
6.840000	0.033001	0.033001
6.850000	0.032978	0.032978
6.860000	0.032956	0.032956
6.870000	0.032933	0.032933
6.880000	0.032910	0.032910
6.890000	0.032888	0.032888
6.900000	0.032865	0.032865
6.910000	0.032843	0.032843
6.920000	0.032820	0.032820
6.930000	0.032797	0.032797
6.940000	0.032775	0.032775
6.950000	0.032752	0.032752
6.960000	0.032729	0.032729
6.970000	0.032706	0.032706
6.980000	0.032683	0.032683
6.990000	0.032661	0.032661
7.000000	0.032638	0.032638
7.010000	0.032615	0.032615
7.020000	0.032592	0.032592
7.030000	0.032569	0.032569
7.040000	0.032546	0.032546
7.050000	0.032523	0.032523
7.060000	0.032500	0.032500
7.070000	0.032477	0.032477
7.080000	0.032454	0.032454
7.090000	0.032431	0.032431
7.100000	0.032408	0.032408
7.110000	0.032385	0.032385
7.120000	0.032362	0.032362
7.130000	0.032339	0.032339
7.140000	0.032316	0.032316
7.150000	0.032293	0.032293
7.160000	0.032270	0.032270
7.170000	0.032247	0.032247
7.180000	0.032223	0.032223
7.190000	0.032200	0.032200
7.200000	0.032177	0.032177
7.210000	0.032154	0.032154
7.220000	0.032130	0.032130
7.230000	0.032107	0.032107
7.240000	0.032084	0.032084
7.250000	0.032060	0.032060
7.260000	0.032037	0.032037
7.270000	0.032014	0.032014
7.280000	0.031990	0.031990
7.290000	0.031967	0.031967
7.300000	0.031944	0.031944
7.310000	0.031920	0.031920
7.320000	0.031897	0.031897
7.330000	0.031873	0.031873
7.340000	0.031850	0.031850
7.350000	0.031826	0.031826
7.360000	0.031803	0.031803
7.370000	0.031779	0.031779
7.380000	0.031755	0.031755
7.390000	0.031732	0.031732
7.400000	0.031708	0.031708
7.410000	0.031684	0.031684
7.420000	0.031661	0.031661
7.430000	0.031637	0.031637
7.440000	0.031613	0.031613
7.450000	0.031590	0.031590
7.460000	0.031566	0.031566
7.470000	0.031542	0.031542
7.480000	0.031518	0.031518
7.490000	0.031495	0.031495
7.500000	0.031471	0.031471
7.510000	0.031447	0.031447
7.520000	0.031423	0.031423
7.530000	0.031399	0.031399
7.540000	0.031375	0.031375
7.550000	0.031352	0.031352
7.560000	0.031328	0.031328
7.570000	0.031304	0.031304
7.580000	0.031280	0.031280
7.590000	0.031256	0.031256
7.600000	0.031232	0.031232
7.610000	0.031208	0.031208
7.620000	0.031184	0.031184
7.630000	0.031160	0.031160
7.640000	0.031136	0.031136
7.650000	0.031111	0.031111
7.660000	0.031087	0.031087
7.670000	0.031063	0.031063
7.680000	0.031039	0.031039
7.690000	0.031015	0.031015
7.700000	0.030991	0.030991
7.710000	0.030967	0.030967
7.720000	0.030942	0.030942
7.730000	0.030918	0.030918
7.740000	0.030894	0.030894
7.750000	0.030870	0.030870
7.760000	0.030845	0.030845
7.770000	0.030821	0.030821
7.780000	0.030797	0.030797
7.790000	0.030773	0.030773
7.800000	0.030748	0.030748
7.810000	0.030724	0.030724
7.820000	0.030699	0.030699
7.830000	0.030675	0.030675
7.840000	0.030651	0.030651
7.850000	0.030626	0.030626
7.860000	0.030602	0.030602
7.870000	0.030577	0.030577
7.880000	0.030553	0.030553
7.890000	0.030528	0.030528
7.900000	0.030504	0.030504
7.910000	0.030479	0.030479
7.920000	0.030455	0.030455
7.930000	0.030430	0.030430
7.940000	0.030406	0.030406
7.950000	0.030381	0.030381
7.960000	0.030356	0.030356
7.970000	0.030332	0.030332
7.980000	0.030307	0.030307
7.990000	0.030283	0.030283
8.000000	0.030258	0.030258
8.010000	0.030233	0.030233
8.020000	0.030209	0.030209
8.030000	0.030184	0.030184
8.040000	0.030159	0.030159
8.050000	0.030134	0.030134
8.060000	0.030110	0.030110
8.070000	0.030085	0.030085
8.080000	0.030060	0.030060
8.090000	0.030035	0.030035
8.100000	0.030010	0.030010
8.110000	0.029986	0.029986
8.120000	0.029961	0.029961
8.130000	0.029936	0.029936
8.140000	0.029911	0.029911
8.150000	0.029886	0.029886
8.160000	0.029861	0.029861
8.170000	0.029836	0.029836
8.180000	0.029811	0.029811
8.190000	0.029786	0.029786
8.200000	0.029761	0.029761
8.210000	0.029736	0.029736
8.220000	0.029711	0.029711
8.230000	0.029686	0.029686
8.240000	0.029661	0.029661
8.250000	0.029636	0.029636
8.260000	0.029611	0.029611
8.270000	0.029586	0.029586
8.280000	0.029561	0.029561
8.290000	0.029536	0.029536
8.300000	0.029511	0.029511
8.310000	0.029486	0.029486
8.320000	0.029461	0.029461
8.330000	0.029435	0.029435
8.340000	0.029410	0.029410
8.350000	0.029385	0.029385
8.360000	0.029360	0.029360
8.370000	0.029335	0.029335
8.380000	0.029309	0.029309
8.390000	0.029284	0.029284
8.400000	0.029259	0.029259
8.410000	0.029234	0.029234
8.420000	0.029208	0.029208
8.430000	0.029183	0.029183
8.440000	0.029158	0.029158
8.450000	0.029133	0.029133
8.460000	0.029107	0.029107
8.470000	0.029082	0.029082
8.480000	0.029057	0.029057
8.490000	0.029031	0.029031
8.500000	0.029006	0.029006
8.510000	0.028980	0.028980
8.520000	0.028955	0.028955
8.530000	0.028930	0.028930
8.540000	0.028904	0.028904
8.550000	0.028879	0.028879
8.560000	0.028853	0.028853
8.570000	0.028828	0.028828
8.580000	0.028802	0.028802
8.590000	0.028777	0.028777
8.600000	0.028751	0.028751
8.610000	0.028726	0.028726
8.620000	0.028700	0.028700
8.630000	0.028675	0.028675
8.640000	0.028649	0.028649
8.650000	0.028623	0.028623
8.660000	0.028598	0.028598
8.670000	0.028572	0.028572
8.680000	0.028547	0.028547
8.690000	0.028521	0.028521
8.700000	0.028495	0.028495
8.710000	0.028470	0.028470
8.720000	0.028444	0.028444
8.730000	0.028418	0.028418
8.740000	0.028393	0.028393
8.750000	0.028367	0.028367
8.760000	0.028341	0.028341
8.770000	0.028316	0.028316
8.780000	0.028290	0.028290
8.790000	0.028264	0.028264
8.800000	0.028238	0.028238
8.810000	0.028213	0.028213
8.820000	0.028187	0.028187
8.830000	0.028161	0.028161
8.840000	0.028135	0.028135
8.850000	0.028110	0.028110
8.860000	0.028084	0.028084
8.870000	0.028058	0.028058
8.880000	0.028032	0.028032
8.890000	0.028006	0.028006
8.900000	0.027980	0.027980
8.910000	0.027955	0.027955
8.920000	0.027929	0.027929
8.930000	0.027903	0.027903
8.940000	0.027877	0.027877
8.950000	0.027851	0.027851
8.960000	0.027825	0.027825
8.970000	0.027799	0.027799
8.980000	0.027773	0.027773
8.990000	0.027747	0.027747
9.000000	0.027721	0.027721
9.010000	0.027695	0.027695
9.020000	0.027669	0.027669
9.030000	0.027643	0.027643
9.040000	0.027617	0.027617
9.050000	0.027591	0.027591
9.060000	0.027565	0.027565
9.070000	0.027539	0.027539
9.080000	0.027513	0.027513
9.090000	0.027487	0.027487
9.100000	0.027461	0.027461
9.110000	0.027435	0.027435
9.120000	0.027409	0.027409
9.130000	0.027383	0.027383
9.140000	0.027357	0.027357
9.150000	0.027331	0.027331
9.160000	0.027304	0.027304
9.170000	0.027278	0.027278
9.180000	0.027252	0.027252
9.190000	0.027226	0.027226
9.200000	0.027200	0.027200
9.210000	0.027174	0.027174
9.220000	0.027148	0.027148
9.230000	0.027121	0.027121
9.240000	0.027095	0.027095
9.250000	0.027069	0.027069
9.260000	0.027043	0.027043
9.270000	0.027017	0.027017
9.280000	0.026990	0.026990
9.290000	0.026964	0.026964
9.300000	0.026938	0.026938
9.310000	0.026912	0.026912
9.320000	0.026885	0.026885
9.330000	0.026859	0.026859
9.340000	0.026833	0.026833
9.350000	0.026807	0.026807
9.360000	0.026780	0.026780
9.370000	0.026754	0.026754
9.380000	0.026728	0.026728
9.390000	0.026701	0.026701
9.400000	0.026675	0.026675
9.410000	0.026649	0.026649
9.420000	0.026622	0.026622
9.430000	0.026596	0.026596
9.440000	0.026570	0.026570
9.450000	0.026543	0.026543
9.460000	0.026517	0.026517
9.470000	0.026491	0.026491
9.480000	0.026464	0.026464
9.490000	0.026438	0.026438
9.500000	0.026411	0.026411
9.510000	0.026385	0.026385
9.520000	0.026359	0.026359
9.530000	0.026332	0.026332
9.540000	0.026306	0.026306
9.550000	0.026279	0.026279
9.560000	0.026253	0.026253
9.570000	0.026226	0.026226
9.580000	0.026200	0.026200
9.590000	0.026174	0.026174
9.600000	0.026147	0.026147
9.610000	0.026121	0.026121
9.620000	0.026094	0.026094
9.630000	0.026068	0.026068
9.640000	0.026041	0.026041
9.650000	0.026015	0.026015
9.660000	0.025988	0.025988
9.670000	0.025962	0.025962
9.680000	0.025935	0.025935
9.690000	0.025909	0.025909
9.700000	0.025882	0.025882
9.710000	0.025856	0.025856
9.720000	0.025829	0.025829
9.730000	0.025802	0.025802
9.740000	0.025776	0.025776
9.750000	0.025749	0.025749
9.760000	0.025723	0.025723
9.770000	0.025696	0.025696
9.780000	0.025670	0.025670
9.790000	0.025643	0.025643
9.800000	0.025616	0.025616
9.810000	0.025590	0.025590
9.820000	0.025563	0.025563
9.830000	0.025537	0.025537
9.840000	0.025510	0.025510
9.850000	0.025483	0.025483
9.860000	0.025457	0.025457
9.870000	0.025430	0.025430
9.880000	0.025404	0.025404
9.890000	0.025377	0.025377
9.900000	0.025350	0.025350
9.910000	0.025324	0.025324
9.920000	0.025297	0.025297
9.930000	0.025270	0.025270
9.940000	0.025244	0.025244
9.950000	0.025217	0.025217
9.960000	0.025190	0.025190
9.970000	0.025164	0.025164
9.980000	0.025137	0.025137
9.990000	0.025110	0.025110
10.000000	0.025084	0.025084
