-10.000000	0.040471	0.021587
-9.990000	0.040495	0.021556
-9.980000	0.040520	0.021525
-9.970000	0.040544	0.021495
-9.960000	0.040569	0.021464
-9.950000	0.040593	0.021433
-9.940000	0.040618	0.021402
-9.930000	0.040642	0.021372
-9.920000	0.040666	0.021341
-9.910000	0.040690	0.021310
-9.900000	0.040715	0.021280
-9.890000	0.040739	0.021249
-9.880000	0.040763	0.021218
-9.870000	0.040787	0.021188
-9.860000	0.040811	0.021157
-9.850000	0.040835	0.021126
-9.840000	0.040859	0.021096
-9.830000	0.040883	0.021065
-9.820000	0.040906	0.021035
-9.810000	0.040930	0.021004
-9.800000	0.040954	0.020974
-9.790000	0.040978	0.020943
-9.780000	0.041001	0.020913
-9.770000	0.041025	0.020882
-9.760000	0.041048	0.020852
-9.750000	0.041072	0.020821
-9.740000	0.041095	0.020791
-9.730000	0.041119	0.020761
-9.720000	0.041142	0.020730
-9.710000	0.041165	0.020700
-9.700000	0.041189	0.020670
-9.690000	0.041212	0.020639
-9.680000	0.041235	0.020609
-9.670000	0.041258	0.020579
-9.660000	0.041281	0.020548
-9.650000	0.041304	0.020518
-9.640000	0.041327	0.020488
-9.630000	0.041350	0.020458
-9.620000	0.041373	0.020428
-9.610000	0.041396	0.020397
-9.600000	0.041419	0.020367
-9.590000	0.041442	0.020337
-9.580000	0.041465	0.020307
-9.570000	0.041487	0.020277
-9.560000	0.041510	0.020247
-9.550000	0.041532	0.020217
-9.540000	0.041555	0.020187
-9.530000	0.041577	0.020157
-9.520000	0.041600	0.020127
-9.510000	0.041622	0.020097
-9.500000	0.041645	0.020067
-9.490000	0.041667	0.020037
-9.480000	0.041689	0.020007
-9.470000	0.041711	0.019977
-9.460000	0.041734	0.019947
-9.450000	0.041756	0.019917
-9.440000	0.041778	0.019887
-9.430000	0.041800	0.019858
-9.420000	0.041822	0.019828
-9.410000	0.041844	0.019798
-9.400000	0.041865	0.019768
-9.390000	0.041887	0.019738
-9.380000	0.041909	0.019709
-9.370000	0.041931	0.019679
-9.360000	0.041952	0.019649
-9.350000	0.041974	0.019620
-9.340000	0.041996	0.019590
-9.330000	0.042017	0.019560
-9.320000	0.042039	0.019531
-9.310000	0.042060	0.019501
-9.300000	0.042081	0.019472
-9.290000	0.042103	0.019442
-9.280000	0.042124	0.019413
-9.270000	0.042145	0.019383
-9.260000	0.042166	0.019354
-9.250000	0.042188	0.019324
-9.240000	0.042209	0.019295
-9.230000	0.042230	0.019265
-9.220000	0.042251	0.019236
-9.210000	0.042271	0.019206
-9.200000	0.042292	0.019177
-9.190000	0.042313	0.019148
-9.180000	0.042334	0.019118
-9.170000	0.042355	0.019089
-9.160000	0.042375	0.019060
-9.150000	0.042396	0.019030
-9.140000	0.042416	0.019001
-9.130000	0.042437	0.018972
-9.120000	0.042457	0.018943
-9.110000	0.042478	0.018914
-9.100000	0.042498	0.018885
-9.090000	0.042518	0.018855
-9.080000	0.042539	0.018826
-9.070000	0.042559	0.018797
-9.060000	0.042579	0.018768
-9.050000	0.042599	0.018739
-9.040000	0.042619	0.018710
-9.030000	0.042639	0.018681
-9.020000	0.042659	0.018652
-9.010000	0.042679	0.018623
-9.000000	0.042699	0.018594
-8.990000	0.042719	0.018565
-8.980000	0.042738	0.018536
-8.970000	0.042758	0.018507
-8.960000	0.042778	0.018479
-8.950000	0.042797	0.018450
-8.940000	0.042817	0.018421
-8.930000	0.042836	0.018392
-8.920000	0.042855	0.018363
-8.910000	0.042875	0.018335
-8.900000	0.042894	0.018306
-8.890000	0.042913	0.018277
-8.880000	0.042933	0.018249
-8.870000	0.042952	0.018220
-8.860000	0.042971	0.018191
-8.850000	0.042990	0.018163
-8.840000	0.043009	0.018134
-8.830000	0.043028	0.018106
-8.820000	0.043046	0.018077
-8.810000	0.043065	0.018049
-8.800000	0.043084	0.018020
-8.790000	0.043103	0.017992
-8.780000	0.043121	0.017963
-8.770000	0.043140	0.017935
-8.760000	0.043158	0.017906
-8.750000	0.043177	0.017878
-8.740000	0.043195	0.017850
-8.730000	0.043214	0.017821
-8.720000	0.043232	0.017793
-8.710000	0.043250	0.017765
-8.700000	0.043268	0.017736
-8.690000	0.043287	0.017708
-8.680000	0.043305	0.017680
-8.670000	0.043323	0.017652
-8.660000	0.043341	0.017624
-8.650000	0.043359	0.017596
-8.640000	0.043376	0.017567
-8.630000	0.043394	0.017539
-8.620000	0.043412	0.017511
-8.610000	0.043430	0.017483
-8.600000	0.043447	0.017455
-8.590000	0.043465	0.017427
-8.580000	0.043482	0.017399
-8.570000	0.043500	0.017371
-8.560000	0.043517	0.017343
-8.550000	0.043535	0.017315
-8.540000	0.043552	0.017288
-8.530000	0.043569	0.017260
-8.520000	0.043586	0.017232
-8.510000	0.043603	0.017204
-8.500000	0.043620	0.017176
-8.490000	0.043637	0.017149
-8.480000	0.043654	0.017121
-8.470000	0.043671	0.017093
-8.460000	0.043688	0.017065
-8.450000	0.043705	0.017038
-8.440000	0.043722	0.017010
-8.430000	0.043738	0.016983
-8.420000	0.043755	0.016955
-8.410000	0.043771	0.016927
-8.400000	0.043788	0.016900
-8.390000	0.043804	0.016872
-8.380000	0.043821	0.016845
-8.370000	0.043837	0.016817
-8.360000	0.043853	0.016790
-8.350000	0.043869	0.016763
-8.340000	0.043885	0.016735
-8.330000	0.043902	0.016708
-8.320000	0.043918	0.016680
-8.310000	0.043933	0.016653
-8.300000	0.043949	0.016626
-8.290000	0.043965	0.016599
-8.280000	0.043981	0.016571
-8.270000	0.043997	0.016544
-8.260000	0.044012	0.016517
-8.250000	0.044028	0.016490
-8.240000	0.044043	0.016463
-8.230000	0.044059	0.016436
-8.220000	0.044074	0.016408
-8.210000	0.044090	0.016381
-8.200000	0.044105	0.016354
-8.190000	0.044120	0.016327
-8.180000	0.044135	0.016300
-8.170000	0.044151	0.016273
-8.160000	0.044166	0.016246
-8.150000	0.044181	0.016220
-8.140000	0.044195	0.016193
-8.130000	0.044210	0.016166
-8.120000	0.044225	0.016139
-8.110000	0.044240	0.016112
-8.100000	0.044255	0.016085
-8.090000	0.044269	0.016059
-8.080000	0.044284	0.016032
-8.070000	0.044298	0.016005
-8.060000	0.044313	0.015979
-8.050000	0.044327	0.015952
-8.040000	0.044341	0.015925
-8.030000	0.044356	0.015899
-8.020000	0.044370	0.015872
-8.010000	0.044384	0.015846
-8.000000	0.044398	0.015819
-7.990000	0.044412	0.015793
-7.980000	0.044426	0.015766
-7.970000	0.044440	0.015740
-7.960000	0.044454	0.015713
-7.950000	0.044468	0.015687
-7.940000	0.044481	0.015660
-7.930000	0.044495	0.015634
-7.920000	0.044509	0.015608
-7.910000	0.044522	0.015582
-7.900000	0.044536	0.015555
-7.890000	0.044549	0.015529
-7.880000	0.044562	0.015503
-7.870000	0.044576	0.015477
-7.860000	0.044589	0.015450
-7.850000	0.044602	0.015424
-7.840000	0.044615	0.015398
-7.830000	0.044628	0.015372
-7.820000	0.044641	0.015346
-7.810000	0.044654	0.015320
-7.800000	0.044667	0.015294
-7.790000	0.044679	0.015268
-7.780000	0.044692	0.015242
-7.770000	0.044705	0.015216
-7.760000	0.044717	0.015190
-7.750000	0.044730	0.015165
-7.740000	0.044742	0.015139
-7.730000	0.044755	0.015113
-7.720000	0.044767	0.015087
-7.710000	0.044779	0.015061
-7.700000	0.044792	0.015036
-7.690000	0.044804	0.015010
-7.680000	0.044816	0.014984
-7.670000	0.044828	0.014959
-7.660000	0.044840	0.014933
-7.650000	0.044852	0.014907
-7.640000	0.044863	0.014882
-7.630000	0.044875	0.014856
-7.620000	0.044887	0.014831
-7.610000	0.044899	0.014805
-7.600000	0.044910	0.014780
-7.590000	0.044922	0.014754
-7.580000	0.044933	0.014729
-7.570000	0.044944	0.014704
-7.560000	0.044956	0.014678
-7.550000	0.044967	0.014653
-7.540000	0.044978	0.014628
-7.530000	0.044989	0.014602
-7.520000	0.045000	0.014577
-7.510000	0.045011	0.014552
-7.500000	0.045022	0.014527
-7.490000	0.045033	0.014502
-7.480000	0.045044	0.014477
-7.470000	0.045055	0.014451
-7.460000	0.045065	0.014426
-7.450000	0.045076	0.014401
-7.440000	0.045086	0.014376
-7.430000	0.045097	0.014351
-7.420000	0.045107	0.014326
-7.410000	0.045118	0.014301
-7.400000	0.045128	0.014277
-7.390000	0.045138	0.014252
-7.380000	0.045148	0.014227
-7.370000	0.045158	0.014202
-7.360000	0.045168	0.014177
-7.350000	0.045178	0.014152
-7.340000	0.045188	0.014128
-7.330000	0.045198	0.014103
-7.320000	0.045208	0.014078
-7.310000	0.045217	0.014054
-7.300000	0.045227	0.014029
-7.290000	0.045237	0.014004
-7.280000	0.045246	0.013980
-7.270000	0.045256	0.013955
-7.260000	0.045265	0.013931
-7.250000	0.045274	0.013906
-7.240000	0.045283	0.013882
-7.230000	0.045293	0.013857
-7.220000	0.045302	0.013833
-7.210000	0.045311	0.013809
-7.200000	0.045320	0.013784
-7.190000	0.045329	0.013760
-7.180000	0.045337	0.013736
-7.170000	0.045346	0.013711
-7.160000	0.045355	0.013687
-7.150000	0.045363	0.013663
-7.140000	0.045372	0.013639
-7.130000	0.045380	0.013615
-7.120000	0.045389	0.013590
-7.110000	0.045397	0.013566
-7.100000	0.045406	0.013542
-7.090000	0.045414	0.013518
-7.080000	0.045422	0.013494
-7.070000	0.045430	0.013470
-7.060000	0.045438	0.013446
-7.050000	0.045446	0.013422
-7.040000	0.045454	0.013398
-7.030000	0.045462	0.013375
-7.020000	0.045470	0.013351
-7.010000	0.045477	0.013327
-7.000000	0.045485	0.013303
-6.990000	0.045492	0.013279
-6.980000	0.045500	0.013256
-6.970000	0.045507	0.013232
-6.960000	0.045515	0.013208
-6.950000	0.045522	0.013185
-6.940000	0.045529	0.013161
-6.930000	0.045536	0.013137
-6.920000	0.045544	0.013114
-6.910000	0.045551	0.013090
-6.900000	0.045558	0.013067
-6.890000	0.045564	0.013043
-6.880000	0.045571	0.013020
-6.870000	0.045578	0.012997
-6.860000	0.045585	0.012973
-6.850000	0.045591	0.012950
-6.840000	0.045598	0.012926
-6.830000	0.045604	0.012903
-6.820000	0.045611	0.012880
-6.810000	0.045617	0.012857
-6.800000	0.045623	0.012833
-6.790000	0.045630	0.012810
-6.780000	0.045636	0.012787
-6.770000	0.045642	0.012764
-6.760000	0.045648	0.012741
-6.750000	0.045654	0.012718
-6.740000	0.045660	0.012695
-6.730000	0.045665	0.012672
-6.720000	0.045671	0.012649
-6.710000	0.045677	0.012626
-6.700000	0.045683	0.012603
-6.690000	0.045688	0.012580
-6.680000	0.045694	0.012557
-6.670000	0.045699	0.012534
-6.660000	0.045704	0.012511
-6.650000	0.045710	0.012489
-6.640000	0.045715	0.012466
-6.630000	0.045720	0.012443
-6.620000	0.045725	0.012420
-6.610000	0.045730	0.012398
-6.600000	0.045735	0.012375
-6.590000	0.045740	0.012352
-6.580000	0.045744	0.012330
-6.570000	0.045749	0.012307
-6.560000	0.045754	0.012285
-6.550000	0.045758	0.012262
-6.540000	0.045763	0.012240
-6.530000	0.045767	0.012217
-6.520000	0.045772	0.012195
-6.510000	0.045776	0.012172
-6.500000	0.045780	0.012150
-6.490000	0.045785	0.012128
-6.480000	0.045789	0.012105
-6.470000	0.045793	0.012083
-6.460000	0.045797	0.012061
-6.450000	0.045801	0.012039
-6.440000	0.045804	0.012017
-6.430000	0.045808	0.011994
-6.420000	0.045812	0.011972
-6.410000	0.045815	0.011950
-6.400000	0.045819	0.011928
-6.390000	0.045822	0.011906
-6.380000	0.045826	0.011884
-6.370000	0.045829	0.011862
-6.360000	0.045833	0.011840
-6.350000	0.045836	0.011818
-6.340000	0.045839	0.011796
-6.330000	0.045842	0.011774
-6.320000	0.045845	0.011753
-6.310000	0.045848	0.011731
-6.300000	0.045851	0.011709
-6.290000	0.045854	0.011687
-6.280000	0.045856	0.011665
-6.270000	0.045859	0.011644
-6.260000	0.045862	0.011622
-6.250000	0.045864	0.011600
-6.240000	0.045867	0.011579
-6.230000	0.045869	0.011557
-6.220000	0.045871	0.011536
-6.210000	0.045874	0.011514
-6.200000	0.045876	0.011493
-6.190000	0.045878	0.011471
-6.180000	0.045880	0.011450
-6.170000	0.045882	0.011428
-6.160000	0.045884	0.011407
-6.150000	0.045886	0.011386
-6.140000	0.045887	0.011364
-6.130000	0.045889	0.011343
-6.120000	0.045891	0.011322
-6.110000	0.045892	0.011301
-6.100000	0.045894	0.011279
-6.090000	0.045895	0.011258
-6.080000	0.045897	0.011237
-6.070000	0.045898	0.011216
-6.060000	0.045899	0.011195
-6.050000	0.045900	0.011174
-6.040000	0.045901	0.011153
-6.030000	0.045902	0.011132
-6.020000	0.045903	0.011111
-6.010000	0.045904	0.011090
-6.000000	0.045905	0.011069
-5.990000	0.045906	0.011048
-5.980000	0.045906	0.011027
-5.970000	0.045907	0.011006
-5.960000	0.045907	0.010985
-5.950000	0.045908	0.010965
-5.940000	0.045908	0.010944
-5.930000	0.045909	0.010923
-5.920000	0.045909	0.010903
-5.910000	0.045909	0.010882
-5.900000	0.045909	0.010861
-5.890000	0.045909	0.010841
-5.880000	0.045909	0.010820
-5.870000	0.045909	0.010800
-5.860000	0.045909	0.010779
-5.850000	0.045909	0.010759
-5.840000	0.045908	0.010738
-5.830000	0.045908	0.010718
-5.820000	0.045908	0.010697
-5.810000	0.045907	0.010677
-5.800000	0.045907	0.010657
-5.790000	0.045906	0.010636
-5.780000	0.045905	0.010616
-5.770000	0.045904	0.010596
-5.760000	0.045904	0.010575
-5.750000	0.045903	0.010555
-5.740000	0.045902	0.010535
-5.730000	0.045901	0.010515
-5.720000	0.045899	0.010495
-5.710000	0.045898	0.010475
-5.700000	0.045897	0.010455
-5.690000	0.045896	0.010435
-5.680000	0.045894	0.010415
-5.670000	0.045893	0.010395
-5.660000	0.045891	0.010375
-5.650000	0.045890	0.010355
-5.640000	0.045888	0.010335
-5.630000	0.045886	0.010315
-5.620000	0.045884	0.010295
-5.610000	0.045883	0.010275
-5.600000	0.045881	0.010256
-5.590000	0.045879	0.010236
-5.580000	0.045876	0.010216
-5.570000	0.045874	0.010197
-5.560000	0.045872	0.010177
-5.550000	0.045870	0.010157
-5.540000	0.045867	0.010138
-5.530000	0.045865	0.010118
-5.520000	0.045863	0.010099
-5.510000	0.045860	0.010079
-5.500000	0.045857	0.010060
-5.490000	0.045855	0.010040
-5.480000	0.045852	0.010021
-5.470000	0.045849	0.010001
-5.460000	0.045846	0.009982
-5.450000	0.045843	0.009963
-5.440000	0.045840	0.009943
-5.430000	0.045837	0.009924
-5.420000	0.045834	0.009905
-5.410000	0.045830	0.009886
-5.400000	0.045827	0.009866
-5.390000	0.045824	0.009847
-5.380000	0.045820	0.009828
-5.370000	0.045817	0.009809
-5.360000	0.045813	0.009790
-5.350000	0.045809	0.009771
-5.340000	0.045806	0.009752
-5.330000	0.045802	0.009733
-5.320000	0.045798	0.009714
-5.310000	0.045794	0.009695
-5.300000	0.045790	0.009676
-5.290000	0.045786	0.009657
-5.280000	0.045782	0.009638
-5.270000	0.045778	0.009619
-5.260000	0.045773	0.009601
-5.250000	0.045769	0.009582
-5.240000	0.045765	0.009563
-5.230000	0.045760	0.009544
-5.220000	0.045756	0.009526
-5.210000	0.045751	0.009507
-5.200000	0.045746	0.009488
-5.190000	0.045742	0.009470
-5.180000	0.045737	0.009451
-5.170000	0.045732	0.009433
-5.160000	0.045727	0.009414
-5.150000	0.045722	0.009396
-5.140000	0.045717	0.009377
-5.130000	0.045712	0.009359
-5.120000	0.045706	0.009340
-5.110000	0.045701	0.009322
-5.100000	0.045696	0.009304
-5.090000	0.045690	0.009285
-5.080000	0.045685	0.009267
-5.070000	0.045679	0.009249
-5.060000	0.045673	0.009230
-5.050000	0.045668	0.009212
-5.040000	0.045662	0.009194
-5.030000	0.045656	0.009176
-5.020000	0.045650	0.009158
-5.010000	0.045644	0.009140
-5.000000	0.045638	0.009122
-4.990000	0.045632	0.009104
-4.980000	0.045626	0.009086
-4.970000	0.045620	0.009068
-4.960000	0.045613	0.009050
-4.950000	0.045607	0.009032
-4.940000	0.045601	0.009014
-4.930000	0.045594	0.008996
-4.920000	0.045587	0.008978
-4.910000	0.045581	0.008960
-4.900000	0.045574	0.008942
-4.890000	0.045567	0.008925
-4.880000	0.045560	0.008907
-4.870000	0.045554	0.008889
-4.860000	0.045547	0.008872
-4.850000	0.045539	0.008854
-4.840000	0.045532	0.008836
-4.830000	0.045525	0.008819
-4.820000	0.045518	0.008801
-4.810000	0.045511	0.008784
-4.800000	0.045503	0.008766
-4.790000	0.045496	0.008749
-4.780000	0.045488	0.008731
-4.770000	0.045481	0.008714
-4.760000	0.045473	0.008696
-4.750000	0.045465	0.008679
-4.740000	0.045457	0.008662
-4.730000	0.045450	0.008644
-4.720000	0.045442	0.008627
-4.710000	0.045434	0.008610
-4.700000	0.045426	0.008592
-4.690000	0.045418	0.008575
-4.680000	0.045409	0.008558
-4.670000	0.045401	0.008541
-4.660000	0.045393	0.008524
-4.650000	0.045384	0.008507
-4.640000	0.045376	0.008490
-4.630000	0.045367	0.008473
-4.620000	0.045359	0.008455
-4.610000	0.045350	0.008438
-4.600000	0.045341	0.008422
-4.590000	0.045333	0.008405
-4.580000	0.045324	0.008388
-4.570000	0.045315	0.008371
-4.560000	0.045306	0.008354
-4.550000	0.045297	0.008337
-4.540000	0.045288	0.008320
-4.530000	0.045279	0.008304
-4.520000	0.045269	0.008287
-4.510000	0.045260	0.008270
-4.500000	0.045251	0.008253
-4.490000	0.045241	0.008237
-4.480000	0.045232	0.008220
-4.470000	0.045222	0.008203
-4.460000	0.045213	0.008187
-4.450000	0.045203	0.008170
-4.440000	0.045193	0.008154
-4.430000	0.045183	0.008137
-4.420000	0.045173	0.008121
-4.410000	0.045163	0.008104
-4.400000	0.045153	0.008088
-4.390000	0.045143	0.008072
-4.380000	0.045133	0.008055
-4.370000	0.045123	0.008039
-4.360000	0.045113	0.008023
-4.350000	0.045102	0.008006
-4.340000	0.045092	0.007990
-4.330000	0.045081	0.007974
-4.320000	0.045071	0.007958
-4.310000	0.045060	0.007941
-4.300000	0.045050	0.007925
-4.290000	0.045039	0.007909
-4.280000	0.045028	0.007893
-4.270000	0.045017	0.007877
-4.260000	0.045006	0.007861
-4.250000	0.044995	0.007845
-4.240000	0.044984	0.007829
-4.230000	0.044973	0.007813
-4.220000	0.044962	0.007797
-4.210000	0.044951	0.007781
-4.200000	0.044939	0.007765
-4.190000	0.044928	0.007749
-4.180000	0.044916	0.007734
-4.170000	0.044905	0.007718
-4.160000	0.044893	0.007702
-4.150000	0.044882	0.007686
-4.140000	0.044870	0.007670
-4.130000	0.044858	0.007655
-4.120000	0.044846	0.007639
-4.110000	0.044835	0.007623
-4.100000	0.044823	0.007608
-4.090000	0.044811	0.007592
-4.080000	0.044799	0.007577
-4.070000	0.044786	0.007561
-4.060000	0.044774	0.007546
-4.050000	0.044762	0.007530
-4.040000	0.044750	0.007515
-4.030000	0.044737	0.007499
-4.020000	0.044725	0.007484
-4.010000	0.044712	0.007468
-4.000000	0.044700	0.007453
-3.990000	0.044687	0.007438
-3.980000	0.044674	0.007422
-3.970000	0.044662	0.007407
-3.960000	0.044649	0.007392
-3.950000	0.044636	0.007377
-3.940000	0.044623	0.007361
-3.930000	0.044610	0.007346
-3.920000	0.044597	0.007331
-3.910000	0.044584	0.007316
-3.900000	0.044570	0.007301
-3.890000	0.044557	0.007286
-3.880000	0.044544	0.007271
-3.870000	0.044530	0.007256
-3.860000	0.044517	0.007241
-3.850000	0.044503	0.007226
-3.840000	0.044490	0.007211
-3.830000	0.044476	0.007196
-3.820000	0.044463	0.007181
-3.810000	0.044449	0.007166
-3.800000	0.044435	0.007151
-3.790000	0.044421	0.007137
-3.780000	0.044407	0.007122
-3.770000	0.044393	0.007107
-3.760000	0.044379	0.007092
-3.750000	0.044365	0.007078
-3.740000	0.044351	0.007063
-3.730000	0.044336	0.007048
-3.720000	0.044322	0.007034
-3.710000	0.044308	0.007019
-3.700000	0.044293	0.007004
-3.690000	0.044279	0.006990
-3.680000	0.044264	0.006975
-3.670000	0.044250	0.006961
-3.660000	0.044235	0.006946
-3.650000	0.044220	0.006932
-3.640000	0.044205	0.006917
-3.630000	0.044191	0.006903
-3.620000	0.044176	0.006889
-3.610000	0.044161	0.006874
-3.600000	0.044146	0.006860
-3.590000	0.044131	0.006846
-3.580000	0.044115	0.006831
-3.570000	0.044100	0.006817
-3.560000	0.044085	0.006803
-3.550000	0.044070	0.006789
-3.540000	0.044054	0.006774
-3.530000	0.044039	0.006760
-3.520000	0.044023	0.006746
-3.510000	0.044008	0.006732
-3.500000	0.043992	0.006718
-3.490000	0.043976	0.006704
-3.480000	0.043961	0.006690
-3.470000	0.043945	0.006676
-3.460000	0.043929	0.006662
-3.450000	0.043913	0.006648
-3.440000	0.043897	0.006634
-3.430000	0.043881	0.006620
-3.420000	0.043865	0.006606
-3.410000	0.043849	0.006592
-3.400000	0.043832	0.006579
-3.390000	0.043816	0.006565
-3.380000	0.043800	0.006551
-3.370000	0.043783	0.006537
-3.360000	0.043767	0.006523
-3.350000	0.043750	0.006510
-3.340000	0.043734	0.006496
-3.330000	0.043717	0.006482
-3.320000	0.043701	0.006469
-3.310000	0.043684	0.006455
-3.300000	0.043667	0.006442
-3.290000	0.043650	0.006428
-3.280000	0.043633	0.006414
-3.270000	0.043616	0.006401
-3.260000	0.043599	0.006387
-3.250000	0.043582	0.006374
-3.240000	0.043565	0.006361
-3.230000	0.043548	0.006347
-3.220000	0.043531	0.006334
-3.210000	0.043513	0.006320
-3.200000	0.043496	0.006307
-3.190000	0.043478	0.006294
-3.180000	0.043461	0.006280
-3.170000	0.043443	0.006267
-3.160000	0.043426	0.006254
-3.150000	0.043408	0.006241
-3.140000	0.043390	0.006228
-3.130000	0.043373	0.006214
-3.120000	0.043355	0.006201
-3.110000	0.043337	0.006188
-3.100000	0.043319	0.006175
-3.090000	0.043301	0.006162
-3.080000	0.043283	0.006149
-3.070000	0.043265	0.006136
-3.060000	0.043247	0.006123
-3.050000	0.043228	0.006110
-3.040000	0.043210	0.006097
-3.030000	0.043192	0.006084
-3.020000	0.043173	0.006071
-3.010000	0.043155	0.006058
-3.000000	0.043137	0.006045
-2.990000	0.043118	0.006032
-2.980000	0.043099	0.006020
-2.970000	0.043081	0.006007
-2.960000	0.043062	0.005994
-2.950000	0.043043	0.005981
-2.940000	0.043024	0.005969
-2.930000	0.043006	0.005956
-2.920000	0.042987	0.005943
-2.910000	0.042968	0.005931
-2.900000	0.042949	0.005918
-2.890000	0.042929	0.005905
-2.880000	0.042910	0.005893
-2.870000	0.042891	0.005880
-2.860000	0.042872	0.005868
-2.850000	0.042853	0.005855
-2.840000	0.042833	0.005843
-2.830000	0.042814	0.005830
-2.820000	0.042794	0.005818
-2.810000	0.042775	0.005805
-2.800000	0.042755	0.005793
-2.790000	0.042736	0.005781
-2.780000	0.042716	0.005768
-2.770000	0.042696	0.005756
-2.760000	0.042676	0.005744
-2.750000	0.042656	0.005731
-2.740000	0.042637	0.005719
-2.730000	0.042617	0.005707
-2.720000	0.042597	0.005695
-2.710000	0.042577	0.005682
-2.700000	0.042556	0.005670
-2.690000	0.042536	0.005658
-2.680000	0.042516	0.005646
-2.670000	0.042496	0.005634
-2.660000	0.042475	0.005622
-2.650000	0.042455	0.005610
-2.640000	0.042435	0.005598
-2.630000	0.042414	0.005586
-2.620000	0.042394	0.005574
-2.610000	0.042373	0.005562
-2.600000	0.042352	0.005550
-2.590000	0.042332	0.005538
-2.580000	0.042311	0.005526
-2.570000	0.042290	0.005514
-2.560000	0.042269	0.005502
-2.550000	0.042249	0.005490
-2.540000	0.042228	0.005479
-2.530000	0.042207	0.005467
-2.520000	0.042186	0.005455
-2.510000	0.042165	0.005443
-2.500000	0.042143	0.005432
-2.490000	0.042122	0.005420
-2.480000	0.042101	0.005408
-2.470000	0.042080	0.005397
-2.460000	0.042058	0.005385
-2.450000	0.042037	0.005373
-2.440000	0.042015	0.005362
-2.430000	0.041994	0.005350
-2.420000	0.041972	0.005339
-2.410000	0.041951	0.005327
-2.400000	0.041929	0.005316
-2.390000	0.041908	0.005304
-2.380000	0.041886	0.005293
-2.370000	0.041864	0.005281
-2.360000	0.041842	0.005270
-2.350000	0.041820	0.005259
-2.340000	0.041798	0.005247
-2.330000	0.041776	0.005236
-2.320000	0.041754	0.005225
-2.310000	0.041732	0.005213
-2.300000	0.041710	0.005202
-2.290000	0.041688	0.005191
-2.280000	0.041666	0.005180
-2.270000	0.041643	0.005168
-2.260000	0.041621	0.005157
-2.250000	0.041599	0.005146
-2.240000	0.041576	0.005135
-2.230000	0.041554	0.005124
-2.220000	0.041531	0.005113
-2.210000	0.041509	0.005102
-2.200000	0.041486	0.005091
-2.190000	0.041463	0.005079
-2.180000	0.041441	0.005068
-2.170000	0.041418	0.005057
-2.160000	0.041395	0.005046
-2.150000	0.041372	0.005036
-2.140000	0.041349	0.005025
-2.130000	0.041326	0.005014
-2.120000	0.041303	0.005003
-2.110000	0.041280	0.004992
-2.100000	0.041257	0.004981
-2.090000	0.041234	0.004970
-2.080000	0.041211	0.004959
-2.070000	0.041188	0.004949
-2.060000	0.041165	0.004938
-2.050000	0.041141	0.004927
-2.040000	0.041118	0.004916
-2.030000	0.041094	0.004906
-2.020000	0.041071	0.004895
-2.010000	0.041048	0.004884
-2.000000	0.041024	0.004874
-1.990000	0.041000	0.004863
-1.980000	0.040977	0.004853
-1.970000	0.040953	0.004842
-1.960000	0.040929	0.004832
-1.950000	0.040906	0.004821
-1.940000	0.040882	0.004810
-1.930000	0.040858	0.004800
-1.920000	0.040834	0.004790
-1.910000	0.040810	0.004779
-1.900000	0.040786	0.004769
-1.890000	0.040762	0.004758
-1.880000	0.040738	0.004748
-1.870000	0.040714	0.004737
-1.860000	0.040690	0.004727
-1.850000	0.040665	0.004717
-1.840000	0.040641	0.004707
-1.830000	0.040617	0.004696
-1.820000	0.040593	0.004686
-1.810000	0.040568	0.004676
-1.800000	0.040544	0.004665
-1.790000	0.040519	0.004655
-1.780000	0.040495	0.004645
-1.770000	0.040470	0.004635
-1.760000	0.040446	0.004625
-1.750000	0.040421	0.004615
-1.740000	0.040396	0.004605
-1.730000	0.040371	0.004595
-1.720000	0.040347	0.004584
-1.710000	0.040322	0.004574
-1.700000	0.040297	0.004564
-1.690000	0.040272	0.004554
-1.680000	0.040247	0.004544
-1.670000	0.040222	0.004534
-1.660000	0.040197	0.004525
-1.650000	0.040172	0.004515
-1.640000	0.040147	0.004505
-1.630000	0.040122	0.004495
-1.620000	0.040097	0.004485
-1.610000	0.040071	0.004475
-1.600000	0.040046	0.004465
-1.590000	0.040021	0.004455
-1.580000	0.039995	0.004446
-1.570000	0.039970	0.004436
-1.560000	0.039945	0.004426
-1.550000	0.039919	0.004416
-1.540000	0.039894	0.004407
-1.530000	0.039868	0.004397
-1.520000	0.039842	0.004387
-1.510000	0.039817	0.004378
-1.500000	0.039791	0.004368
-1.490000	0.039765	0.004359
-1.480000	0.039740	0.004349
-1.470000	0.039714	0.004339
-1.460000	0.039688	0.004330
-1.450000	0.039662	0.004320
-1.440000	0.039636	0.004311
-1.430000	0.039610	0.004301
-1.420000	0.039584	0.004292
-1.410000	0.039558	0.004282
-1.400000	0.039532	0.004273
-1.390000	0.039506	0.004264
-1.380000	0.039480	0.004254
-1.370000	0.039453	0.004245
-1.360000	0.039427	0.004235
-1.350000	0.039401	0.004226
-1.340000	0.039375	0.004217
-1.330000	0.039348	0.004207
-1.320000	0.039322	0.004198
-1.310000	0.039295	0.004189
-1.300000	0.039269	0.004180
-1.290000	0.039242	0.004170
-1.280000	0.039216	0.004161
-1.270000	0.039189	0.004152
-1.260000	0.039163	0.004143
-1.250000	0.039136	0.004134
-1.240000	0.039109	0.004125
-1.230000	0.039083	0.004116
-1.220000	0.039056	0.004106
-1.210000	0.039029	0.004097
-1.200000	0.039002	0.004088
-1.190000	0.038975	0.004079
-1.180000	0.038948	0.004070
-1.170000	0.038921	0.004061
-1.160000	0.038894	0.004052
-1.150000	0.038867	0.004043
-1.140000	0.038840	0.004034
-1.130000	0.038813	0.004025
-1.120000	0.038786	0.004017
-1.110000	0.038759	0.004008
-1.100000	0.038732	0.003999
-1.090000	0.038705	0.003990
-1.080000	0.038677	0.003981
-1.070000	0.038650	0.003972
-1.060000	0.038623	0.003963
-1.050000	0.038595	0.003955
-1.040000	0.038568	0.003946
-1.030000	0.038540	0.003937
-1.020000	0.038513	0.003928
-1.010000	0.038485	0.003920
-1.000000	0.038458	0.003911
-0.990000	0.038430	0.003902
-0.980000	0.038403	0.003894
-0.970000	0.038375	0.003885
-0.960000	0.038347	0.003877
-0.950000	0.038319	0.003868
-0.940000	0.038292	0.003859
-0.930000	0.038264	0.003851
-0.920000	0.038236	0.003842
-0.910000	0.038208	0.003834
-0.900000	0.038180	0.003825
-0.890000	0.038152	0.003817
-0.880000	0.038124	0.003808
-0.870000	0.038096	0.003800
-0.860000	0.038068	0.003791
-0.850000	0.038040	0.003783
-0.840000	0.038012	0.003774
-0.830000	0.037984	0.003766
-0.820000	0.037956	0.003758
-0.810000	0.037928	0.003749
-0.800000	0.037900	0.003741
-0.790000	0.037871	0.003733
-0.780000	0.037843	0.003724
-0.770000	0.037815	0.003716
-0.760000	0.037786	0.003708
-0.750000	0.037758	0.003700
-0.740000	0.037730	0.003691
-0.730000	0.037701	0.003683
-0.720000	0.037673	0.003675
-0.710000	0.037644	0.003667
-0.700000	0.037616	0.003659
-0.690000	0.037587	0.003651
-0.680000	0.037558	0.003642
-0.670000	0.037530	0.003634
-0.660000	0.037501	0.003626
-0.650000	0.037472	0.003618
-0.640000	0.037444	0.003610
-0.630000	0.037415	0.003602
-0.620000	0.037386	0.003594
-0.610000	0.037357	0.003586
-0.600000	0.037328	0.003578
-0.590000	0.037300	0.003570
-0.580000	0.037271	0.003562
-0.570000	0.037242	0.003554
-0.560000	0.037213	0.003546
-0.550000	0.037184	0.003538
-0.540000	0.037155	0.003530
-0.530000	0.037126	0.003523
-0.520000	0.037097	0.003515
-0.510000	0.037067	0.003507
-0.500000	0.037038	0.003499
-0.490000	0.037009	0.003491
-0.480000	0.036980	0.003483
-0.470000	0.036951	0.003476
-0.460000	0.036921	0.003468
-0.450000	0.036892	0.003460
-0.440000	0.036863	0.003452
-0.430000	0.036833	0.003445
-0.420000	0.036804	0.003437
-0.410000	0.036775	0.003429
-0.400000	0.036745	0.003422
-0.390000	0.036716	0.003414
-0.380000	0.036686	0.003406
-0.370000	0.036657	0.003399
-0.360000	0.036627	0.003391
-0.350000	0.036598	0.003384
-0.340000	0.036568	0.003376
-0.330000	0.036539	0.003369
-0.320000	0.036509	0.003361
-0.310000	0.036479	0.003354
-0.300000	0.036449	0.003346
-0.290000	0.036420	0.003339
-0.280000	0.036390	0.003331
-0.270000	0.036360	0.003324
-0.260000	0.036330	0.003316
-0.250000	0.036301	0.003309
-0.240000	0.036271	0.003301
-0.230000	0.036241	0.003294
-0.220000	0.036211	0.003287
-0.210000	0.036181	0.003279
-0.200000	0.036151	0.003272
-0.190000	0.036121	0.003265
-0.180000	0.036091	0.003257
-0.170000	0.036061	0.003250
-0.160000	0.036031	0.003243
-0.150000	0.036001	0.003236
-0.140000	0.035971	0.003228
-0.130000	0.035941	0.003221
-0.120000	0.035910	0.003214
-0.110000	0.035880	0.003207
-0.100000	0.035850	0.003199
-0.090000	0.035820	0.003192
-0.080000	0.035790	0.003185
-0.070000	0.035759	0.003178
-0.060000	0.035729	0.003171
-0.050000	0.035699	0.003164
-0.040000	0.035668	0.003157
-0.030000	0.035638	0.003150
-0.020000	0.035608	0.003143
-0.010000	0.035577	0.003136
-0.000000	0.035547	0.003128
0.010000	0.035516	0.003121
0.020000	0.035486	0.003114
0.030000	0.035455	0.003108
0.040000	0.035425	0.003101
0.050000	0.035394	0.003094
0.060000	0.035364	0.003087
0.070000	0.035333	0.003080
0.080000	0.035302	0.003073
0.090000	0.035272	0.003066
0.100000	0.035241	0.003059
0.110000	0.035210	0.003052
0.120000	0.035180	0.003045
0.130000	0.035149	0.003039
0.140000	0.035118	0.003032
0.150000	0.035087	0.003025
0.160000	0.035057	0.003018
0.170000	0.035026	0.003011
0.180000	0.034995	0.003005
0.190000	0.034964	0.002998
0.200000	0.034933	0.002991
0.210000	0.034902	0.002984
0.220000	0.034871	0.002978
0.230000	0.034840	0.002971
0.240000	0.034809	0.002964
0.250000	0.034778	0.002958
0.260000	0.034747	0.002951
0.270000	0.034716	0.002944
0.280000	0.034685	0.002938
0.290000	0.034654	0.002931
0.300000	0.034623	0.002925
0.310000	0.034592	0.002918
0.320000	0.034561	0.002912
0.330000	0.034530	0.002905
0.340000	0.034499	0.002898
0.350000	0.034467	0.002892
0.360000	0.034436	0.002885
0.370000	0.034405	0.002879
0.380000	0.034374	0.002873
0.390000	0.034342	0.002866
0.400000	0.034311	0.002860
0.410000	0.034280	0.002853
0.420000	0.034249	0.002847
0.430000	0.034217	0.002840
0.440000	0.034186	0.002834
0.450000	0.034155	0.002828
0.460000	0.034123	0.002821
0.470000	0.034092	0.002815
0.480000	0.034060	0.002809
0.490000	0.034029	0.002802
0.500000	0.033997	0.002796
0.510000	0.033966	0.002790
0.520000	0.033934	0.002783
0.530000	0.033903	0.002777
0.540000	0.033871	0.002771
0.550000	0.033840	0.002765
0.560000	0.033808	0.002759
0.570000	0.033777	0.002752
0.580000	0.033745	0.002746
0.590000	0.033713	0.002740
0.600000	0.033682	0.002734
0.610000	0.033650	0.002728
0.620000	0.033619	0.002722
0.630000	0.033587	0.002715
0.640000	0.033555	0.002709
0.650000	0.033523	0.002703
0.660000	0.033492	0.002697
0.670000	0.033460	0.002691
0.680000	0.033428	0.002685
0.690000	0.033396	0.002679
0.700000	0.033365	0.002673
0.710000	0.033333	0.002667
0.720000	0.033301	0.002661
0.730000	0.033269	0.002655
0.740000	0.033237	0.002649
0.750000	0.033206	0.002643
0.760000	0.033174	0.002637
0.770000	0.033142	0.002631
0.780000	0.033110	0.002625
0.790000	0.033078	0.002619
0.800000	0.033046	0.002613
0.810000	0.033014	0.002608
0.820000	0.032982	0.002602
0.830000	0.032950	0.002596
0.840000	0.032918	0.002590
0.850000	0.032886	0.002584
0.860000	0.032854	0.002578
0.870000	0.032822	0.002573
0.880000	0.032790	0.002567
0.890000	0.032758	0.002561
0.900000	0.032726	0.002555
0.910000	0.032694	0.002550
0.920000	0.032662	0.002544
0.930000	0.032630	0.002538
0.940000	0.032597	0.002532
0.950000	0.032565	0.002527
0.960000	0.032533	0.002521
0.970000	0.032501	0.002515
0.980000	0.032469	0.002510
0.990000	0.032437	0.002504
1.000000	0.032404	0.002498
1.010000	0.032372	0.002493
1.020000	0.032340	0.002487
1.030000	0.032308	0.002482
1.040000	0.032276	0.002476
1.050000	0.032243	0.002470
1.060000	0.032211	0.002465
1.070000	0.032179	0.002459
1.080000	0.032146	0.002454
1.090000	0.032114	0.002448
1.100000	0.032082	0.002443
1.110000	0.032050	0.002437
1.120000	0.032017	0.002432
1.130000	0.031985	0.002426
1.140000	0.031953	0.002421
1.150000	0.031920	0.002415
1.160000	0.031888	0.002410
1.170000	0.031855	0.002405
1.180000	0.031823	0.002399
1.190000	0.031791	0.002394
1.200000	0.031758	0.002388
1.210000	0.031726	0.002383
1.220000	0.031693	0.002378
1.230000	0.031661	0.002372
1.240000	0.031628	0.002367
1.250000	0.031596	0.002362
1.260000	0.031564	0.002356
1.270000	0.031531	0.002351
1.280000	0.031499	0.002346
1.290000	0.031466	0.002340
1.300000	0.031434	0.002335
1.310000	0.031401	0.002330
1.320000	0.031369	0.002325
1.330000	0.031336	0.002319
1.340000	0.031303	0.002314
1.350000	0.031271	0.002309
1.360000	0.031238	0.002304
1.370000	0.031206	0.002299
1.380000	0.031173	0.002294
1.390000	0.031141	0.002288
1.400000	0.031108	0.002283
1.410000	0.031075	0.002278
1.420000	0.031043	0.002273
1.430000	0.031010	0.002268
1.440000	0.030978	0.002263
1.450000	0.030945	0.002258
1.460000	0.030912	0.002253
1.470000	0.030880	0.002248
1.480000	0.030847	0.002243
1.490000	0.030814	0.002237
1.500000	0.030782	0.002232
1.510000	0.030749	0.002227
1.520000	0.030716	0.002222
1.530000	0.030684	0.002217
1.540000	0.030651	0.002212
1.550000	0.030618	0.002207
1.560000	0.030586	0.002203
1.570000	0.030553	0.002198
1.580000	0.030520	0.002193
1.590000	0.030487	0.002188
1.600000	0.030455	0.002183
1.610000	0.030422	0.002178
1.620000	0.030389	0.002173
1.630000	0.030357	0.002168
1.640000	0.030324	0.002163
1.650000	0.030291	0.002158
1.660000	0.030258	0.002154
1.670000	0.030226	0.002149
1.680000	0.030193	0.002144
1.690000	0.030160	0.002139
1.700000	0.030127	0.002134
1.710000	0.030094	0.002129
1.720000	0.030062	0.002125
1.730000	0.030029	0.002120
1.740000	0.029996	0.002115
1.750000	0.029963	0.002110
1.760000	0.029931	0.002106
1.770000	0.029898	0.002101
1.780000	0.029865	0.002096
1.790000	0.029832	0.002092
1.800000	0.029799	0.002087
1.810000	0.029766	0.002082
1.820000	0.029734	0.002077
1.830000	0.029701	0.002073
1.840000	0.029668	0.002068
1.850000	0.029635	0.002064
1.860000	0.029602	0.002059
1.870000	0.029569	0.002054
1.880000	0.029537	0.002050
1.890000	0.029504	0.002045
1.900000	0.029471	0.002040
1.910000	0.029438	0.002036
1.920000	0.029405	0.002031
1.930000	0.029372	0.002027
1.940000	0.029340	0.002022
1.950000	0.029307	0.002018
1.960000	0.029274	0.002013
1.970000	0.029241	0.002009
1.980000	0.029208	0.002004
1.990000	0.029175	0.002000
2.000000	0.029142	0.001995
2.010000	0.029109	0.001991
2.020000	0.029077	0.001986
2.030000	0.029044	0.001982
2.040000	0.029011	0.001977
2.050000	0.028978	0.001973
2.060000	0.028945	0.001969
2.070000	0.028912	0.001964
2.080000	0.028879	0.001960
2.090000	0.028846	0.001955
2.100000	0.028814	0.001951
2.110000	0.028781	0.001947
2.120000	0.028748	0.001942
2.130000	0.028715	0.001938
2.140000	0.028682	0.001934
2.150000	0.028649	0.001929
2.160000	0.028616	0.001925
2.170000	0.028583	0.001921
2.180000	0.028551	0.001916
2.190000	0.028518	0.001912
2.200000	0.028485	0.001908
2.210000	0.028452	0.001903
2.220000	0.028419	0.001899
2.230000	0.028386	0.001895
2.240000	0.028353	0.001891
2.250000	0.028320	0.001886
2.260000	0.028287	0.001882
2.270000	0.028255	0.001878
2.280000	0.028222	0.001874
2.290000	0.028189	0.001870
2.300000	0.028156	0.001865
2.310000	0.028123	0.001861
2.320000	0.028090	0.001857
2.330000	0.028057	0.001853
2.340000	0.028024	0.001849
2.350000	0.027992	0.001845
2.360000	0.027959	0.001841
2.370000	0.027926	0.001836
2.380000	0.027893	0.001832
2.390000	0.027860	0.001828
2.400000	0.027827	0.001824
2.410000	0.027794	0.001820
2.420000	0.027762	0.001816
2.430000	0.027729	0.001812
2.440000	0.027696	0.001808
2.450000	0.027663	0.001804
2.460000	0.027630	0.001800
2.470000	0.027597	0.001796
2.480000	0.027565	0.001792
2.490000	0.027532	0.001788
2.500000	0.027499	0.001784
2.510000	0.027466	0.001780
2.520000	0.027433	0.001776
2.530000	0.027400	0.001772
2.540000	0.027368	0.001768
2.550000	0.027335	0.001764
2.560000	0.027302	0.001760
2.570000	0.027269	0.001756
2.580000	0.027236	0.001752
2.590000	0.027203	0.001748
2.600000	0.027171	0.001744
2.610000	0.027138	0.001741
2.620000	0.027105	0.001737
2.630000	0.027072	0.001733
2.640000	0.027040	0.001729
2.650000	0.027007	0.001725
2.660000	0.026974	0.001721
2.670000	0.026941	0.001717
2.680000	0.026908	0.001714
2.690000	0.026876	0.001710
2.700000	0.026843	0.001706
2.710000	0.026810	0.001702
2.720000	0.026777	0.001698
2.730000	0.026745	0.001695
2.740000	0.026712	0.001691
2.750000	0.026679	0.001687
2.760000	0.026646	0.001683
2.770000	0.026614	0.001680
2.780000	0.026581	0.001676
2.790000	0.026548	0.001672
2.800000	0.026516	0.001668
2.810000	0.026483	0.001665
2.820000	0.026450	0.001661
2.830000	0.026418	0.001657
2.840000	0.026385	0.001654
2.850000	0.026352	0.001650
2.860000	0.026320	0.001646
2.870000	0.026287	0.001643
2.880000	0.026254	0.001639
2.890000	0.026222	0.001635
2.900000	0.026189	0.001632
2.910000	0.026156	0.001628
2.920000	0.026124	0.001625
2.930000	0.026091	0.001621
2.940000	0.026058	0.001617
2.950000	0.026026	0.001614
2.960000	0.025993	0.001610
2.970000	0.025961	0.001607
2.980000	0.025928	0.001603
2.990000	0.025895	0.001599
3.000000	0.025863	0.001596
3.010000	0.025830	0.001592
3.020000	0.025798	0.001589
3.030000	0.025765	0.001585
3.040000	0.025733	0.001582
3.050000	0.025700	0.001578
3.060000	0.025668	0.001575
3.070000	0.025635	0.001571
3.080000	0.025603	0.001568
3.090000	0.025570	0.001564
3.100000	0.025538	0.001561
3.110000	0.025505	0.001557
3.120000	0.025473	0.001554
3.130000	0.025440	0.001551
3.140000	0.025408	0.001547
3.150000	0.025375	0.001544
3.160000	0.025343	0.001540
3.170000	0.025310	0.001537
3.180000	0.025278	0.001534
3.190000	0.025245	0.001530
3.200000	0.025213	0.001527
3.210000	0.025181	0.001523
3.220000	0.025148	0.001520
3.230000	0.025116	0.001517
3.240000	0.025083	0.001513
3.250000	0.025051	0.001510
3.260000	0.025019	0.001507
3.270000	0.024986	0.001503
3.280000	0.024954	0.001500
3.290000	0.024922	0.001497
3.300000	0.024889	0.001493
3.310000	0.024857	0.001490
3.320000	0.024825	0.001487
3.330000	0.024793	0.001483
3.340000	0.024760	0.001480
3.350000	0.024728	0.001477
3.360000	0.024696	0.001474
3.370000	0.024663	0.001470
3.380000	0.024631	0.001467
3.390000	0.024599	0.001464
3.400000	0.024567	0.001461
3.410000	0.024535	0.001458
3.420000	0.024502	0.001454
3.430000	0.024470	0.001451
3.440000	0.024438	0.001448
3.450000	0.024406	0.001445
3.460000	0.024374	0.001442
3.470000	0.024342	0.001438
3.480000	0.024309	0.001435
3.490000	0.024277	0.001432
3.500000	0.024245	0.001429
3.510000	0.024213	0.001426
3.520000	0.024181	0.001423
3.530000	0.024149	0.001420
3.540000	0.024117	0.001416
3.550000	0.024085	0.001413
3.560000	0.024053	0.001410
3.570000	0.024021	0.001407
3.580000	0.023989	0.001404
3.590000	0.023957	0.001401
3.600000	0.023925	0.001398
3.610000	0.023893	0.001395
3.620000	0.023861	0.001392
3.630000	0.023829	0.001389
3.640000	0.023797	0.001386
3.650000	0.023765	0.001383
3.660000	0.023733	0.001380
3.670000	0.023701	0.001377
3.680000	0.023669	0.001374
3.690000	0.023637	0.001370
3.700000	0.023605	0.001367
3.710000	0.023574	0.001364
3.720000	0.023542	0.001362
3.730000	0.023510	0.001359
3.740000	0.023478	0.001356
3.750000	0.023446	0.001353
3.760000	0.023414	0.001350
3.770000	0.023383	0.001347
3.780000	0.023351	0.001344
3.790000	0.023319	0.001341
3.800000	0.023287	0.001338
3.810000	0.023256	0.001335
3.820000	0.023224	0.001332
3.830000	0.023192	0.001329
3.840000	0.023161	0.001326
3.850000	0.023129	0.001323
3.860000	0.023097	0.001320
3.870000	0.023066	0.001318
3.880000	0.023034	0.001315
3.890000	0.023002	0.001312
3.900000	0.022971	0.001309
3.910000	0.022939	0.001306
3.920000	0.022908	0.001303
3.930000	0.022876	0.001300
3.940000	0.022844	0.001298
3.950000	0.022813	0.001295
3.960000	0.022781	0.001292
3.970000	0.022750	0.001289
3.980000	0.022718	0.001286
3.990000	0.022687	0.001283
4.000000	0.022655	0.001281
4.010000	0.022624	0.001278
4.020000	0.022593	0.001275
4.030000	0.022561	0.001272
4.040000	0.022530	0.001270
4.050000	0.022498	0.001267
4.060000	0.022467	0.001264
4.070000	0.022436	0.001261
4.080000	0.022404	0.001259
4.090000	0.022373	0.001256
4.100000	0.022342	0.001253
4.110000	0.022310	0.001250
4.120000	0.022279	0.001248
4.130000	0.022248	0.001245
4.140000	0.022217	0.001242
4.150000	0.022185	0.001240
4.160000	0.022154	0.001237
4.170000	0.022123	0.001234
4.180000	0.022092	0.001232
4.190000	0.022060	0.001229
4.200000	0.022029	0.001226
4.210000	0.021998	0.001224
4.220000	0.021967	0.001221
4.230000	0.021936	0.001218
4.240000	0.021905	0.001216
4.250000	0.021874	0.001213
4.260000	0.021843	0.001210
4.270000	0.021812	0.001208
4.280000	0.021781	0.001205
4.290000	0.021750	0.001202
4.300000	0.021719	0.001200
4.310000	0.021688	0.001197
4.320000	0.021657	0.001195
4.330000	0.021626	0.001192
4.340000	0.021595	0.001190
4.350000	0.021564	0.001187
4.360000	0.021533	0.001184
4.370000	0.021502	0.001182
4.380000	0.021471	0.001179
4.390000	0.021440	0.001177
4.400000	0.021410	0.001174
4.410000	0.021379	0.001172
4.420000	0.021348	0.001169
4.430000	0.021317	0.001167
4.440000	0.021287	0.001164
4.450000	0.021256	0.001162
4.460000	0.021225	0.001159
4.470000	0.021194	0.001157
4.480000	0.021164	0.001154
4.490000	0.021133	0.001152
4.500000	0.021102	0.001149
4.510000	0.021072	0.001147
4.520000	0.021041	0.001144
4.530000	0.021010	0.001142
4.540000	0.020980	0.001139
4.550000	0.020949	0.001137
4.560000	0.020919	0.001134
4.570000	0.020888	0.001132
4.580000	0.020858	0.001130
4.590000	0.020827	0.001127
4.600000	0.020797	0.001125
4.610000	0.020766	0.001122
4.620000	0.020736	0.001120
4.630000	0.020705	0.001117
4.640000	0.020675	0.001115
4.650000	0.020645	0.001113
4.660000	0.020614	0.001110
4.670000	0.020584	0.001108
4.680000	0.020554	0.001106
4.690000	0.020523	0.001103
4.700000	0.020493	0.001101
4.710000	0.020463	0.001098
4.720000	0.020433	0.001096
4.730000	0.020402	0.001094
4.740000	0.020372	0.001091
4.750000	0.020342	0.001089
4.760000	0.020312	0.001087
4.770000	0.020282	0.001084
4.780000	0.020251	0.001082
4.790000	0.020221	0.001080
4.800000	0.020191	0.001078
4.810000	0.020161	0.001075
4.820000	0.020131	0.001073
4.830000	0.020101	0.001071
4.840000	0.020071	0.001068
4.850000	0.020041	0.001066
4.860000	0.020011	0.001064
4.870000	0.019981	0.001062
4.880000	0.019951	0.001059
4.890000	0.019921	0.001057
4.900000	0.019891	0.001055
4.910000	0.019861	0.001053
4.920000	0.019832	0.001050
4.930000	0.019802	0.001048
4.940000	0.019772	0.001046
4.950000	0.019742	0.001044
4.960000	0.019712	0.001041
4.970000	0.019683	0.001039
4.980000	0.019653	0.001037
4.990000	0.019623	0.001035
5.000000	0.019593	0.001033
5.010000	0.019564	0.001030
5.020000	0.019534	0.001028
5.030000	0.019504	0.001026
5.040000	0.019475	0.001024
5.050000	0.019445	0.001022
5.060000	0.019416	0.001020
5.070000	0.019386	0.001017
5.080000	0.019357	0.001015
5.090000	0.019327	0.001013
5.100000	0.019298	0.001011
5.110000	0.019268	0.001009
5.120000	0.019239	0.001007
5.130000	0.019209	0.001004
5.140000	0.019180	0.001002
5.150000	0.019150	0.001000
5.160000	0.019121	0.000998
5.170000	0.019092	0.000996
5.180000	0.019062	0.000994
5.190000	0.019033	0.000992
5.200000	0.019004	0.000990
5.210000	0.018974	0.000988
5.220000	0.018945	0.000986
5.230000	0.018916	0.000983
5.240000	0.018887	0.000981
5.250000	0.018858	0.000979
5.260000	0.018828	0.000977
5.270000	0.018799	0.000975
5.280000	0.018770	0.000973
5.290000	0.018741	0.000971
5.300000	0.018712	0.000969
5.310000	0.018683	0.000967
5.320000	0.018654	0.000965
5.330000	0.018625	0.000963
5.340000	0.018596	0.000961
5.350000	0.018567	0.000959
5.360000	0.018538	0.000957
5.370000	0.018509	0.000955
5.380000	0.018480	0.000953
5.390000	0.018451	0.000951
5.400000	0.018423	0.000949
5.410000	0.018394	0.000947
5.420000	0.018365	0.000945
5.430000	0.018336	0.000943
5.440000	0.018307	0.000941
5.450000	0.018279	0.000939
5.460000	0.018250	0.000937
5.470000	0.018221	0.000935
5.480000	0.018193	0.000933
5.490000	0.018164	0.000931
5.500000	0.018135	0.000929
5.510000	0.018107	0.000927
5.520000	0.018078	0.000925
5.530000	0.018050	0.000923
5.540000	0.018021	0.000921
5.550000	0.017992	0.000920
5.560000	0.017964	0.000918
5.570000	0.017935	0.000916
5.580000	0.017907	0.000914
5.590000	0.017879	0.000912
5.600000	0.017850	0.000910
5.610000	0.017822	0.000908
5.620000	0.017793	0.000906
5.630000	0.017765	0.000904
5.640000	0.017737	0.000902
5.650000	0.017709	0.000901
5.660000	0.017680	0.000899
5.670000	0.017652	0.000897
5.680000	0.017624	0.000895
5.690000	0.017596	0.000893
5.700000	0.017567	0.000891
5.710000	0.017539	0.000889
5.720000	0.017511	0.000888
5.730000	0.017483	0.000886
5.740000	0.017455	0.000884
5.750000	0.017427	0.000882
5.760000	0.017399	0.000880
5.770000	0.017371	0.000878
5.780000	0.017343	0.000877
5.790000	0.017315	0.000875
5.800000	0.017287	0.000873
5.810000	0.017259	0.000871
5.820000	0.017231	0.000869
5.830000	0.017203	0.000867
5.840000	0.017175	0.000866
5.850000	0.017148	0.000864
5.860000	0.017120	0.000862
5.870000	0.017092	0.000860
5.880000	0.017064	0.000859
5.890000	0.017037	0.000857
5.900000	0.017009	0.000855
5.910000	0.016981	0.000853
5.920000	0.016954	0.000851
5.930000	0.016926	0.000850
5.940000	0.016898	0.000848
5.950000	0.016871	0.000846
5.960000	0.016843	0.000844
5.970000	0.016816	0.000843
5.980000	0.016788	0.000841
5.990000	0.016761	0.000839
6.000000	0.016733	0.000838
6.010000	0.016706	0.000836
6.020000	0.016678	0.000834
6.030000	0.016651	0.000832
6.040000	0.016624	0.000831
6.050000	0.016596	0.000829
6.060000	0.016569	0.000827
6.070000	0.016542	0.000826
6.080000	0.016514	0.000824
6.090000	0.016487	0.000822
6.100000	0.016460	0.000821
6.110000	0.016433	0.000819
6.120000	0.016406	0.000817
6.130000	0.016378	0.000815
6.140000	0.016351	0.000814
6.150000	0.016324	0.000812
6.160000	0.016297	0.000810
6.170000	0.016270	0.000809
6.180000	0.016243	0.000807
6.190000	0.016216	0.000806
6.200000	0.016189	0.000804
6.210000	0.016162	0.000802
6.220000	0.016135	0.000801
6.230000	0.016108	0.000799
6.240000	0.016082	0.000797
6.250000	0.016055	0.000796
6.260000	0.016028	0.000794
6.270000	0.016001	0.000792
6.280000	0.015974	0.000791
6.290000	0.015948	0.000789
6.300000	0.015921	0.000788
6.310000	0.015894	0.000786
6.320000	0.015868	0.000784
6.330000	0.015841	0.000783
6.340000	0.015814	0.000781
6.350000	0.015788	0.000780
6.360000	0.015761	0.000778
6.370000	0.015735	0.000776
6.380000	0.015708	0.000775
6.390000	0.015682	0.000773
6.400000	0.015655	0.000772
6.410000	0.015629	0.000770
6.420000	0.015602	0.000769
6.430000	0.015576	0.000767
6.440000	0.015549	0.000766
6.450000	0.015523	0.000764
6.460000	0.015497	0.000762
6.470000	0.015471	0.000761
6.480000	0.015444	0.000759
6.490000	0.015418	0.000758
6.500000	0.015392	0.000756
6.510000	0.015366	0.000755
6.520000	0.015339	0.000753
6.530000	0.015313	0.000752
6.540000	0.015287	0.000750
6.550000	0.015261	0.000749
6.560000	0.015235	0.000747
6.570000	0.015209	0.000746
6.580000	0.015183	0.000744
6.590000	0.015157	0.000743
6.600000	0.015131	0.000741
6.610000	0.015105	0.000740
6.620000	0.015079	0.000738
6.630000	0.015053	0.000737
6.640000	0.015028	0.000735
6.650000	0.015002	0.000734
6.660000	0.014976	0.000732
6.670000	0.014950	0.000731
6.680000	0.014924	0.000729
6.690000	0.014899	0.000728
6.700000	0.014873	0.000726
6.710000	0.014847	0.000725
6.720000	0.014822	0.000723
6.730000	0.014796	0.000722
6.740000	0.014771	0.000721
6.750000	0.014745	0.000719
6.760000	0.014719	0.000718
6.770000	0.014694	0.000716
6.780000	0.014668	0.000715
6.790000	0.014643	0.000713
6.800000	0.014618	0.000712
6.810000	0.014592	0.000711
6.820000	0.014567	0.000709
6.830000	0.014541	0.000708
6.840000	0.014516	0.000706
6.850000	0.014491	0.000705
6.860000	0.014465	0.000704
6.870000	0.014440	0.000702
6.880000	0.014415	0.000701
6.890000	0.014390	0.000699
6.900000	0.014365	0.000698
6.910000	0.014340	0.000697
6.920000	0.014314	0.000695
6.930000	0.014289	0.000694
6.940000	0.014264	0.000692
6.950000	0.014239	0.000691
6.960000	0.014214	0.000690
6.970000	0.014189	0.000688
6.980000	0.014164	0.000687
6.990000	0.014139	0.000686
7.000000	0.014114	0.000684
7.010000	0.014090	0.000683
7.020000	0.014065	0.000681
7.030000	0.014040	0.000680
7.040000	0.014015	0.000679
7.050000	0.013990	0.000677
7.060000	0.013966	0.000676
7.070000	0.013941	0.000675
7.080000	0.013916	0.000673
7.090000	0.013892	0.000672
7.100000	0.013867	0.000671
7.110000	0.013842	0.000669
7.120000	0.013818	0.000668
7.130000	0.013793	0.000667
7.140000	0.013769	0.000665
7.150000	0.013744	0.000664
7.160000	0.013720	0.000663
7.170000	0.013695	0.000662
7.180000	0.013671	0.000660
7.190000	0.013646	0.000659
7.200000	0.013622	0.000658
7.210000	0.013598	0.000656
7.220000	0.013573	0.000655
7.230000	0.013549	0.000654
7.240000	0.013525	0.000652
7.250000	0.013501	0.000651
7.260000	0.013476	0.000650
7.270000	0.013452	0.000649
7.280000	0.013428	0.000647
7.290000	0.013404	0.000646
7.300000	0.013380	0.000645
7.310000	0.013356	0.000644
7.320000	0.013332	0.000642
7.330000	0.013308	0.000641
7.340000	0.013284	0.000640
7.350000	0.013260	0.000639
7.360000	0.013236	0.000637
7.370000	0.013212	0.000636
7.380000	0.013188	0.000635
7.390000	0.013164	0.000634
7.400000	0.013140	0.000632
7.410000	0.013117	0.000631
7.420000	0.013093	0.000630
7.430000	0.013069	0.000629
7.440000	0.013045	0.000627
7.450000	0.013022	0.000626
7.460000	0.012998	0.000625
7.470000	0.012974	0.000624
7.480000	0.012951	0.000623
7.490000	0.012927	0.000621
7.500000	0.012904	0.000620
7.510000	0.012880	0.000619
7.520000	0.012857	0.000618
7.530000	0.012833	0.000617
7.540000	0.012810	0.000615
7.550000	0.012786	0.000614
7.560000	0.012763	0.000613
7.570000	0.012740	0.000612
7.580000	0.012716	0.000611
7.590000	0.012693	0.000609
7.600000	0.012670	0.000608
7.610000	0.012646	0.000607
7.620000	0.012623	0.000606
7.630000	0.012600	0.000605
7.640000	0.012577	0.000604
7.650000	0.012554	0.000602
7.660000	0.012531	0.000601
7.670000	0.012507	0.000600
7.680000	0.012484	0.000599
7.690000	0.012461	0.000598
7.700000	0.012438	0.000597
7.710000	0.012415	0.000595
7.720000	0.012392	0.000594
7.730000	0.012370	0.000593
7.740000	0.012347	0.000592
7.750000	0.012324	0.000591
7.760000	0.012301	0.000590
7.770000	0.012278	0.000589
7.780000	0.012255	0.000587
7.790000	0.012233	0.000586
7.800000	0.012210	0.000585
7.810000	0.012187	0.000584
7.820000	0.012164	0.000583
7.830000	0.012142	0.000582
7.840000	0.012119	0.000581
7.850000	0.012097	0.000580
7.860000	0.012074	0.000578
7.870000	0.012052	0.000577
7.880000	0.012029	0.000576
7.890000	0.012007	0.000575
7.900000	0.011984	0.000574
7.910000	0.011962	0.000573
7.920000	0.011939	0.000572
7.930000	0.011917	0.000571
7.940000	0.011895	0.000570
7.950000	0.011872	0.000569
7.960000	0.011850	0.000568
7.970000	0.011828	0.000566
7.980000	0.011805	0.000565
7.990000	0.011783	0.000564
8.000000	0.011761	0.000563
8.010000	0.011739	0.000562
8.020000	0.011717	0.000561
8.030000	0.011695	0.000560
8.040000	0.011673	0.000559
8.050000	0.011651	0.000558
8.060000	0.011629	0.000557
8.070000	0.011607	0.000556
8.080000	0.011585	0.000555
8.090000	0.011563	0.000554
8.100000	0.011541	0.000553
8.110000	0.011519	0.000552
8.120000	0.011497	0.000551
8.130000	0.011475	0.000549
8.140000	0.011454	0.000548
8.150000	0.011432	0.000547
8.160000	0.011410	0.000546
8.170000	0.011388	0.000545
8.180000	0.011367	0.000544
8.190000	0.011345	0.000543
8.200000	0.011323	0.000542
8.210000	0.011302	0.000541
8.220000	0.011280	0.000540
8.230000	0.011259	0.000539
8.240000	0.011237	0.000538
8.250000	0.011216	0.000537
8.260000	0.011194	0.000536
8.270000	0.011173	0.000535
8.280000	0.011151	0.000534
8.290000	0.011130	0.000533
8.300000	0.011109	0.000532
8.310000	0.011087	0.000531
8.320000	0.011066	0.000530
8.330000	0.011045	0.000529
8.340000	0.011024	0.000528
8.350000	0.011002	0.000527
8.360000	0.010981	0.000526
8.370000	0.010960	0.000525
8.380000	0.010939	0.000524
8.390000	0.010918	0.000523
8.400000	0.010897	0.000522
8.410000	0.010876	0.000521
8.420000	0.010855	0.000520
8.430000	0.010834	0.000519
8.440000	0.010813	0.000518
8.450000	0.010792	0.000517
8.460000	0.010771	0.000516
8.470000	0.010750	0.000515
8.480000	0.010729	0.000514
8.490000	0.010708	0.000514
8.500000	0.010688	0.000513
8.510000	0.010667	0.000512
8.520000	0.010646	0.000511
8.530000	0.010625	0.000510
8.540000	0.010605	0.000509
8.550000	0.010584	0.000508
8.560000	0.010564	0.000507
8.570000	0.010543	0.000506
8.580000	0.010522	0.000505
8.590000	0.010502	0.000504
8.600000	0.010481	0.000503
8.610000	0.010461	0.000502
8.620000	0.010440	0.000501
8.630000	0.010420	0.000500
8.640000	0.010400	0.000499
8.650000	0.010379	0.000498
8.660000	0.010359	0.000498
8.670000	0.010338	0.000497
8.680000	0.010318	0.000496
8.690000	0.010298	0.000495
8.700000	0.010278	0.000494
8.710000	0.010257	0.000493
8.720000	0.010237	0.000492
8.730000	0.010217	0.000491
8.740000	0.010197	0.000490
8.750000	0.010177	0.000489
8.760000	0.010157	0.000488
8.770000	0.010137	0.000488
8.780000	0.010117	0.000487
8.790000	0.010097	0.000486
8.800000	0.010077	0.000485
8.810000	0.010057	0.000484
8.820000	0.010037	0.000483
8.830000	0.010017	0.000482
8.840000	0.009997	0.000481
8.850000	0.009978	0.000480
8.860000	0.009958	0.000480
8.870000	0.009938	0.000479
8.880000	0.009918	0.000478
8.890000	0.009899	0.000477
8.900000	0.009879	0.000476
8.910000	0.009859	0.000475
8.920000	0.009840	0.000474
8.930000	0.009820	0.000473
8.940000	0.009800	0.000473
8.950000	0.009781	0.000472
8.960000	0.009761	0.000471
8.970000	0.009742	0.000470
8.980000	0.009722	0.000469
8.990000	0.009703	0.000468
9.000000	0.009684	0.000467
9.010000	0.009664	0.000467
9.020000	0.009645	0.000466
9.030000	0.009625	0.000465
9.040000	0.009606	0.000464
9.050000	0.009587	0.000463
9.060000	0.009568	0.000462
9.070000	0.009548	0.000461
9.080000	0.009529	0.000461
9.090000	0.009510	0.000460
9.100000	0.009491	0.000459
9.110000	0.009472	0.000458
9.120000	0.009453	0.000457
9.130000	0.009434	0.000456
9.140000	0.009415	0.000456
9.150000	0.009396	0.000455
9.160000	0.009377	0.000454
9.170000	0.009358	0.000453
9.180000	0.009339	0.000452
9.190000	0.009320	0.000452
9.200000	0.009301	0.000451
9.210000	0.009282	0.000450
9.220000	0.009264	0.000449
9.230000	0.009245	0.000448
9.240000	0.009226	0.000448
9.250000	0.009207	0.000447
9.260000	0.009189	0.000446
9.270000	0.009170	0.000445
9.280000	0.009151	0.000444
9.290000	0.009133	0.000443
9.300000	0.009114	0.000443
9.310000	0.009096	0.000442
9.320000	0.009077	0.000441
9.330000	0.009059	0.000440
9.340000	0.009040	0.000440
9.350000	0.009022	0.000439
9.360000	0.009003	0.000438
9.370000	0.008985	0.000437
9.380000	0.008966	0.000436
9.390000	0.008948	0.000436
9.400000	0.008930	0.000435
9.410000	0.008912	0.000434
9.420000	0.008893	0.000433
9.430000	0.008875	0.000432
9.440000	0.008857	0.000432
9.450000	0.008839	0.000431
9.460000	0.008821	0.000430
9.470000	0.008802	0.000429
9.480000	0.008784	0.000429
9.490000	0.008766	0.000428
9.500000	0.008748	0.000427
9.510000	0.008730	0.000426
9.520000	0.008712	0.000426
9.530000	0.008694	0.000425
9.540000	0.008676	0.000424
9.550000	0.008658	0.000423
9.560000	0.008641	0.000423
9.570000	0.008623	0.000422
9.580000	0.008605	0.000421
9.590000	0.008587	0.000420
9.600000	0.008569	0.000420
9.610000	0.008552	0.000419
9.620000	0.008534	0.000418
9.630000	0.008516	0.000417
9.640000	0.008499	0.000417
9.650000	0.008481	0.000416
9.660000	0.008463	0.000415
9.670000	0.008446	0.000414
9.680000	0.008428	0.000414
9.690000	0.008411	0.000413
9.700000	0.008393	0.000412
9.710000	0.008376	0.000411
9.720000	0.008358	0.000411
9.730000	0.008341	0.000410
9.740000	0.008323	0.000409
9.750000	0.008306	0.000409
9.760000	0.008289	0.000408
9.770000	0.008271	0.000407
9.780000	0.008254	0.000406
9.790000	0.008237	0.000406
9.800000	0.008220	0.000405
9.810000	0.008202	0.000404
9.820000	0.008185	0.000404
9.830000	0.008168	0.000403
9.840000	0.008151	0.000402
9.850000	0.008134	0.000401
9.860000	0.008117	0.000401
9.870000	0.008100	0.000400
9.880000	0.008083	0.000399
9.890000	0.008066	0.000399
9.900000	0.008049	0.000398
9.910000	0.008032	0.000397
9.920000	0.008015	0.000397
9.930000	0.007998	0.000396
9.940000	0.007981	0.000395
9.950000	0.007964	0.000394
9.960000	0.007948	0.000394
9.970000	0.007931	0.000393
9.980000	0.007914	0.000392
9.990000	0.007897	0.000392
10.000000	0.007881	0.000391
