-10.000000	0.000244	0.008535
-9.990000	0.000245	0.008553
-9.980000	0.000245	0.008571
-9.970000	0.000246	0.008589
-9.960000	0.000246	0.008607
-9.950000	0.000247	0.008625
-9.940000	0.000247	0.008643
-9.930000	0.000247	0.008662
-9.920000	0.000248	0.008680
-9.910000	0.000248	0.008698
-9.900000	0.000249	0.008717
-9.890000	0.000249	0.008735
-9.880000	0.000250	0.008753
-9.870000	0.000250	0.008772
-9.860000	0.000250	0.008790
-9.850000	0.000251	0.008809
-9.840000	0.000251	0.008827
-9.830000	0.000252	0.008846
-9.820000	0.000252	0.008864
-9.810000	0.000253	0.008883
-9.800000	0.000253	0.008901
-9.790000	0.000253	0.008920
-9.780000	0.000254	0.008939
-9.770000	0.000254	0.008957
-9.760000	0.000255	0.008976
-9.750000	0.000255	0.008995
-9.740000	0.000256	0.009013
-9.730000	0.000256	0.009032
-9.720000	0.000257	0.009051
-9.710000	0.000257	0.009070
-9.700000	0.000258	0.009089
-9.690000	0.000258	0.009108
-9.680000	0.000258	0.009126
-9.670000	0.000259	0.009145
-9.660000	0.000259	0.009164
-9.650000	0.000260	0.009183
-9.640000	0.000260	0.009202
-9.630000	0.000261	0.009221
-9.620000	0.000261	0.009241
-9.610000	0.000262	0.009260
-9.600000	0.000262	0.009279
-9.590000	0.000263	0.009298
-9.580000	0.000263	0.009317
-9.570000	0.000263	0.009336
-9.560000	0.000264	0.009356
-9.550000	0.000264	0.009375
-9.540000	0.000265	0.009394
-9.530000	0.000265	0.009413
-9.520000	0.000266	0.009433
-9.510000	0.000266	0.009452
-9.500000	0.000267	0.009472
-9.490000	0.000267	0.009491
-9.480000	0.000268	0.009510
-9.470000	0.000268	0.009530
-9.460000	0.000269	0.009550
-9.450000	0.000269	0.009569
-9.440000	0.000270	0.009589
-9.430000	0.000270	0.009608
-9.420000	0.000271	0.009628
-9.410000	0.000271	0.009648
-9.400000	0.000271	0.009667
-9.390000	0.000272	0.009687
-9.380000	0.000272	0.009707
-9.370000	0.000273	0.009726
-9.360000	0.000273	0.009746
-9.350000	0.000274	0.009766
-9.340000	0.000274	0.009786
-9.330000	0.000275	0.009806
-9.320000	0.000275	0.009826
-9.310000	0.000276	0.009846
-9.300000	0.000276	0.009866
-9.290000	0.000277	0.009886
-9.280000	0.000277	0.009906
-9.270000	0.000278	0.009926
-9.260000	0.000278	0.009946
-9.250000	0.000279	0.009966
-9.240000	0.000279	0.009986
-9.230000	0.000280	0.010006
-9.220000	0.000280	0.010026
-9.210000	0.000281	0.010046
-9.200000	0.000281	0.010067
-9.190000	0.000282	0.010087
-9.180000	0.000282	0.010107
-9.170000	0.000283	0.010127
-9.160000	0.000283	0.010148
-9.150000	0.000284	0.010168
-9.140000	0.000284	0.010189
-9.130000	0.000285	0.010209
-9.120000	0.000285	0.010229
-9.110000	0.000286	0.010250
-9.100000	0.000287	0.010270
-9.090000	0.000287	0.010291
-9.080000	0.000288	0.010312
-9.070000	0.000288	0.010332
-9.060000	0.000289	0.010353
-9.050000	0.000289	0.010373
-9.040000	0.000290	0.010394
-9.030000	0.000290	0.010415
-9.020000	0.000291	0.010436
-9.010000	0.000291	0.010456
-9.000000	0.000292	0.010477
-8.990000	0.000292	0.010498
-8.980000	0.000293	0.010519
-8.970000	0.000293	0.010540
-8.960000	0.000294	0.010560
-8.950000	0.000294	0.010581
-8.940000	0.000295	0.010602
-8.930000	0.000296	0.010623
-8.920000	0.000296	0.010644
-8.910000	0.000297	0.010665
-8.900000	0.000297	0.010686
-8.890000	0.000298	0.010707
-8.880000	0.000298	0.010729
-8.870000	0.000299	0.010750
-8.860000	0.000299	0.010771
-8.850000	0.000300	0.010792
-8.840000	0.000300	0.010813
-8.830000	0.000301	0.010835
-8.820000	0.000302	0.010856
-8.810000	0.000302	0.010877
-8.800000	0.000303	0.010898
-8.790000	0.000303	0.010920
-8.780000	0.000304	0.010941
-8.770000	0.000304	0.010963
-8.760000	0.000305	0.010984
-8.750000	0.000305	0.011006
-8.740000	0.000306	0.011027
-8.730000	0.000307	0.011049
-8.720000	0.000307	0.011070
-8.710000	0.000308	0.011092
-8.700000	0.000308	0.011113
-8.690000	0.000309	0.011135
-8.680000	0.000309	0.011157
-8.670000	0.000310	0.011178
-8.660000	0.000311	0.011200
-8.650000	0.000311	0.011222
-8.640000	0.000312	0.011244
-8.630000	0.000312	0.011265
-8.620000	0.000313	0.011287
-8.610000	0.000314	0.011309
-8.600000	0.000314	0.011331
-8.590000	0.000315	0.011353
-8.580000	0.000315	0.011375
-8.570000	0.000316	0.011397
-8.560000	0.000316	0.011419
-8.550000	0.000317	0.011441
-8.540000	0.000318	0.011463
-8.530000	0.000318	0.011485
-8.520000	0.000319	0.011507
-8.510000	0.000319	0.011529
-8.500000	0.000320	0.011551
-8.490000	0.000321	0.011573
-8.480000	0.000321	0.011596
-8.470000	0.000322	0.011618
-8.460000	0.000322	0.011640
-8.450000	0.000323	0.011662
-8.440000	0.000324	0.011685
-8.430000	0.000324	0.011707
-8.420000	0.000325	0.011729
-8.410000	0.000325	0.011752
-8.400000	0.000326	0.011774
-8.390000	0.000327	0.011797
-8.380000	0.000327	0.011819
-8.370000	0.000328	0.011842
-8.360000	0.000329	0.011864
-8.350000	0.000329	0.011887
-8.340000	0.000330	0.011909
-8.330000	0.000330	0.011932
-8.320000	0.000331	0.011955
-8.310000	0.000332	0.011977
-8.300000	0.000332	0.012000
-8.290000	0.000333	0.012023
-8.280000	0.000334	0.012046
-8.270000	0.000334	0.012068
-8.260000	0.000335	0.012091
-8.250000	0.000336	0.012114
-8.240000	0.000336	0.012137
-8.230000	0.000337	0.012160
-8.220000	0.000337	0.012183
-8.210000	0.000338	0.012206
-8.200000	0.000339	0.012229
-8.190000	0.000339	0.012252
-8.180000	0.000340	0.012275
-8.170000	0.000341	0.012298
-8.160000	0.000341	0.012321
-8.150000	0.000342	0.012344
-8.140000	0.000343	0.012367
-8.130000	0.000343	0.012390
-8.120000	0.000344	0.012413
-8.110000	0.000345	0.012437
-8.100000	0.000345	0.012460
-8.090000	0.000346	0.012483
-8.080000	0.000347	0.012506
-8.070000	0.000347	0.012530
-8.060000	0.000348	0.012553
-8.050000	0.000349	0.012576
-8.040000	0.000349	0.012600
-8.030000	0.000350	0.012623
-8.020000	0.000351	0.012647
-8.010000	0.000351	0.012670
-8.000000	0.000352	0.012694
-7.990000	0.000353	0.012717
-7.980000	0.000353	0.012741
-7.970000	0.000354	0.012765
-7.960000	0.000355	0.012788
-7.950000	0.000355	0.012812
-7.940000	0.000356	0.012835
-7.930000	0.000357	0.012859
-7.920000	0.000357	0.012883
-7.910000	0.000358	0.012907
-7.900000	0.000359	0.012930
-7.890000	0.000360	0.012954
-7.880000	0.000360	0.012978
-7.870000	0.000361	0.013002
-7.860000	0.000362	0.013026
-7.850000	0.000362	0.013050
-7.840000	0.000363	0.013074
-7.830000	0.000364	0.013098
-7.820000	0.000364	0.013122
-7.810000	0.000365	0.013146
-7.800000	0.000366	0.013170
-7.790000	0.000367	0.013194
-7.780000	0.000367	0.013218
-7.770000	0.000368	0.013242
-7.760000	0.000369	0.013266
-7.750000	0.000370	0.013290
-7.740000	0.000370	0.013315
-7.730000	0.000371	0.013339
-7.720000	0.000372	0.013363
-7.710000	0.000372	0.013387
-7.700000	0.000373	0.013412
-7.690000	0.000374	0.013436
-7.680000	0.000375	0.013460
-7.670000	0.000375	0.013485
-7.660000	0.000376	0.013509
-7.650000	0.000377	0.013534
-7.640000	0.000378	0.013558
-7.630000	0.000378	0.013583
-7.620000	0.000379	0.013607
-7.610000	0.000380	0.013632
-7.600000	0.000381	0.013656
-7.590000	0.000381	0.013681
-7.580000	0.000382	0.013706
-7.570000	0.000383	0.013730
-7.560000	0.000384	0.013755
-7.550000	0.000384	0.013780
-7.540000	0.000385	0.013804
-7.530000	0.000386	0.013829
-7.520000	0.000387	0.013854
-7.510000	0.000387	0.013879
-7.500000	0.000388	0.013904
-7.490000	0.000389	0.013929
-7.480000	0.000390	0.013953
-7.470000	0.000391	0.013978
-7.460000	0.000391	0.014003
-7.450000	0.000392	0.014028
-7.440000	0.000393	0.014053
-7.430000	0.000394	0.014078
-7.420000	0.000394	0.014103
-7.410000	0.000395	0.014128
-7.400000	0.000396	0.014154
-7.390000	0.000397	0.014179
-7.380000	0.000398	0.014204
-7.370000	0.000398	0.014229
-7.360000	0.000399	0.014254
-7.350000	0.000400	0.014280
-7.340000	0.000401	0.014305
-7.330000	0.000402	0.014330
-7.320000	0.000402	0.014355
-7.310000	0.000403	0.014381
-7.300000	0.000404	0.014406
-7.290000	0.000405	0.014432
-7.280000	0.000406	0.014457
-7.270000	0.000406	0.014482
-7.260000	0.000407	0.014508
-7.250000	0.000408	0.014533
-7.240000	0.000409	0.014559
-7.230000	0.000410	0.014584
-7.220000	0.000411	0.014610
-7.210000	0.000411	0.014636
-7.200000	0.000412	0.014661
-7.190000	0.000413	0.014687
-7.180000	0.000414	0.014713
-7.170000	0.000415	0.014738
-7.160000	0.000416	0.014764
-7.150000	0.000416	0.014790
-7.140000	0.000417	0.014816
-7.130000	0.000418	0.014841
-7.120000	0.000419	0.014867
-7.110000	0.000420	0.014893
-7.100000	0.000421	0.014919
-7.090000	0.000422	0.014945
-7.080000	0.000422	0.014971
-7.070000	0.000423	0.014997
-7.060000	0.000424	0.015023
-7.050000	0.000425	0.015049
-7.040000	0.000426	0.015075
-7.030000	0.000427	0.015101
-7.020000	0.000428	0.015127
-7.010000	0.000428	0.015153
-7.000000	0.000429	0.015179
-6.990000	0.000430	0.015205
-6.980000	0.000431	0.015232
-6.970000	0.000432	0.015258
-6.960000	0.000433	0.015284
-6.950000	0.000434	0.015310
-6.940000	0.000435	0.015337
-6.930000	0.000435	0.015363
-6.920000	0.000436	0.015389
-6.910000	0.000437	0.015416
-6.900000	0.000438	0.015442
-6.890000	0.000439	0.015468
-6.880000	0.000440	0.015495
-6.870000	0.000441	0.015521
-6.860000	0.000442	0.015548
-6.850000	0.000443	0.015574
-6.840000	0.000444	0.015601
-6.830000	0.000445	0.015627
-6.820000	0.000445	0.015654
-6.810000	0.000446	0.015681
-6.800000	0.000447	0.015707
-6.790000	0.000448	0.015734
-6.780000	0.000449	0.015761
-6.770000	0.000450	0.015787
-6.760000	0.000451	0.015814
-6.750000	0.000452	0.015841
-6.740000	0.000453	0.015868
-6.730000	0.000454	0.015894
-6.720000	0.000455	0.015921
-6.710000	0.000456	0.015948
-6.700000	0.000457	0.015975
-6.690000	0.000458	0.016002
-6.680000	0.000459	0.016029
-6.670000	0.000459	0.016056
-6.660000	0.000460	0.016083
-6.650000	0.000461	0.016110
-6.640000	0.000462	0.016137
-6.630000	0.000463	0.016164
-6.620000	0.000464	0.016191
-6.610000	0.000465	0.016218
-6.600000	0.000466	0.016245
-6.590000	0.000467	0.016272
-6.580000	0.000468	0.016300
-6.570000	0.000469	0.016327
-6.560000	0.000470	0.016354
-6.550000	0.000471	0.016381
-6.540000	0.000472	0.016409
-6.530000	0.000473	0.016436
-6.520000	0.000474	0.016463
-6.510000	0.000475	0.016490
-6.500000	0.000476	0.016518
-6.490000	0.000477	0.016545
-6.480000	0.000478	0.016573
-6.470000	0.000479	0.016600
-6.460000	0.000480	0.016628
-6.450000	0.000481	0.016655
-6.440000	0.000482	0.016683
-6.430000	0.000483	0.016710
-6.420000	0.000484	0.016738
-6.410000	0.000485	0.016765
-6.400000	0.000486	0.016793
-6.390000	0.000487	0.016821
-6.380000	0.000488	0.016848
-6.370000	0.000489	0.016876
-6.360000	0.000490	0.016904
-6.350000	0.000491	0.016931
-6.340000	0.000492	0.016959
-6.330000	0.000493	0.016987
-6.320000	0.000494	0.017015
-6.310000	0.000495	0.017042
-6.300000	0.000497	0.017070
-6.290000	0.000498	0.017098
-6.280000	0.000499	0.017126
-6.270000	0.000500	0.017154
-6.260000	0.000501	0.017182
-6.250000	0.000502	0.017210
-6.240000	0.000503	0.017238
-6.230000	0.000504	0.017266
-6.220000	0.000505	0.017294
-6.210000	0.000506	0.017322
-6.200000	0.000507	0.017350
-6.190000	0.000508	0.017378
-6.180000	0.000509	0.017406
-6.170000	0.000510	0.017434
-6.160000	0.000512	0.017463
-6.150000	0.000513	0.017491
-6.140000	0.000514	0.017519
-6.130000	0.000515	0.017547
-6.120000	0.000516	0.017576
-6.110000	0.000517	0.017604
-6.100000	0.000518	0.017632
-6.090000	0.000519	0.017660
-6.080000	0.000520	0.017689
-6.070000	0.000521	0.017717
-6.060000	0.000523	0.017746
-6.050000	0.000524	0.017774
-6.040000	0.000525	0.017802
-6.030000	0.000526	0.017831
-6.020000	0.000527	0.017859
-6.010000	0.000528	0.017888
-6.000000	0.000529	0.017916
-5.990000	0.000530	0.017945
-5.980000	0.000532	0.017974
-5.970000	0.000533	0.018002
-5.960000	0.000534	0.018031
-5.950000	0.000535	0.018059
-5.940000	0.000536	0.018088
-5.930000	0.000537	0.018117
-5.920000	0.000539	0.018146
-5.910000	0.000540	0.018174
-5.900000	0.000541	0.018203
-5.890000	0.000542	0.018232
-5.880000	0.000543	0.018261
-5.870000	0.000544	0.018289
-5.860000	0.000546	0.018318
-5.850000	0.000547	0.018347
-5.840000	0.000548	0.018376
-5.830000	0.000549	0.018405
-5.820000	0.000550	0.018434
-5.810000	0.000551	0.018463
-5.800000	0.000553	0.018492
-5.790000	0.000554	0.018521
-5.780000	0.000555	0.018550
-5.770000	0.000556	0.018579
-5.760000	0.000557	0.018608
-5.750000	0.000559	0.018637
-5.740000	0.000560	0.018666
-5.730000	0.000561	0.018695
-5.720000	0.000562	0.018724
-5.710000	0.000564	0.018754
-5.700000	0.000565	0.018783
-5.690000	0.000566	0.018812
-5.680000	0.000567	0.018841
-5.670000	0.000568	0.018870
-5.660000	0.000570	0.018900
-5.650000	0.000571	0.018929
-5.640000	0.000572	0.018958
-5.630000	0.000573	0.018988
-5.620000	0.000575	0.019017
-5.610000	0.000576	0.019046
-5.600000	0.000577	0.019076
-5.590000	0.000579	0.019105
-5.580000	0.000580	0.019135
-5.570000	0.000581	0.019164
-5.560000	0.000582	0.019194
-5.550000	0.000584	0.019223
-5.540000	0.000585	0.019253
-5.530000	0.000586	0.019282
-5.520000	0.000587	0.019312
-5.510000	0.000589	0.019341
-5.500000	0.000590	0.019371
-5.490000	0.000591	0.019401
-5.480000	0.000593	0.019430
-5.470000	0.000594	0.019460
-5.460000	0.000595	0.019490
-5.450000	0.000597	0.019519
-5.440000	0.000598	0.019549
-5.430000	0.000599	0.019579
-5.420000	0.000601	0.019609
-5.410000	0.000602	0.019638
-5.400000	0.000603	0.019668
-5.390000	0.000604	0.019698
-5.380000	0.000606	0.019728
-5.370000	0.000607	0.019758
-5.360000	0.000609	0.019788
-5.350000	0.000610	0.019817
-5.340000	0.000611	0.019847
-5.330000	0.000613	0.019877
-5.320000	0.000614	0.019907
-5.310000	0.000615	0.019937
-5.300000	0.000617	0.019967
-5.290000	0.000618	0.019997
-5.280000	0.000619	0.020027
-5.270000	0.000621	0.020057
-5.260000	0.000622	0.020088
-5.250000	0.000624	0.020118
-5.240000	0.000625	0.020148
-5.230000	0.000626	0.020178
-5.220000	0.000628	0.020208
-5.210000	0.000629	0.020238
-5.200000	0.000630	0.020268
-5.190000	0.000632	0.020299
-5.180000	0.000633	0.020329
-5.170000	0.000635	0.020359
-5.160000	0.000636	0.020389
-5.150000	0.000638	0.020420
-5.140000	0.000639	0.020450
-5.130000	0.000640	0.020480
-5.120000	0.000642	0.020511
-5.110000	0.000643	0.020541
-5.100000	0.000645	0.020572
-5.090000	0.000646	0.020602
-5.080000	0.000648	0.020632
-5.070000	0.000649	0.020663
-5.060000	0.000650	0.020693
-5.050000	0.000652	0.020724
-5.040000	0.000653	0.020754
-5.030000	0.000655	0.020785
-5.020000	0.000656	0.020815
-5.010000	0.000658	0.020846
-5.000000	0.000659	0.020876
-4.990000	0.000661	0.020907
-4.980000	0.000662	0.020938
-4.970000	0.000664	0.020968
-4.960000	0.000665	0.020999
-4.950000	0.000667	0.021030
-4.940000	0.000668	0.021060
-4.930000	0.000670	0.021091
-4.920000	0.000671	0.021122
-4.910000	0.000673	0.021152
-4.900000	0.000674	0.021183
-4.890000	0.000676	0.021214
-4.880000	0.000677	0.021245
-4.870000	0.000679	0.021276
-4.860000	0.000680	0.021306
-4.850000	0.000682	0.021337
-4.840000	0.000683	0.021368
-4.830000	0.000685	0.021399
-4.820000	0.000687	0.021430
-4.810000	0.000688	0.021461
-4.800000	0.000690	0.021492
-4.790000	0.000691	0.021523
-4.780000	0.000693	0.021554
-4.770000	0.000694	0.021585
-4.760000	0.000696	0.021616
-4.750000	0.000698	0.021647
-4.740000	0.000699	0.021678
-4.730000	0.000701	0.021709
-4.720000	0.000702	0.021740
-4.710000	0.000704	0.021771
-4.700000	0.000705	0.021802
-4.690000	0.000707	0.021833
-4.680000	0.000709	0.021864
-4.670000	0.000710	0.021895
-4.660000	0.000712	0.021926
-4.650000	0.000714	0.021958
-4.640000	0.000715	0.021989
-4.630000	0.000717	0.022020
-4.620000	0.000718	0.022051
-4.610000	0.000720	0.022082
-4.600000	0.000722	0.022114
-4.590000	0.000723	0.022145
-4.580000	0.000725	0.022176
-4.570000	0.000727	0.022208
-4.560000	0.000728	0.022239
-4.550000	0.000730	0.022270
-4.540000	0.000732	0.022302
-4.530000	0.000733	0.022333
-4.520000	0.000735	0.022364
-4.510000	0.000737	0.022396
-4.500000	0.000738	0.022427
-4.490000	0.000740	0.022459
-4.480000	0.000742	0.022490
-4.470000	0.000743	0.022522
-4.460000	0.000745	0.022553
-4.450000	0.000747	0.022584
-4.440000	0.000749	0.022616
-4.430000	0.000750	0.022648
-4.420000	0.000752	0.022679
-4.410000	0.000754	0.022711
-4.400000	0.000755	0.022742
-4.390000	0.000757	0.022774
-4.380000	0.000759	0.022805
-4.370000	0.000761	0.022837
-4.360000	0.000762	0.022869
-4.350000	0.000764	0.022900
-4.340000	0.000766	0.022932
-4.330000	0.000768	0.022964
-4.320000	0.000770	0.022995
-4.310000	0.000771	0.023027
-4.300000	0.000773	0.023059
-4.290000	0.000775	0.023090
-4.280000	0.000777	0.023122
-4.270000	0.000778	0.023154
-4.260000	0.000780	0.023186
-4.250000	0.000782	0.023217
-4.240000	0.000784	0.023249
-4.230000	0.000786	0.023281
-4.220000	0.000787	0.023313
-4.210000	0.000789	0.023345
-4.200000	0.000791	0.023377
-4.190000	0.000793	0.023408
-4.180000	0.000795	0.023440
-4.170000	0.000797	0.023472
-4.160000	0.000798	0.023504
-4.150000	0.000800	0.023536
-4.140000	0.000802	0.023568
-4.130000	0.000804	0.023600
-4.120000	0.000806	0.023632
-4.110000	0.000808	0.023664
-4.100000	0.000810	0.023696
-4.090000	0.000812	0.023728
-4.080000	0.000813	0.023760
-4.070000	0.000815	0.023792
-4.060000	0.000817	0.023824
-4.050000	0.000819	0.023856
-4.040000	0.000821	0.023888
-4.030000	0.000823	0.023920
-4.020000	0.000825	0.023952
-4.010000	0.000827	0.023984
-4.000000	0.000829	0.024016
-3.990000	0.000831	0.024048
-3.980000	0.000833	0.024081
-3.970000	0.000834	0.024113
-3.960000	0.000836	0.024145
-3.950000	0.000838	0.024177
-3.940000	0.000840	0.024209
-3.930000	0.000842	0.024241
-3.920000	0.000844	0.024274
-3.910000	0.000846	0.024306
-3.900000	0.000848	0.024338
-3.890000	0.000850	0.024370
-3.880000	0.000852	0.024403
-3.870000	0.000854	0.024435
-3.860000	0.000856	0.024467
-3.850000	0.000858	0.024500
-3.840000	0.000860	0.024532
-3.830000	0.000862	0.024564
-3.820000	0.000864	0.024596
-3.810000	0.000866	0.024629
-3.800000	0.000868	0.024661
-3.790000	0.000870	0.024693
-3.780000	0.000872	0.024726
-3.770000	0.000874	0.024758
-3.760000	0.000876	0.024791
-3.750000	0.000878	0.024823
-3.740000	0.000881	0.024855
-3.730000	0.000883	0.024888
-3.720000	0.000885	0.024920
-3.710000	0.000887	0.024953
-3.700000	0.000889	0.024985
-3.690000	0.000891	0.025018
-3.680000	0.000893	0.025050
-3.670000	0.000895	0.025083
-3.660000	0.000897	0.025115
-3.650000	0.000899	0.025148
-3.640000	0.000901	0.025180
-3.630000	0.000904	0.025213
-3.620000	0.000906	0.025245
-3.610000	0.000908	0.025278
-3.600000	0.000910	0.025310
-3.590000	0.000912	0.025343
-3.580000	0.000914	0.025375
-3.570000	0.000916	0.025408
-3.560000	0.000919	0.025441
-3.550000	0.000921	0.025473
-3.540000	0.000923	0.025506
-3.530000	0.000925	0.025538
-3.520000	0.000927	0.025571
-3.510000	0.000930	0.025604
-3.500000	0.000932	0.025636
-3.490000	0.000934	0.025669
-3.480000	0.000936	0.025702
-3.470000	0.000938	0.025734
-3.460000	0.000941	0.025767
-3.450000	0.000943	0.025800
-3.440000	0.000945	0.025832
-3.430000	0.000947	0.025865
-3.420000	0.000950	0.025898
-3.410000	0.000952	0.025931
-3.400000	0.000954	0.025963
-3.390000	0.000956	0.025996
-3.380000	0.000959	0.026029
-3.370000	0.000961	0.026062
-3.360000	0.000963	0.026094
-3.350000	0.000965	0.026127
-3.340000	0.000968	0.026160
-3.330000	0.000970	0.026193
-3.320000	0.000972	0.026226
-3.310000	0.000975	0.026258
-3.300000	0.000977	0.026291
-3.290000	0.000979	0.026324
-3.280000	0.000982	0.026357
-3.270000	0.000984	0.026390
-3.260000	0.000986	0.026422
-3.250000	0.000989	0.026455
-3.240000	0.000991	0.026488
-3.230000	0.000993	0.026521
-3.220000	0.000996	0.026554
-3.210000	0.000998	0.026587
-3.200000	0.001000	0.026620
-3.190000	0.001003	0.026653
-3.180000	0.001005	0.026685
-3.170000	0.001008	0.026718
-3.160000	0.001010	0.026751
-3.150000	0.001012	0.026784
-3.140000	0.001015	0.026817
-3.130000	0.001017	0.026850
-3.120000	0.001020	0.026883
-3.110000	0.001022	0.026916
-3.100000	0.001025	0.026949
-3.090000	0.001027	0.026982
-3.080000	0.001029	0.027015
-3.070000	0.001032	0.027048
-3.060000	0.001034	0.027081
-3.050000	0.001037	0.027114
-3.040000	0.001039	0.027147
-3.030000	0.001042	0.027180
-3.020000	0.001044	0.027213
-3.010000	0.001047	0.027246
-3.000000	0.001049	0.027279
-2.990000	0.001052	0.027312
-2.980000	0.001054	0.027345
-2.970000	0.001057	0.027378
-2.960000	0.001059	0.027411
-2.950000	0.001062	0.027444
-2.940000	0.001065	0.027477
-2.930000	0.001067	0.027510
-2.920000	0.001070	0.027543
-2.910000	0.001072	0.027576
-2.900000	0.001075	0.027609
-2.890000	0.001077	0.027642
-2.880000	0.001080	0.027675
-2.870000	0.001083	0.027708
-2.860000	0.001085	0.027741
-2.850000	0.001088	0.027774
-2.840000	0.001090	0.027807
-2.830000	0.001093	0.027840
-2.820000	0.001096	0.027873
-2.810000	0.001098	0.027907
-2.800000	0.001101	0.027940
-2.790000	0.001104	0.027973
-2.780000	0.001106	0.028006
-2.770000	0.001109	0.028039
-2.760000	0.001112	0.028072
-2.750000	0.001114	0.028105
-2.740000	0.001117	0.028138
-2.730000	0.001120	0.028171
-2.720000	0.001122	0.028204
-2.710000	0.001125	0.028238
-2.700000	0.001128	0.028271
-2.690000	0.001130	0.028304
-2.680000	0.001133	0.028337
-2.670000	0.001136	0.028370
-2.660000	0.001139	0.028403
-2.650000	0.001141	0.028436
-2.640000	0.001144	0.028469
-2.630000	0.001147	0.028503
-2.620000	0.001150	0.028536
-2.610000	0.001153	0.028569
-2.600000	0.001155	0.028602
-2.590000	0.001158	0.028635
-2.580000	0.001161	0.028668
-2.570000	0.001164	0.028701
-2.560000	0.001167	0.028735
-2.550000	0.001169	0.028768
-2.540000	0.001172	0.028801
-2.530000	0.001175	0.028834
-2.520000	0.001178	0.028867
-2.510000	0.001181	0.028900
-2.500000	0.001184	0.028933
-2.490000	0.001186	0.028967
-2.480000	0.001189	0.029000
-2.470000	0.001192	0.029033
-2.460000	0.001195	0.029066
-2.450000	0.001198	0.029099
-2.440000	0.001201	0.029132
-2.430000	0.001204	0.029166
-2.420000	0.001207	0.029199
-2.410000	0.001210	0.029232
-2.400000	0.001213	0.029265
-2.390000	0.001216	0.029298
-2.380000	0.001218	0.029331
-2.370000	0.001221	0.029365
-2.360000	0.001224	0.029398
-2.350000	0.001227	0.029431
-2.340000	0.001230	0.029464
-2.330000	0.001233	0.029497
-2.320000	0.001236	0.029530
-2.310000	0.001239	0.029563
-2.300000	0.001242	0.029597
-2.290000	0.001245	0.029630
-2.280000	0.001248	0.029663
-2.270000	0.001251	0.029696
-2.260000	0.001254	0.029729
-2.250000	0.001258	0.029762
-2.240000	0.001261	0.029796
-2.230000	0.001264	0.029829
-2.220000	0.001267	0.029862
-2.210000	0.001270	0.029895
-2.200000	0.001273	0.029928
-2.190000	0.001276	0.029961
-2.180000	0.001279	0.029994
-2.170000	0.001282	0.030028
-2.160000	0.001285	0.030061
-2.150000	0.001289	0.030094
-2.140000	0.001292	0.030127
-2.130000	0.001295	0.030160
-2.120000	0.001298	0.030193
-2.110000	0.001301	0.030226
-2.100000	0.001304	0.030259
-2.090000	0.001308	0.030293
-2.080000	0.001311	0.030326
-2.070000	0.001314	0.030359
-2.060000	0.001317	0.030392
-2.050000	0.001320	0.030425
-2.040000	0.001324	0.030458
-2.030000	0.001327	0.030491
-2.020000	0.001330	0.030524
-2.010000	0.001333	0.030557
-2.000000	0.001337	0.030591
-1.990000	0.001340	0.030624
-1.980000	0.001343	0.030657
-1.970000	0.001346	0.030690
-1.960000	0.001350	0.030723
-1.950000	0.001353	0.030756
-1.940000	0.001356	0.030789
-1.930000	0.001360	0.030822
-1.920000	0.001363	0.030855
-1.910000	0.001366	0.030888
-1.900000	0.001370	0.030921
-1.890000	0.001373	0.030954
-1.880000	0.001376	0.030987
-1.870000	0.001380	0.031020
-1.860000	0.001383	0.031053
-1.850000	0.001386	0.031086
-1.840000	0.001390	0.031119
-1.830000	0.001393	0.031152
-1.820000	0.001397	0.031185
-1.810000	0.001400	0.031218
-1.800000	0.001404	0.031251
-1.790000	0.001407	0.031284
-1.780000	0.001410	0.031317
-1.770000	0.001414	0.031350
-1.760000	0.001417	0.031383
-1.750000	0.001421	0.031416
-1.740000	0.001424	0.031449
-1.730000	0.001428	0.031482
-1.720000	0.001431	0.031515
-1.710000	0.001435	0.031548
-1.700000	0.001438	0.031581
-1.690000	0.001442	0.031614
-1.680000	0.001445	0.031647
-1.670000	0.001449	0.031680
-1.660000	0.001453	0.031713
-1.650000	0.001456	0.031746
-1.640000	0.001460	0.031779
-1.630000	0.001463	0.031811
-1.620000	0.001467	0.031844
-1.610000	0.001470	0.031877
-1.600000	0.001474	0.031910
-1.590000	0.001478	0.031943
-1.580000	0.001481	0.031976
-1.570000	0.001485	0.032009
-1.560000	0.001489	0.032041
-1.550000	0.001492	0.032074
-1.540000	0.001496	0.032107
-1.530000	0.001500	0.032140
-1.520000	0.001503	0.032173
-1.510000	0.001507	0.032206
-1.500000	0.001511	0.032238
-1.490000	0.001514	0.032271
-1.480000	0.001518	0.032304
-1.470000	0.001522	0.032337
-1.460000	0.001526	0.032369
-1.450000	0.001529	0.032402
-1.440000	0.001533	0.032435
-1.430000	0.001537	0.032468
-1.420000	0.001541	0.032500
-1.410000	0.001545	0.032533
-1.400000	0.001548	0.032566
-1.390000	0.001552	0.032598
-1.380000	0.001556	0.032631
-1.370000	0.001560	0.032664
-1.360000	0.001564	0.032696
-1.350000	0.001568	0.032729
-1.340000	0.001571	0.032762
-1.330000	0.001575	0.032794
-1.320000	0.001579	0.032827
-1.310000	0.001583	0.032860
-1.300000	0.001587	0.032892
-1.290000	0.001591	0.032925
-1.280000	0.001595	0.032957
-1.270000	0.001599	0.032990
-1.260000	0.001603	0.033022
-1.250000	0.001607	0.033055
-1.240000	0.001611	0.033088
-1.230000	0.001615	0.033120
-1.220000	0.001619	0.033153
-1.210000	0.001623	0.033185
-1.200000	0.001627	0.033218
-1.190000	0.001631	0.033250
-1.180000	0.001635	0.033283
-1.170000	0.001639	0.033315
-1.160000	0.001643	0.033347
-1.150000	0.001647	0.033380
-1.140000	0.001651	0.033412
-1.130000	0.001655	0.033445
-1.120000	0.001659	0.033477
-1.110000	0.001663	0.033509
-1.100000	0.001667	0.033542
-1.090000	0.001671	0.033574
-1.080000	0.001675	0.033607
-1.070000	0.001680	0.033639
-1.060000	0.001684	0.033671
-1.050000	0.001688	0.033703
-1.040000	0.001692	0.033736
-1.030000	0.001696	0.033768
-1.020000	0.001700	0.033800
-1.010000	0.001705	0.033833
-1.000000	0.001709	0.033865
-0.990000	0.001713	0.033897
-0.980000	0.001717	0.033929
-0.970000	0.001722	0.033961
-0.960000	0.001726	0.033994
-0.950000	0.001730	0.034026
-0.940000	0.001734	0.034058
-0.930000	0.001739	0.034090
-0.920000	0.001743	0.034122
-0.910000	0.001747	0.034154
-0.900000	0.001752	0.034186
-0.890000	0.001756	0.034219
-0.880000	0.001760	0.034251
-0.870000	0.001765	0.034283
-0.860000	0.001769	0.034315
-0.850000	0.001773	0.034347
-0.840000	0.001778	0.034379
-0.830000	0.001782	0.034411
-0.820000	0.001787	0.034443
-0.810000	0.001791	0.034475
-0.800000	0.001795	0.034507
-0.790000	0.001800	0.034539
-0.780000	0.001804	0.034570
-0.770000	0.001809	0.034602
-0.760000	0.001813	0.034634
-0.750000	0.001818	0.034666
-0.740000	0.001822	0.034698
-0.730000	0.001827	0.034730
-0.720000	0.001831	0.034762
-0.710000	0.001836	0.034793
-0.700000	0.001840	0.034825
-0.690000	0.001845	0.034857
-0.680000	0.001850	0.034889
-0.670000	0.001854	0.034920
-0.660000	0.001859	0.034952
-0.650000	0.001863	0.034984
-0.640000	0.001868	0.035015
-0.630000	0.001873	0.035047
-0.620000	0.001877	0.035079
-0.610000	0.001882	0.035110
-0.600000	0.001886	0.035142
-0.590000	0.001891	0.035174
-0.580000	0.001896	0.035205
-0.570000	0.001901	0.035237
-0.560000	0.001905	0.035268
-0.550000	0.001910	0.035300
-0.540000	0.001915	0.035331
-0.530000	0.001919	0.035363
-0.520000	0.001924	0.035394
-0.510000	0.001929	0.035426
-0.500000	0.001934	0.035457
-0.490000	0.001939	0.035489
-0.480000	0.001943	0.035520
-0.470000	0.001948	0.035551
-0.460000	0.001953	0.035583
-0.450000	0.001958	0.035614
-0.440000	0.001963	0.035645
-0.430000	0.001968	0.035677
-0.420000	0.001972	0.035708
-0.410000	0.001977	0.035739
-0.400000	0.001982	0.035770
-0.390000	0.001987	0.035802
-0.380000	0.001992	0.035833
-0.370000	0.001997	0.035864
-0.360000	0.002002	0.035895
-0.350000	0.002007	0.035926
-0.340000	0.002012	0.035957
-0.330000	0.002017	0.035988
-0.320000	0.002022	0.036019
-0.310000	0.002027	0.036050
-0.300000	0.002032	0.036081
-0.290000	0.002037	0.036112
-0.280000	0.002042	0.036143
-0.270000	0.002047	0.036174
-0.260000	0.002052	0.036205
-0.250000	0.002057	0.036236
-0.240000	0.002062	0.036267
-0.230000	0.002068	0.036298
-0.220000	0.002073	0.036329
-0.210000	0.002078	0.036360
-0.200000	0.002083	0.036391
-0.190000	0.002088	0.036421
-0.180000	0.002093	0.036452
-0.170000	0.002099	0.036483
-0.160000	0.002104	0.036514
-0.150000	0.002109	0.036544
-0.140000	0.002114	0.036575
-0.130000	0.002119	0.036606
-0.120000	0.002125	0.036636
-0.110000	0.002130	0.036667
-0.100000	0.002135	0.036697
-0.090000	0.002141	0.036728
-0.080000	0.002146	0.036758
-0.070000	0.002151	0.036789
-0.060000	0.002157	0.036819
-0.050000	0.002162	0.036850
-0.040000	0.002167	0.036880
-0.030000	0.002173	0.036911
-0.020000	0.002178	0.036941
-0.010000	0.002183	0.036971
-0.000000	0.002189	0.037002
0.010000	0.002194	0.037032
0.020000	0.002200	0.037062
0.030000	0.002205	0.037093
0.040000	0.002211	0.037123
0.050000	0.002216	0.037153
0.060000	0.002222	0.037183
0.070000	0.002227	0.037213
0.080000	0.002233	0.037244
0.090000	0.002238	0.037274
0.100000	0.002244	0.037304
0.110000	0.002249	0.037334
0.120000	0.002255	0.037364
0.130000	0.002260	0.037394
0.140000	0.002266	0.037424
0.150000	0.002272	0.037454
0.160000	0.002277	0.037484
0.170000	0.002283	0.037514
0.180000	0.002289	0.037544
0.190000	0.002294	0.037573
0.200000	0.002300	0.037603
0.210000	0.002306	0.037633
0.220000	0.002311	0.037663
0.230000	0.002317	0.037693
0.240000	0.002323	0.037722
0.250000	0.002329	0.037752
0.260000	0.002334	0.037782
0.270000	0.002340	0.037811
0.280000	0.002346	0.037841
0.290000	0.002352	0.037870
0.300000	0.002358	0.037900
0.310000	0.002364	0.037930
0.320000	0.002369	0.037959
0.330000	0.002375	0.037989
0.340000	0.002381	0.038018
0.350000	0.002387	0.038047
0.360000	0.002393	0.038077
0.370000	0.002399	0.038106
0.380000	0.002405	0.038135
0.390000	0.002411	0.038165
0.400000	0.002417	0.038194
0.410000	0.002423	0.038223
0.420000	0.002429	0.038252
0.430000	0.002435	0.038282
0.440000	0.002441	0.038311
0.450000	0.002447	0.038340
0.460000	0.002453	0.038369
0.470000	0.002459	0.038398
0.480000	0.002465	0.038427
0.490000	0.002471	0.038456
0.500000	0.002477	0.038485
0.510000	0.002484	0.038514
0.520000	0.002490	0.038543
0.530000	0.002496	0.038572
0.540000	0.002502	0.038601
0.550000	0.002508	0.038629
0.560000	0.002514	0.038658
0.570000	0.002521	0.038687
0.580000	0.002527	0.038716
0.590000	0.002533	0.038744
0.600000	0.002540	0.038773
0.610000	0.002546	0.038802
0.620000	0.002552	0.038830
0.630000	0.002558	0.038859
0.640000	0.002565	0.038887
0.650000	0.002571	0.038916
0.660000	0.002577	0.038944
0.670000	0.002584	0.038973
0.680000	0.002590	0.039001
0.690000	0.002597	0.039030
0.700000	0.002603	0.039058
0.710000	0.002610	0.039086
0.720000	0.002616	0.039115
0.730000	0.002622	0.039143
0.740000	0.002629	0.039171
0.750000	0.002635	0.039199
0.760000	0.002642	0.039227
0.770000	0.002649	0.039256
0.780000	0.002655	0.039284
0.790000	0.002662	0.039312
0.800000	0.002668	0.039340
0.810000	0.002675	0.039368
0.820000	0.002681	0.039396
0.830000	0.002688	0.039424
0.840000	0.002695	0.039451
0.850000	0.002701	0.039479
0.860000	0.002708	0.039507
0.870000	0.002715	0.039535
0.880000	0.002721	0.039563
0.890000	0.002728	0.039590
0.900000	0.002735	0.039618
0.910000	0.002742	0.039646
0.920000	0.002749	0.039673
0.930000	0.002755	0.039701
0.940000	0.002762	0.039728
0.950000	0.002769	0.039756
0.960000	0.002776	0.039783
0.970000	0.002783	0.039811
0.980000	0.002790	0.039838
0.990000	0.002796	0.039866
1.000000	0.002803	0.039893
1.010000	0.002810	0.039920
1.020000	0.002817	0.039947
1.030000	0.002824	0.039975
1.040000	0.002831	0.040002
1.050000	0.002838	0.040029
1.060000	0.002845	0.040056
1.070000	0.002852	0.040083
1.080000	0.002859	0.040110
1.090000	0.002866	0.040137
1.100000	0.002873	0.040164
1.110000	0.002880	0.040191
1.120000	0.002888	0.040218
1.130000	0.002895	0.040245
1.140000	0.002902	0.040272
1.150000	0.002909	0.040298
1.160000	0.002916	0.040325
1.170000	0.002923	0.040352
1.180000	0.002931	0.040378
1.190000	0.002938	0.040405
1.200000	0.002945	0.040432
1.210000	0.002952	0.040458
1.220000	0.002960	0.040485
1.230000	0.002967	0.040511
1.240000	0.002974	0.040538
1.250000	0.002981	0.040564
1.260000	0.002989	0.040590
1.270000	0.002996	0.040617
1.280000	0.003004	0.040643
1.290000	0.003011	0.040669
1.300000	0.003018	0.040695
1.310000	0.003026	0.040722
1.320000	0.003033	0.040748
1.330000	0.003041	0.040774
1.340000	0.003048	0.040800
1.350000	0.003056	0.040826
1.360000	0.003063	0.040852
1.370000	0.003071	0.040878
1.380000	0.003078	0.040904
1.390000	0.003086	0.040929
1.400000	0.003094	0.040955
1.410000	0.003101	0.040981
1.420000	0.003109	0.041007
1.430000	0.003116	0.041032
1.440000	0.003124	0.041058
1.450000	0.003132	0.041084
1.460000	0.003139	0.041109
1.470000	0.003147	0.041135
1.480000	0.003155	0.041160
1.490000	0.003163	0.041186
1.500000	0.003170	0.041211
1.510000	0.003178	0.041236
1.520000	0.003186	0.041262
1.530000	0.003194	0.041287
1.540000	0.003202	0.041312
1.550000	0.003210	0.041337
1.560000	0.003217	0.041362
1.570000	0.003225	0.041388
1.580000	0.003233	0.041413
1.590000	0.003241	0.041438
1.600000	0.003249	0.041463
1.610000	0.003257	0.041487
1.620000	0.003265	0.041512
1.630000	0.003273	0.041537
1.640000	0.003281	0.041562
1.650000	0.003289	0.041587
1.660000	0.003297	0.041611
1.670000	0.003305	0.041636
1.680000	0.003314	0.041661
1.690000	0.003322	0.041685
1.700000	0.003330	0.041710
1.710000	0.003338	0.041734
1.720000	0.003346	0.041759
1.730000	0.003354	0.041783
1.740000	0.003363	0.041808
1.750000	0.003371	0.041832
1.760000	0.003379	0.041856
1.770000	0.003387	0.041881
1.780000	0.003396	0.041905
1.790000	0.003404	0.041929
1.800000	0.003412	0.041953
1.810000	0.003421	0.041977
1.820000	0.003429	0.042001
1.830000	0.003437	0.042025
1.840000	0.003446	0.042049
1.850000	0.003454	0.042073
1.860000	0.003463	0.042097
1.870000	0.003471	0.042120
1.880000	0.003480	0.042144
1.890000	0.003488	0.042168
1.900000	0.003497	0.042191
1.910000	0.003505	0.042215
1.920000	0.003514	0.042239
1.930000	0.003522	0.042262
1.940000	0.003531	0.042286
1.950000	0.003540	0.042309
1.960000	0.003548	0.042332
1.970000	0.003557	0.042356
1.980000	0.003566	0.042379
1.990000	0.003574	0.042402
2.000000	0.003583	0.042425
2.010000	0.003592	0.042449
2.020000	0.003601	0.042472
2.030000	0.003609	0.042495
2.040000	0.003618	0.042518
2.050000	0.003627	0.042541
2.060000	0.003636	0.042564
2.070000	0.003645	0.042586
2.080000	0.003654	0.042609
2.090000	0.003662	0.042632
2.100000	0.003671	0.042655
2.110000	0.003680	0.042677
2.120000	0.003689	0.042700
2.130000	0.003698	0.042723
2.140000	0.003707	0.042745
2.150000	0.003716	0.042768
2.160000	0.003725	0.042790
2.170000	0.003734	0.042812
2.180000	0.003743	0.042835
2.190000	0.003753	0.042857
2.200000	0.003762	0.042879
2.210000	0.003771	0.042901
2.220000	0.003780	0.042923
2.230000	0.003789	0.042946
2.240000	0.003798	0.042968
2.250000	0.003808	0.042990
2.260000	0.003817	0.043012
2.270000	0.003826	0.043033
2.280000	0.003836	0.043055
2.290000	0.003845	0.043077
2.300000	0.003854	0.043099
2.310000	0.003864	0.043120
2.320000	0.003873	0.043142
2.330000	0.003882	0.043164
2.340000	0.003892	0.043185
2.350000	0.003901	0.043207
2.360000	0.003911	0.043228
2.370000	0.003920	0.043249
2.380000	0.003930	0.043271
2.390000	0.003939	0.043292
2.400000	0.003949	0.043313
2.410000	0.003958	0.043334
2.420000	0.003968	0.043356
2.430000	0.003977	0.043377
2.440000	0.003987	0.043398
2.450000	0.003997	0.043419
2.460000	0.004006	0.043440
2.470000	0.004016	0.043460
2.480000	0.004026	0.043481
2.490000	0.004036	0.043502
2.500000	0.004045	0.043523
2.510000	0.004055	0.043543
2.520000	0.004065	0.043564
2.530000	0.004075	0.043585
2.540000	0.004085	0.043605
2.550000	0.004095	0.043626
2.560000	0.004104	0.043646
2.570000	0.004114	0.043666
2.580000	0.004124	0.043687
2.590000	0.004134	0.043707
2.600000	0.004144	0.043727
2.610000	0.004154	0.043747
2.620000	0.004164	0.043767
2.630000	0.004174	0.043787
2.640000	0.004184	0.043807
2.650000	0.004194	0.043827
2.660000	0.004205	0.043847
2.670000	0.004215	0.043867
2.680000	0.004225	0.043887
2.690000	0.004235	0.043906
2.700000	0.004245	0.043926
2.710000	0.004255	0.043946
2.720000	0.004266	0.043965
2.730000	0.004276	0.043985
2.740000	0.004286	0.044004
2.750000	0.004297	0.044023
2.760000	0.004307	0.044043
2.770000	0.004317	0.044062
2.780000	0.004328	0.044081
2.790000	0.004338	0.044100
2.800000	0.004349	0.044120
2.810000	0.004359	0.044139
2.820000	0.004369	0.044158
2.830000	0.004380	0.044177
2.840000	0.004390	0.044195
2.850000	0.004401	0.044214
2.860000	0.004412	0.044233
2.870000	0.004422	0.044252
2.880000	0.004433	0.044270
2.890000	0.004443	0.044289
2.900000	0.004454	0.044308
2.910000	0.004465	0.044326
2.920000	0.004476	0.044345
2.930000	0.004486	0.044363
2.940000	0.004497	0.044381
2.950000	0.004508	0.044400
2.960000	0.004519	0.044418
2.970000	0.004529	0.044436
2.980000	0.004540	0.044454
2.990000	0.004551	0.044472
3.000000	0.004562	0.044490
3.010000	0.004573	0.044508
3.020000	0.004584	0.044526
3.030000	0.004595	0.044544
3.040000	0.004606	0.044561
3.050000	0.004617	0.044579
3.060000	0.004628	0.044597
3.070000	0.004639	0.044614
3.080000	0.004650	0.044632
3.090000	0.004661	0.044649
3.100000	0.004672	0.044667
3.110000	0.004683	0.044684
3.120000	0.004695	0.044702
3.130000	0.004706	0.044719
3.140000	0.004717	0.044736
3.150000	0.004728	0.044753
3.160000	0.004740	0.044770
3.170000	0.004751	0.044787
3.180000	0.004762	0.044804
3.190000	0.004774	0.044821
3.200000	0.004785	0.044838
3.210000	0.004796	0.044855
3.220000	0.004808	0.044871
3.230000	0.004819	0.044888
3.240000	0.004831	0.044905
3.250000	0.004842	0.044921
3.260000	0.004854	0.044938
3.270000	0.004865	0.044954
3.280000	0.004877	0.044970
3.290000	0.004888	0.044987
3.300000	0.004900	0.045003
3.310000	0.004912	0.045019
3.320000	0.004923	0.045035
3.330000	0.004935	0.045051
3.340000	0.004947	0.045067
3.350000	0.004958	0.045083
3.360000	0.004970	0.045099
3.370000	0.004982	0.045115
3.380000	0.004994	0.045131
3.390000	0.005006	0.045147
3.400000	0.005017	0.045162
3.410000	0.005029	0.045178
3.420000	0.005041	0.045193
3.430000	0.005053	0.045209
3.440000	0.005065	0.045224
3.450000	0.005077	0.045240
3.460000	0.005089	0.045255
3.470000	0.005101	0.045270
3.480000	0.005113	0.045285
3.490000	0.005125	0.045300
3.500000	0.005138	0.045315
3.510000	0.005150	0.045330
3.520000	0.005162	0.045345
3.530000	0.005174	0.045360
3.540000	0.005186	0.045375
3.550000	0.005198	0.045390
3.560000	0.005211	0.045404
3.570000	0.005223	0.045419
3.580000	0.005235	0.045433
3.590000	0.005248	0.045448
3.600000	0.005260	0.045462
3.610000	0.005272	0.045477
3.620000	0.005285	0.045491
3.630000	0.005297	0.045505
3.640000	0.005310	0.045519
3.650000	0.005322	0.045534
3.660000	0.005335	0.045548
3.670000	0.005347	0.045562
3.680000	0.005360	0.045576
3.690000	0.005373	0.045589
3.700000	0.005385	0.045603
3.710000	0.005398	0.045617
3.720000	0.005411	0.045631
3.730000	0.005423	0.045644
3.740000	0.005436	0.045658
3.750000	0.005449	0.045671
3.760000	0.005462	0.045685
3.770000	0.005474	0.045698
3.780000	0.005487	0.045711
3.790000	0.005500	0.045725
3.800000	0.005513	0.045738
3.810000	0.005526	0.045751
3.820000	0.005539	0.045764
3.830000	0.005552	0.045777
3.840000	0.005565	0.045790
3.850000	0.005578	0.045803
3.860000	0.005591	0.045815
3.870000	0.005604	0.045828
3.880000	0.005617	0.045841
3.890000	0.005630	0.045853
3.900000	0.005643	0.045866
3.910000	0.005657	0.045878
3.920000	0.005670	0.045891
3.930000	0.005683	0.045903
3.940000	0.005696	0.045915
3.950000	0.005710	0.045928
3.960000	0.005723	0.045940
3.970000	0.005736	0.045952
3.980000	0.005750	0.045964
3.990000	0.005763	0.045976
4.000000	0.005776	0.045988
4.010000	0.005790	0.046000
4.020000	0.005803	0.046011
4.030000	0.005817	0.046023
4.040000	0.005830	0.046035
4.050000	0.005844	0.046046
4.060000	0.005858	0.046058
4.070000	0.005871	0.046069
4.080000	0.005885	0.046080
4.090000	0.005899	0.046092
4.100000	0.005912	0.046103
4.110000	0.005926	0.046114
4.120000	0.005940	0.046125
4.130000	0.005954	0.046136
4.140000	0.005967	0.046147
4.150000	0.005981	0.046158
4.160000	0.005995	0.046169
4.170000	0.006009	0.046180
4.180000	0.006023	0.046190
4.190000	0.006037	0.046201
4.200000	0.006051	0.046212
4.210000	0.006065	0.046222
4.220000	0.006079	0.046233
4.230000	0.006093	0.046243
4.240000	0.006107	0.046253
4.250000	0.006121	0.046264
4.260000	0.006135	0.046274
4.270000	0.006149	0.046284
4.280000	0.006164	0.046294
4.290000	0.006178	0.046304
4.300000	0.006192	0.046314
4.310000	0.006206	0.046324
4.320000	0.006221	0.046333
4.330000	0.006235	0.046343
4.340000	0.006249	0.046353
4.350000	0.006264	0.046362
4.360000	0.006278	0.046372
4.370000	0.006293	0.046381
4.380000	0.006307	0.046391
4.390000	0.006322	0.046400
4.400000	0.006336	0.046409
4.410000	0.006351	0.046418
4.420000	0.006365	0.046427
4.430000	0.006380	0.046436
4.440000	0.006395	0.046445
4.450000	0.006409	0.046454
4.460000	0.006424	0.046463
4.470000	0.006439	0.046472
4.480000	0.006454	0.046481
4.490000	0.006468	0.046489
4.500000	0.006483	0.046498
4.510000	0.006498	0.046506
4.520000	0.006513	0.046515
4.530000	0.006528	0.046523
4.540000	0.006543	0.046531
4.550000	0.006558	0.046540
4.560000	0.006573	0.046548
4.570000	0.006588	0.046556
4.580000	0.006603	0.046564
4.590000	0.006618	0.046572
4.600000	0.006633	0.046580
4.610000	0.006648	0.046587
4.620000	0.006664	0.046595
4.630000	0.006679	0.046603
4.640000	0.006694	0.046610
4.650000	0.006709	0.046618
4.660000	0.006725	0.046625
4.670000	0.006740	0.046633
4.680000	0.006755	0.046640
4.690000	0.006771	0.046647
4.700000	0.006786	0.046655
4.710000	0.006801	0.046662
4.720000	0.006817	0.046669
4.730000	0.006832	0.046676
4.740000	0.006848	0.046683
4.750000	0.006863	0.046689
4.760000	0.006879	0.046696
4.770000	0.006895	0.046703
4.780000	0.006910	0.046710
4.790000	0.006926	0.046716
4.800000	0.006942	0.046723
4.810000	0.006957	0.046729
4.820000	0.006973	0.046735
4.830000	0.006989	0.046742
4.840000	0.007005	0.046748
4.850000	0.007021	0.046754
4.860000	0.007037	0.046760
4.870000	0.007053	0.046766
4.880000	0.007069	0.046772
4.890000	0.007084	0.046778
4.900000	0.007100	0.046784
4.910000	0.007117	0.046789
4.920000	0.007133	0.046795
4.930000	0.007149	0.046801
4.940000	0.007165	0.046806
4.950000	0.007181	0.046812
4.960000	0.007197	0.046817
4.970000	0.007213	0.046822
4.980000	0.007230	0.046827
4.990000	0.007246	0.046833
5.000000	0.007262	0.046838
5.010000	0.007279	0.046843
5.020000	0.007295	0.046848
5.030000	0.007311	0.046853
5.040000	0.007328	0.046857
5.050000	0.007344	0.046862
5.060000	0.007361	0.046867
5.070000	0.007377	0.046871
5.080000	0.007394	0.046876
5.090000	0.007410	0.046880
5.100000	0.007427	0.046885
5.110000	0.007444	0.046889
5.120000	0.007460	0.046893
5.130000	0.007477	0.046898
5.140000	0.007494	0.046902
5.150000	0.007511	0.046906
5.160000	0.007527	0.046910
5.170000	0.007544	0.046913
5.180000	0.007561	0.046917
5.190000	0.007578	0.046921
5.200000	0.007595	0.046925
5.210000	0.007612	0.046928
5.220000	0.007629	0.046932
5.230000	0.007646	0.046935
5.240000	0.007663	0.046939
5.250000	0.007680	0.046942
5.260000	0.007697	0.046945
5.270000	0.007714	0.046948
5.280000	0.007731	0.046952
5.290000	0.007749	0.046955
5.300000	0.007766	0.046958
5.310000	0.007783	0.046960
5.320000	0.007800	0.046963
5.330000	0.007818	0.046966
5.340000	0.007835	0.046969
5.350000	0.007853	0.046971
5.360000	0.007870	0.046974
5.370000	0.007887	0.046976
5.380000	0.007905	0.046979
5.390000	0.007922	0.046981
5.400000	0.007940	0.046983
5.410000	0.007958	0.046985
5.420000	0.007975	0.046988
5.430000	0.007993	0.046990
5.440000	0.008011	0.046992
5.450000	0.008028	0.046993
5.460000	0.008046	0.046995
5.470000	0.008064	0.046997
5.480000	0.008082	0.046999
5.490000	0.008099	0.047000
5.500000	0.008117	0.047002
5.510000	0.008135	0.047003
5.520000	0.008153	0.047005
5.530000	0.008171	0.047006
5.540000	0.008189	0.047007
5.550000	0.008207	0.047008
5.560000	0.008225	0.047009
5.570000	0.008243	0.047010
5.580000	0.008261	0.047011
5.590000	0.008279	0.047012
5.600000	0.008298	0.047013
5.610000	0.008316	0.047014
5.620000	0.008334	0.047014
5.630000	0.008352	0.047015
5.640000	0.008371	0.047016
5.650000	0.008389	0.047016
5.660000	0.008407	0.047016
5.670000	0.008426	0.047017
5.680000	0.008444	0.047017
5.690000	0.008463	0.047017
5.700000	0.008481	0.047017
5.710000	0.008500	0.047017
5.720000	0.008518	0.047017
5.730000	0.008537	0.047017
5.740000	0.008556	0.047017
5.750000	0.008574	0.047016
5.760000	0.008593	0.047016
5.770000	0.008612	0.047016
5.780000	0.008631	0.047015
5.790000	0.008649	0.047015
5.800000	0.008668	0.047014
5.810000	0.008687	0.047013
5.820000	0.008706	0.047013
5.830000	0.008725	0.047012
5.840000	0.008744	0.047011
5.850000	0.008763	0.047010
5.860000	0.008782	0.047009
5.870000	0.008801	0.047007
5.880000	0.008820	0.047006
5.890000	0.008839	0.047005
5.900000	0.008858	0.047004
5.910000	0.008877	0.047002
5.920000	0.008897	0.047001
5.930000	0.008916	0.046999
5.940000	0.008935	0.046997
5.950000	0.008955	0.046996
5.960000	0.008974	0.046994
5.970000	0.008993	0.046992
5.980000	0.009013	0.046990
5.990000	0.009032	0.046988
6.000000	0.009052	0.046986
6.010000	0.009071	0.046984
6.020000	0.009091	0.046982
6.030000	0.009110	0.046979
6.040000	0.009130	0.046977
6.050000	0.009150	0.046974
6.060000	0.009169	0.046972
6.070000	0.009189	0.046969
6.080000	0.009209	0.046967
6.090000	0.009229	0.046964
6.100000	0.009248	0.046961
6.110000	0.009268	0.046958
6.120000	0.009288	0.046955
6.130000	0.009308	0.046952
6.140000	0.009328	0.046949
6.150000	0.009348	0.046946
6.160000	0.009368	0.046943
6.170000	0.009388	0.046939
6.180000	0.009408	0.046936
6.190000	0.009428	0.046932
6.200000	0.009448	0.046929
6.210000	0.009469	0.046925
6.220000	0.009489	0.046922
6.230000	0.009509	0.046918
6.240000	0.009529	0.046914
6.250000	0.009550	0.046910
6.260000	0.009570	0.046906
6.270000	0.009590	0.046902
6.280000	0.009611	0.046898
6.290000	0.009631	0.046894
6.300000	0.009652	0.046889
6.310000	0.009672	0.046885
6.320000	0.009693	0.046881
6.330000	0.009713	0.046876
6.340000	0.009734	0.046872
6.350000	0.009755	0.046867
6.360000	0.009775	0.046862
6.370000	0.009796	0.046857
6.380000	0.009817	0.046853
6.390000	0.009838	0.046848
6.400000	0.009858	0.046843
6.410000	0.009879	0.046838
6.420000	0.009900	0.046833
6.430000	0.009921	0.046827
6.440000	0.009942	0.046822
6.450000	0.009963	0.046817
6.460000	0.009984	0.046811
6.470000	0.010005	0.046806
6.480000	0.010026	0.046800
6.490000	0.010047	0.046794
6.500000	0.010068	0.046789
6.510000	0.010090	0.046783
6.520000	0.010111	0.046777
6.530000	0.010132	0.046771
6.540000	0.010153	0.046765
6.550000	0.010175	0.046759
6.560000	0.010196	0.046753
6.570000	0.010217	0.046747
6.580000	0.010239	0.046740
6.590000	0.010260	0.046734
6.600000	0.010282	0.046728
6.610000	0.010303	0.046721
6.620000	0.010325	0.046714
6.630000	0.010346	0.046708
6.640000	0.010368	0.046701
6.650000	0.010390	0.046694
6.660000	0.010411	0.046687
6.670000	0.010433	0.046680
6.680000	0.010455	0.046673
6.690000	0.010477	0.046666
6.700000	0.010498	0.046659
6.710000	0.010520	0.046652
6.720000	0.010542	0.046645
6.730000	0.010564	0.046637
6.740000	0.010586	0.046630
6.750000	0.010608	0.046622
6.760000	0.010630	0.046615
6.770000	0.010652	0.046607
6.780000	0.010674	0.046599
6.790000	0.010696	0.046591
6.800000	0.010719	0.046584
6.810000	0.010741	0.046576
6.820000	0.010763	0.046568
6.830000	0.010785	0.046560
6.840000	0.010808	0.046551
6.850000	0.010830	0.046543
6.860000	0.010852	0.046535
6.870000	0.010875	0.046526
6.880000	0.010897	0.046518
6.890000	0.010920	0.046509
6.900000	0.010942	0.046501
6.910000	0.010965	0.046492
6.920000	0.010987	0.046483
6.930000	0.011010	0.046475
6.940000	0.011033	0.046466
6.950000	0.011055	0.046457
6.960000	0.011078	0.046448
6.970000	0.011101	0.046439
6.980000	0.011123	0.046429
6.990000	0.011146	0.046420
7.000000	0.011169	0.046411
7.010000	0.011192	0.046402
7.020000	0.011215	0.046392
7.030000	0.011238	0.046383
7.040000	0.011261	0.046373
7.050000	0.011284	0.046363
7.060000	0.011307	0.046354
7.070000	0.011330	0.046344
7.080000	0.011353	0.046334
7.090000	0.011376	0.046324
7.100000	0.011399	0.046314
7.110000	0.011423	0.046304
7.120000	0.011446	0.046294
7.130000	0.011469	0.046283
7.140000	0.011493	0.046273
7.150000	0.011516	0.046263
7.160000	0.011539	0.046252
7.170000	0.011563	0.046242
7.180000	0.011586	0.046231
7.190000	0.011610	0.046221
7.200000	0.011633	0.046210
7.210000	0.011657	0.046199
7.220000	0.011680	0.046188
7.230000	0.011704	0.046177
7.240000	0.011728	0.046166
7.250000	0.011751	0.046155
7.260000	0.011775	0.046144
7.270000	0.011799	0.046133
7.280000	0.011823	0.046121
7.290000	0.011847	0.046110
7.300000	0.011870	0.046099
7.310000	0.011894	0.046087
7.320000	0.011918	0.046076
7.330000	0.011942	0.046064
7.340000	0.011966	0.046052
7.350000	0.011990	0.046040
7.360000	0.012014	0.046029
7.370000	0.012038	0.046017
7.380000	0.012063	0.046005
7.390000	0.012087	0.045993
7.400000	0.012111	0.045981
7.410000	0.012135	0.045968
7.420000	0.012160	0.045956
7.430000	0.012184	0.045944
7.440000	0.012208	0.045931
7.450000	0.012233	0.045919
7.460000	0.012257	0.045906
7.470000	0.012281	0.045894
7.480000	0.012306	0.045881
7.490000	0.012330	0.045868
7.500000	0.012355	0.045856
7.510000	0.012380	0.045843
7.520000	0.012404	0.045830
7.530000	0.012429	0.045817
7.540000	0.012454	0.045804
7.550000	0.012478	0.045790
7.560000	0.012503	0.045777
7.570000	0.012528	0.045764
7.580000	0.012553	0.045751
7.590000	0.012578	0.045737
7.600000	0.012602	0.045724
7.610000	0.012627	0.045710
7.620000	0.012652	0.045696
7.630000	0.012677	0.045683
7.640000	0.012702	0.045669
7.650000	0.012727	0.045655
7.660000	0.012752	0.045641
7.670000	0.012778	0.045627
7.680000	0.012803	0.045613
7.690000	0.012828	0.045599
7.700000	0.012853	0.045585
7.710000	0.012878	0.045571
7.720000	0.012904	0.045556
7.730000	0.012929	0.045542
7.740000	0.012954	0.045527
7.750000	0.012980	0.045513
7.760000	0.013005	0.045498
7.770000	0.013031	0.045484
7.780000	0.013056	0.045469
7.790000	0.013082	0.045454
7.800000	0.013107	0.045439
7.810000	0.013133	0.045424
7.820000	0.013159	0.045409
7.830000	0.013184	0.045394
7.840000	0.013210	0.045379
7.850000	0.013236	0.045364
7.860000	0.013261	0.045349
7.870000	0.013287	0.045333
7.880000	0.013313	0.045318
7.890000	0.013339	0.045303
7.900000	0.013365	0.045287
7.910000	0.013391	0.045271
7.920000	0.013417	0.045256
7.930000	0.013443	0.045240
7.940000	0.013469	0.045224
7.950000	0.013495	0.045208
7.960000	0.013521	0.045193
7.970000	0.013547	0.045177
7.980000	0.013573	0.045161
7.990000	0.013599	0.045144
8.000000	0.013626	0.045128
8.010000	0.013652	0.045112
8.020000	0.013678	0.045096
8.030000	0.013705	0.045079
8.040000	0.013731	0.045063
8.050000	0.013757	0.045046
8.060000	0.013784	0.045030
8.070000	0.013810	0.045013
8.080000	0.013837	0.044996
8.090000	0.013863	0.044980
8.100000	0.013890	0.044963
8.110000	0.013917	0.044946
8.120000	0.013943	0.044929
8.130000	0.013970	0.044912
8.140000	0.013997	0.044895
8.150000	0.014023	0.044878
8.160000	0.014050	0.044860
8.170000	0.014077	0.044843
8.180000	0.014104	0.044826
8.190000	0.014131	0.044808
8.200000	0.014157	0.044791
8.210000	0.014184	0.044773
8.220000	0.014211	0.044756
8.230000	0.014238	0.044738
8.240000	0.014265	0.044720
8.250000	0.014292	0.044702
8.260000	0.014320	0.044685
8.270000	0.014347	0.044667
8.280000	0.014374	0.044649
8.290000	0.014401	0.044631
8.300000	0.014428	0.044613
8.310000	0.014456	0.044594
8.320000	0.014483	0.044576
8.330000	0.014510	0.044558
8.340000	0.014538	0.044539
8.350000	0.014565	0.044521
8.360000	0.014592	0.044502
8.370000	0.014620	0.044484
8.380000	0.014647	0.044465
8.390000	0.014675	0.044447
8.400000	0.014702	0.044428
8.410000	0.014730	0.044409
8.420000	0.014758	0.044390
8.430000	0.014785	0.044371
8.440000	0.014813	0.044352
8.450000	0.014841	0.044333
8.460000	0.014868	0.044314
8.470000	0.014896	0.044295
8.480000	0.014924	0.044276
8.490000	0.014952	0.044256
8.500000	0.014980	0.044237
8.510000	0.015008	0.044217
8.520000	0.015036	0.044198
8.530000	0.015064	0.044178
8.540000	0.015092	0.044159
8.550000	0.015120	0.044139
8.560000	0.015148	0.044119
8.570000	0.015176	0.044100
8.580000	0.015204	0.044080
8.590000	0.015232	0.044060
8.600000	0.015260	0.044040
8.610000	0.015289	0.044020
8.620000	0.015317	0.044000
8.630000	0.015345	0.043980
8.640000	0.015373	0.043959
8.650000	0.015402	0.043939
8.660000	0.015430	0.043919
8.670000	0.015459	0.043898
8.680000	0.015487	0.043878
8.690000	0.015516	0.043857
8.700000	0.015544	0.043837
8.710000	0.015573	0.043816
8.720000	0.015601	0.043795
8.730000	0.015630	0.043775
8.740000	0.015658	0.043754
8.750000	0.015687	0.043733
8.760000	0.015716	0.043712
8.770000	0.015745	0.043691
8.780000	0.015773	0.043670
8.790000	0.015802	0.043649
8.800000	0.015831	0.043628
8.810000	0.015860	0.043606
8.820000	0.015889	0.043585
8.830000	0.015918	0.043564
8.840000	0.015947	0.043542
8.850000	0.015976	0.043521
8.860000	0.016005	0.043499
8.870000	0.016034	0.043478
8.880000	0.016063	0.043456
8.890000	0.016092	0.043434
8.900000	0.016121	0.043413
8.910000	0.016150	0.043391
8.920000	0.016179	0.043369
8.930000	0.016209	0.043347
8.940000	0.016238	0.043325
8.950000	0.016267	0.043303
8.960000	0.016296	0.043281
8.970000	0.016326	0.043259
8.980000	0.016355	0.043236
8.990000	0.016385	0.043214
9.000000	0.016414	0.043192
9.010000	0.016444	0.043169
9.020000	0.016473	0.043147
9.030000	0.016503	0.043124
9.040000	0.016532	0.043102
9.050000	0.016562	0.043079
9.060000	0.016591	0.043057
9.070000	0.016621	0.043034
9.080000	0.016651	0.043011
9.090000	0.016680	0.042988
9.100000	0.016710	0.042965
9.110000	0.016740	0.042942
9.120000	0.016770	0.042919
9.130000	0.016800	0.042896
9.140000	0.016829	0.042873
9.150000	0.016859	0.042850
9.160000	0.016889	0.042827
9.170000	0.016919	0.042803
9.180000	0.016949	0.042780
9.190000	0.016979	0.042757
9.200000	0.017009	0.042733
9.210000	0.017039	0.042710
9.220000	0.017069	0.042686
9.230000	0.017100	0.042663
9.240000	0.017130	0.042639
9.250000	0.017160	0.042615
9.260000	0.017190	0.042591
9.270000	0.017220	0.042568
9.280000	0.017251	0.042544
9.290000	0.017281	0.042520
9.300000	0.017311	0.042496
9.310000	0.017342	0.042472
9.320000	0.017372	0.042448
9.330000	0.017402	0.042424
9.340000	0.017433	0.042399
9.350000	0.017463	0.042375
9.360000	0.017494	0.042351
9.370000	0.017524	0.042326
9.380000	0.017555	0.042302
9.390000	0.017586	0.042278
9.400000	0.017616	0.042253
9.410000	0.017647	0.042228
9.420000	0.017678	0.042204
9.430000	0.017708	0.042179
9.440000	0.017739	0.042154
9.450000	0.017770	0.042130
9.460000	0.017801	0.042105
9.470000	0.017831	0.042080
9.480000	0.017862	0.042055
9.490000	0.017893	0.042030
9.500000	0.017924	0.042005
9.510000	0.017955	0.041980
9.520000	0.017986	0.041955
9.530000	0.018017	0.041930
9.540000	0.018048	0.041904
9.550000	0.018079	0.041879
9.560000	0.018110	0.041854
9.570000	0.018141	0.041828
9.580000	0.018172	0.041803
9.590000	0.018203	0.041777
9.600000	0.018235	0.041752
9.610000	0.018266	0.041726
9.620000	0.018297	0.041701
9.630000	0.018328	0.041675
9.640000	0.018360	0.041649
9.650000	0.018391	0.041623
9.660000	0.018422	0.041598
9.670000	0.018454	0.041572
9.680000	0.018485	0.041546
9.690000	0.018516	0.041520
9.700000	0.018548	0.041494
9.710000	0.018579	0.041468
9.720000	0.018611	0.041442
9.730000	0.018642	0.041415
9.740000	0.018674	0.041389
9.750000	0.018705	0.041363
9.760000	0.018737	0.041337
9.770000	0.018769	0.041310
9.780000	0.018800	0.041284
9.790000	0.018832	0.041257
9.800000	0.018864	0.041231
9.810000	0.018895	0.041204
9.820000	0.018927	0.041178
9.830000	0.018959	0.041151
9.840000	0.018991	0.041124
9.850000	0.019023	0.041098
9.860000	0.019055	0.041071
9.870000	0.019086	0.041044
9.880000	0.019118	0.041017
9.890000	0.019150	0.040990
9.900000	0.019182	0.040963
9.910000	0.019214	0.040936
9.920000	0.019246	0.040909
9.930000	0.019278	0.040882
9.940000	0.019310	0.040855
9.950000	0.019342	0.040827
9.960000	0.019375	0.040800
9.970000	0.019407	0.040773
9.980000	0.019439	0.040746
9.990000	0.019471	0.040718
10.000000	0.019503	0.040691
