-10.000000	0.040772	0.035179
-9.990000	0.040806	0.035142
-9.980000	0.040840	0.035104
-9.970000	0.040873	0.035067
-9.960000	0.040907	0.035029
-9.950000	0.040940	0.034992
-9.940000	0.040974	0.034954
-9.930000	0.041007	0.034917
-9.920000	0.041041	0.034879
-9.910000	0.041074	0.034841
-9.900000	0.041108	0.034804
-9.890000	0.041141	0.034766
-9.880000	0.041174	0.034728
-9.870000	0.041208	0.034691
-9.860000	0.041241	0.034653
-9.850000	0.041274	0.034615
-9.840000	0.041307	0.034578
-9.830000	0.041340	0.034540
-9.820000	0.041374	0.034502
-9.810000	0.041407	0.034465
-9.800000	0.041440	0.034427
-9.790000	0.041473	0.034389
-9.780000	0.041506	0.034351
-9.770000	0.041539	0.034313
-9.760000	0.041572	0.034276
-9.750000	0.041605	0.034238
-9.740000	0.041637	0.034200
-9.730000	0.041670	0.034162
-9.720000	0.041703	0.034124
-9.710000	0.041736	0.034087
-9.700000	0.041768	0.034049
-9.690000	0.041801	0.034011
-9.680000	0.041834	0.033973
-9.670000	0.041866	0.033935
-9.660000	0.041899	0.033897
-9.650000	0.041931	0.033859
-9.640000	0.041964	0.033821
-9.630000	0.041996	0.033783
-9.620000	0.042029	0.033745
-9.610000	0.042061	0.033707
-9.600000	0.042094	0.033669
-9.590000	0.042126	0.033631
-9.580000	0.042158	0.033593
-9.570000	0.042190	0.033555
-9.560000	0.042223	0.033517
-9.550000	0.042255	0.033479
-9.540000	0.042287	0.033441
-9.530000	0.042319	0.033403
-9.520000	0.042351	0.033365
-9.510000	0.042383	0.033327
-9.500000	0.042415	0.033289
-9.490000	0.042447	0.033251
-9.480000	0.042479	0.033213
-9.470000	0.042511	0.033175
-9.460000	0.042542	0.033137
-9.450000	0.042574	0.033099
-9.440000	0.042606	0.033061
-9.430000	0.042638	0.033022
-9.420000	0.042669	0.032984
-9.410000	0.042701	0.032946
-9.400000	0.042732	0.032908
-9.390000	0.042764	0.032870
-9.380000	0.042795	0.032832
-9.370000	0.042827	0.032794
-9.360000	0.042858	0.032755
-9.350000	0.042889	0.032717
-9.340000	0.042921	0.032679
-9.330000	0.042952	0.032641
-9.320000	0.042983	0.032603
-9.310000	0.043014	0.032564
-9.300000	0.043046	0.032526
-9.290000	0.043077	0.032488
-9.280000	0.043108	0.032450
-9.270000	0.043139	0.032412
-9.260000	0.043170	0.032373
-9.250000	0.043201	0.032335
-9.240000	0.043231	0.032297
-9.230000	0.043262	0.032259
-9.220000	0.043293	0.032220
-9.210000	0.043324	0.032182
-9.200000	0.043355	0.032144
-9.190000	0.043385	0.032106
-9.180000	0.043416	0.032067
-9.170000	0.043446	0.032029
-9.160000	0.043477	0.031991
-9.150000	0.043507	0.031953
-9.140000	0.043538	0.031914
-9.130000	0.043568	0.031876
-9.120000	0.043598	0.031838
-9.110000	0.043629	0.031799
-9.100000	0.043659	0.031761
-9.090000	0.043689	0.031723
-9.080000	0.043719	0.031685
-9.070000	0.043749	0.031646
-9.060000	0.043779	0.031608
-9.050000	0.043809	0.031570
-9.040000	0.043839	0.031531
-9.030000	0.043869	0.031493
-9.020000	0.043899	0.031455
-9.010000	0.043929	0.031416
-9.000000	0.043959	0.031378
-8.990000	0.043989	0.031340
-8.980000	0.044018	0.031302
-8.970000	0.044048	0.031263
-8.960000	0.044077	0.031225
-8.950000	0.044107	0.031187
-8.940000	0.044136	0.031148
-8.930000	0.044166	0.031110
-8.920000	0.044195	0.031072
-8.910000	0.044225	0.031033
-8.900000	0.044254	0.030995
-8.890000	0.044283	0.030957
-8.880000	0.044312	0.030918
-8.870000	0.044341	0.030880
-8.860000	0.044370	0.030842
-8.850000	0.044399	0.030804
-8.840000	0.044428	0.030765
-8.830000	0.044457	0.030727
-8.820000	0.044486	0.030689
-8.810000	0.044515	0.030650
-8.800000	0.044544	0.030612
-8.790000	0.044572	0.030574
-8.780000	0.044601	0.030535
-8.770000	0.044630	0.030497
-8.760000	0.044658	0.030459
-8.750000	0.044687	0.030420
-8.740000	0.044715	0.030382
-8.730000	0.044744	0.030344
-8.720000	0.044772	0.030306
-8.710000	0.044800	0.030267
-8.700000	0.044828	0.030229
-8.690000	0.044857	0.030191
-8.680000	0.044885	0.030152
-8.670000	0.044913	0.030114
-8.660000	0.044941	0.030076
-8.650000	0.044969	0.030038
-8.640000	0.044997	0.029999
-8.630000	0.045025	0.029961
-8.620000	0.045052	0.029923
-8.610000	0.045080	0.029885
-8.600000	0.045108	0.029846
-8.590000	0.045136	0.029808
-8.580000	0.045163	0.029770
-8.570000	0.045191	0.029732
-8.560000	0.045218	0.029693
-8.550000	0.045246	0.029655
-8.540000	0.045273	0.029617
-8.530000	0.045300	0.029579
-8.520000	0.045327	0.029541
-8.510000	0.045355	0.029502
-8.500000	0.045382	0.029464
-8.490000	0.045409	0.029426
-8.480000	0.045436	0.029388
-8.470000	0.045463	0.029350
-8.460000	0.045490	0.029311
-8.450000	0.045517	0.029273
-8.440000	0.045543	0.029235
-8.430000	0.045570	0.029197
-8.420000	0.045597	0.029159
-8.410000	0.045623	0.029121
-8.400000	0.045650	0.029082
-8.390000	0.045676	0.029044
-8.380000	0.045703	0.029006
-8.370000	0.045729	0.028968
-8.360000	0.045756	0.028930
-8.350000	0.045782	0.028892
-8.340000	0.045808	0.028854
-8.330000	0.045834	0.028816
-8.320000	0.045860	0.028778
-8.310000	0.045886	0.028739
-8.300000	0.045912	0.028701
-8.290000	0.045938	0.028663
-8.280000	0.045964	0.028625
-8.270000	0.045990	0.028587
-8.260000	0.046015	0.028549
-8.250000	0.046041	0.028511
-8.240000	0.046067	0.028473
-8.230000	0.046092	0.028435
-8.220000	0.046118	0.028397
-8.210000	0.046143	0.028359
-8.200000	0.046168	0.028321
-8.190000	0.046194	0.028283
-8.180000	0.046219	0.028245
-8.170000	0.046244	0.028207
-8.160000	0.046269	0.028169
-8.150000	0.046294	0.028131
-8.140000	0.046319	0.028093
-8.130000	0.046344	0.028055
-8.120000	0.046369	0.028018
-8.110000	0.046394	0.027980
-8.100000	0.046419	0.027942
-8.090000	0.046443	0.027904
-8.080000	0.046468	0.027866
-8.070000	0.046492	0.027828
-8.060000	0.046517	0.027790
-8.050000	0.046541	0.027752
-8.040000	0.046566	0.027715
-8.030000	0.046590	0.027677
-8.020000	0.046614	0.027639
-8.010000	0.046638	0.027601
-8.000000	0.046662	0.027563
-7.990000	0.046686	0.027526
-7.980000	0.046710	0.027488
-7.970000	0.046734	0.027450
-7.960000	0.046758	0.027412
-7.950000	0.046782	0.027375
-7.940000	0.046805	0.027337
-7.930000	0.046829	0.027299
-7.920000	0.046853	0.027262
-7.910000	0.046876	0.027224
-7.900000	0.046899	0.027186
-7.890000	0.046923	0.027149
-7.880000	0.046946	0.027111
-7.870000	0.046969	0.027073
-7.860000	0.046992	0.027036
-7.850000	0.047016	0.026998
-7.840000	0.047039	0.026961
-7.830000	0.047061	0.026923
-7.820000	0.047084	0.026885
-7.810000	0.047107	0.026848
-7.800000	0.047130	0.026810
-7.790000	0.047153	0.026773
-7.780000	0.047175	0.026735
-7.770000	0.047198	0.026698
-7.760000	0.047220	0.026660
-7.750000	0.047243	0.026623
-7.740000	0.047265	0.026586
-7.730000	0.047287	0.026548
-7.720000	0.047309	0.026511
-7.710000	0.047332	0.026473
-7.700000	0.047354	0.026436
-7.690000	0.047376	0.026399
-7.680000	0.047397	0.026361
-7.670000	0.047419	0.026324
-7.660000	0.047441	0.026286
-7.650000	0.047463	0.026249
-7.640000	0.047484	0.026212
-7.630000	0.047506	0.026175
-7.620000	0.047527	0.026137
-7.610000	0.047549	0.026100
-7.600000	0.047570	0.026063
-7.590000	0.047592	0.026026
-7.580000	0.047613	0.025988
-7.570000	0.047634	0.025951
-7.560000	0.047655	0.025914
-7.550000	0.047676	0.025877
-7.540000	0.047697	0.025840
-7.530000	0.047718	0.025803
-7.520000	0.047738	0.025766
-7.510000	0.047759	0.025728
-7.500000	0.047780	0.025691
-7.490000	0.047800	0.025654
-7.480000	0.047821	0.025617
-7.470000	0.047841	0.025580
-7.460000	0.047862	0.025543
-7.450000	0.047882	0.025506
-7.440000	0.047902	0.025469
-7.430000	0.047922	0.025432
-7.420000	0.047942	0.025395
-7.410000	0.047962	0.025359
-7.400000	0.047982	0.025322
-7.390000	0.048002	0.025285
-7.380000	0.048022	0.025248
-7.370000	0.048041	0.025211
-7.360000	0.048061	0.025174
-7.350000	0.048080	0.025137
-7.340000	0.048100	0.025101
-7.330000	0.048119	0.025064
-7.320000	0.048139	0.025027
-7.310000	0.048158	0.024990
-7.300000	0.048177	0.024954
-7.290000	0.048196	0.024917
-7.280000	0.048215	0.024880
-7.270000	0.048234	0.024844
-7.260000	0.048253	0.024807
-7.250000	0.048272	0.024770
-7.240000	0.048290	0.024734
-7.230000	0.048309	0.024697
-7.220000	0.048327	0.024661
-7.210000	0.048346	0.024624
-7.200000	0.048364	0.024588
-7.190000	0.048383	0.024551
-7.180000	0.048401	0.024515
-7.170000	0.048419	0.024478
-7.160000	0.048437	0.024442
-7.150000	0.048455	0.024405
-7.140000	0.048473	0.024369
-7.130000	0.048491	0.024333
-7.120000	0.048509	0.024296
-7.110000	0.048526	0.024260
-7.100000	0.048544	0.024224
-7.090000	0.048561	0.024187
-7.080000	0.048579	0.024151
-7.070000	0.048596	0.024115
-7.060000	0.048614	0.024079
-7.050000	0.048631	0.024042
-7.040000	0.048648	0.024006
-7.030000	0.048665	0.023970
-7.020000	0.048682	0.023934
-7.010000	0.048699	0.023898
-7.000000	0.048716	0.023862
-6.990000	0.048733	0.023826
-6.980000	0.048749	0.023790
-6.970000	0.048766	0.023754
-6.960000	0.048782	0.023718
-6.950000	0.048799	0.023682
-6.940000	0.048815	0.023646
-6.930000	0.048831	0.023610
-6.920000	0.048848	0.023574
-6.910000	0.048864	0.023538
-6.900000	0.048880	0.023502
-6.890000	0.048896	0.023466
-6.880000	0.048911	0.023430
-6.870000	0.048927	0.023394
-6.860000	0.048943	0.023359
-6.850000	0.048959	0.023323
-6.840000	0.048974	0.023287
-6.830000	0.048990	0.023251
-6.820000	0.049005	0.023216
-6.810000	0.049020	0.023180
-6.800000	0.049036	0.023144
-6.790000	0.049051	0.023109
-6.780000	0.049066	0.023073
-6.770000	0.049081	0.023038
-6.760000	0.049096	0.023002
-6.750000	0.049110	0.022967
-6.740000	0.049125	0.022931
-6.730000	0.049140	0.022896
-6.720000	0.049154	0.022860
-6.710000	0.049169	0.022825
-6.700000	0.049183	0.022789
-6.690000	0.049198	0.022754
-6.680000	0.049212	0.022719
-6.670000	0.049226	0.022683
-6.660000	0.049240	0.022648
-6.650000	0.049254	0.022613
-6.640000	0.049268	0.022577
-6.630000	0.049282	0.022542
-6.620000	0.049295	0.022507
-6.610000	0.049309	0.022472
-6.600000	0.049323	0.022437
-6.590000	0.049336	0.022401
-6.580000	0.049349	0.022366
-6.570000	0.049363	0.022331
-6.560000	0.049376	0.022296
-6.550000	0.049389	0.022261
-6.540000	0.049402	0.022226
-6.530000	0.049415	0.022191
-6.520000	0.049428	0.022156
-6.510000	0.049441	0.022121
-6.500000	0.049454	0.022086
-6.490000	0.049466	0.022052
-6.480000	0.049479	0.022017
-6.470000	0.049491	0.021982
-6.460000	0.049504	0.021947
-6.450000	0.049516	0.021912
-6.440000	0.049528	0.021878
-6.430000	0.049540	0.021843
-6.420000	0.049552	0.021808
-6.410000	0.049564	0.021773
-6.400000	0.049576	0.021739
-6.390000	0.049588	0.021704
-6.380000	0.049600	0.021670
-6.370000	0.049611	0.021635
-6.360000	0.049623	0.021600
-6.350000	0.049634	0.021566
-6.340000	0.049646	0.021532
-6.330000	0.049657	0.021497
-6.320000	0.049668	0.021463
-6.310000	0.049679	0.021428
-6.300000	0.049690	0.021394
-6.290000	0.049701	0.021360
-6.280000	0.049712	0.021325
-6.270000	0.049723	0.021291
-6.260000	0.049733	0.021257
-6.250000	0.049744	0.021222
-6.240000	0.049754	0.021188
-6.230000	0.049765	0.021154
-6.220000	0.049775	0.021120
-6.210000	0.049785	0.021086
-6.200000	0.049795	0.021052
-6.190000	0.049805	0.021018
-6.180000	0.049815	0.020984
-6.170000	0.049825	0.020950
-6.160000	0.049835	0.020916
-6.150000	0.049845	0.020882
-6.140000	0.049854	0.020848
-6.130000	0.049864	0.020814
-6.120000	0.049873	0.020780
-6.110000	0.049883	0.020746
-6.100000	0.049892	0.020712
-6.090000	0.049901	0.020678
-6.080000	0.049910	0.020645
-6.070000	0.049919	0.020611
-6.060000	0.049928	0.020577
-6.050000	0.049937	0.020544
-6.040000	0.049946	0.020510
-6.030000	0.049954	0.020476
-6.020000	0.049963	0.020443
-6.010000	0.049971	0.020409
-6.000000	0.049980	0.020376
-5.990000	0.049988	0.020342
-5.980000	0.049996	0.020309
-5.970000	0.050004	0.020275
-5.960000	0.050012	0.020242
-5.950000	0.050020	0.020209
-5.940000	0.050028	0.020175
-5.930000	0.050036	0.020142
-5.920000	0.050043	0.020109
-5.910000	0.050051	0.020075
-5.900000	0.050058	0.020042
-5.890000	0.050066	0.020009
-5.880000	0.050073	0.019976
-5.870000	0.050080	0.019943
-5.860000	0.050087	0.019910
-5.850000	0.050094	0.019876
-5.840000	0.050101	0.019843
-5.830000	0.050108	0.019810
-5.820000	0.050115	0.019777
-5.810000	0.050122	0.019744
-5.800000	0.050128	0.019712
-5.790000	0.050135	0.019679
-5.780000	0.050141	0.019646
-5.770000	0.050147	0.019613
-5.760000	0.050154	0.019580
-5.750000	0.050160	0.019547
-5.740000	0.050166	0.019515
-5.730000	0.050172	0.019482
-5.720000	0.050177	0.019449
-5.710000	0.050183	0.019417
-5.700000	0.050189	0.019384
-5.690000	0.050194	0.019351
-5.680000	0.050200	0.019319
-5.670000	0.050205	0.019286
-5.660000	0.050211	0.019254
-5.650000	0.050216	0.019221
-5.640000	0.050221	0.019189
-5.630000	0.050226	0.019156
-5.620000	0.050231	0.019124
-5.610000	0.050236	0.019092
-5.600000	0.050241	0.019059
-5.590000	0.050245	0.019027
-5.580000	0.050250	0.018995
-5.570000	0.050254	0.018963
-5.560000	0.050259	0.018931
-5.550000	0.050263	0.018898
-5.540000	0.050267	0.018866
-5.530000	0.050271	0.018834
-5.520000	0.050275	0.018802
-5.510000	0.050279	0.018770
-5.500000	0.050283	0.018738
-5.490000	0.050287	0.018706
-5.480000	0.050290	0.018674
-5.470000	0.050294	0.018642
-5.460000	0.050297	0.018611
-5.450000	0.050301	0.018579
-5.440000	0.050304	0.018547
-5.430000	0.050307	0.018515
-5.420000	0.050310	0.018483
-5.410000	0.050313	0.018452
-5.400000	0.050316	0.018420
-5.390000	0.050319	0.018388
-5.380000	0.050322	0.018357
-5.370000	0.050325	0.018325
-5.360000	0.050327	0.018294
-5.350000	0.050330	0.018262
-5.340000	0.050332	0.018231
-5.330000	0.050334	0.018199
-5.320000	0.050336	0.018168
-5.310000	0.050338	0.018136
-5.300000	0.050340	0.018105
-5.290000	0.050342	0.018074
-5.280000	0.050344	0.018043
-5.270000	0.050346	0.018011
-5.260000	0.050347	0.017980
-5.250000	0.050349	0.017949
-5.240000	0.050350	0.017918
-5.230000	0.050352	0.017887
-5.220000	0.050353	0.017856
-5.210000	0.050354	0.017825
-5.200000	0.050355	0.017794
-5.190000	0.050356	0.017763
-5.180000	0.050357	0.017732
-5.170000	0.050358	0.017701
-5.160000	0.050359	0.017670
-5.150000	0.050359	0.017639
-5.140000	0.050360	0.017608
-5.130000	0.050360	0.017577
-5.120000	0.050360	0.017547
-5.110000	0.050361	0.017516
-5.100000	0.050361	0.017485
-5.090000	0.050361	0.017455
-5.080000	0.050361	0.017424
-5.070000	0.050361	0.017393
-5.060000	0.050360	0.017363
-5.050000	0.050360	0.017332
-5.040000	0.050360	0.017302
-5.030000	0.050359	0.017271
-5.020000	0.050358	0.017241
-5.010000	0.050358	0.017211
-5.000000	0.050357	0.017180
-4.990000	0.050356	0.017150
-4.980000	0.050355	0.017120
-4.970000	0.050354	0.017089
-4.960000	0.050353	0.017059
-4.950000	0.050352	0.017029
-4.940000	0.050350	0.016999
-4.930000	0.050349	0.016969
-4.920000	0.050347	0.016939
-4.910000	0.050346	0.016909
-4.900000	0.050344	0.016879
-4.890000	0.050342	0.016849
-4.880000	0.050340	0.016819
-4.870000	0.050338	0.016789
-4.860000	0.050336	0.016759
-4.850000	0.050334	0.016729
-4.840000	0.050331	0.016699
-4.830000	0.050329	0.016670
-4.820000	0.050327	0.016640
-4.810000	0.050324	0.016610
-4.800000	0.050321	0.016581
-4.790000	0.050319	0.016551
-4.780000	0.050316	0.016521
-4.770000	0.050313	0.016492
-4.760000	0.050310	0.016462
-4.750000	0.050307	0.016433
-4.740000	0.050303	0.016403
-4.730000	0.050300	0.016374
-4.720000	0.050297	0.016345
-4.710000	0.050293	0.016315
-4.700000	0.050289	0.016286
-4.690000	0.050286	0.016257
-4.680000	0.050282	0.016227
-4.670000	0.050278	0.016198
-4.660000	0.050274	0.016169
-4.650000	0.050270	0.016140
-4.640000	0.050266	0.016111
-4.630000	0.050262	0.016082
-4.620000	0.050257	0.016053
-4.610000	0.050253	0.016024
-4.600000	0.050248	0.015995
-4.590000	0.050244	0.015966
-4.580000	0.050239	0.015937
-4.570000	0.050234	0.015908
-4.560000	0.050229	0.015879
-4.550000	0.050224	0.015850
-4.540000	0.050219	0.015822
-4.530000	0.050214	0.015793
-4.520000	0.050209	0.015764
-4.510000	0.050203	0.015736
-4.500000	0.050198	0.015707
-4.490000	0.050192	0.015679
-4.480000	0.050186	0.015650
-4.470000	0.050181	0.015621
-4.460000	0.050175	0.015593
-4.450000	0.050169	0.015565
-4.440000	0.050163	0.015536
-4.430000	0.050157	0.015508
-4.420000	0.050151	0.015479
-4.410000	0.050144	0.015451
-4.400000	0.050138	0.015423
-4.390000	0.050131	0.015395
-4.380000	0.050125	0.015366
-4.370000	0.050118	0.015338
-4.360000	0.050111	0.015310
-4.350000	0.050104	0.015282
-4.340000	0.050097	0.015254
-4.330000	0.050090	0.015226
-4.320000	0.050083	0.015198
-4.310000	0.050076	0.015170
-4.300000	0.050069	0.015142
-4.290000	0.050061	0.015114
-4.280000	0.050054	0.015087
-4.270000	0.050046	0.015059
-4.260000	0.050038	0.015031
-4.250000	0.050031	0.015003
-4.240000	0.050023	0.014976
-4.230000	0.050015	0.014948
-4.220000	0.050007	0.014920
-4.210000	0.049999	0.014893
-4.200000	0.049990	0.014865
-4.190000	0.049982	0.014838
-4.180000	0.049974	0.014810
-4.170000	0.049965	0.014783
-4.160000	0.049956	0.014755
-4.150000	0.049948	0.014728
-4.140000	0.049939	0.014701
-4.130000	0.049930	0.014673
-4.120000	0.049921	0.014646
-4.110000	0.049912	0.014619
-4.100000	0.049903	0.014592
-4.090000	0.049893	0.014565
-4.080000	0.049884	0.014537
-4.070000	0.049875	0.014510
-4.060000	0.049865	0.014483
-4.050000	0.049855	0.014456
-4.040000	0.049846	0.014429
-4.030000	0.049836	0.014402
-4.020000	0.049826	0.014375
-4.010000	0.049816	0.014349
-4.000000	0.049806	0.014322
-3.990000	0.049796	0.014295
-3.980000	0.049785	0.014268
-3.970000	0.049775	0.014241
-3.960000	0.049764	0.014215
-3.950000	0.049754	0.014188
-3.940000	0.049743	0.014161
-3.930000	0.049733	0.014135
-3.920000	0.049722	0.014108
-3.910000	0.049711	0.014082
-3.900000	0.049700	0.014055
-3.890000	0.049689	0.014029
-3.880000	0.049677	0.014003
-3.870000	0.049666	0.013976
-3.860000	0.049655	0.013950
-3.850000	0.049643	0.013924
-3.840000	0.049632	0.013897
-3.830000	0.049620	0.013871
-3.820000	0.049608	0.013845
-3.810000	0.049597	0.013819
-3.800000	0.049585	0.013793
-3.790000	0.049573	0.013767
-3.780000	0.049561	0.013740
-3.770000	0.049548	0.013714
-3.760000	0.049536	0.013689
-3.750000	0.049524	0.013663
-3.740000	0.049511	0.013637
-3.730000	0.049499	0.013611
-3.720000	0.049486	0.013585
-3.710000	0.049473	0.013559
-3.700000	0.049461	0.013533
-3.690000	0.049448	0.013508
-3.680000	0.049435	0.013482
-3.670000	0.049422	0.013456
-3.660000	0.049408	0.013431
-3.650000	0.049395	0.013405
-3.640000	0.049382	0.013380
-3.630000	0.049368	0.013354
-3.620000	0.049355	0.013329
-3.610000	0.049341	0.013303
-3.600000	0.049327	0.013278
-3.590000	0.049314	0.013253
-3.580000	0.049300	0.013227
-3.570000	0.049286	0.013202
-3.560000	0.049272	0.013177
-3.550000	0.049257	0.013151
-3.540000	0.049243	0.013126
-3.530000	0.049229	0.013101
-3.520000	0.049214	0.013076
-3.510000	0.049200	0.013051
-3.500000	0.049185	0.013026
-3.490000	0.049171	0.013001
-3.480000	0.049156	0.012976
-3.470000	0.049141	0.012951
-3.460000	0.049126	0.012926
-3.450000	0.049111	0.012901
-3.440000	0.049096	0.012876
-3.430000	0.049081	0.012852
-3.420000	0.049065	0.012827
-3.410000	0.049050	0.012802
-3.400000	0.049034	0.012778
-3.390000	0.049019	0.012753
-3.380000	0.049003	0.012728
-3.370000	0.048987	0.012704
-3.360000	0.048972	0.012679
-3.350000	0.048956	0.012655
-3.340000	0.048940	0.012630
-3.330000	0.048924	0.012606
-3.320000	0.048907	0.012581
-3.310000	0.048891	0.012557
-3.300000	0.048875	0.012533
-3.290000	0.048858	0.012509
-3.280000	0.048842	0.012484
-3.270000	0.048825	0.012460
-3.260000	0.048808	0.012436
-3.250000	0.048792	0.012412
-3.240000	0.048775	0.012388
-3.230000	0.048758	0.012364
-3.220000	0.048741	0.012340
-3.210000	0.048724	0.012316
-3.200000	0.048706	0.012292
-3.190000	0.048689	0.012268
-3.180000	0.048672	0.012244
-3.170000	0.048654	0.012220
-3.160000	0.048637	0.012196
-3.150000	0.048619	0.012172
-3.140000	0.048601	0.012149
-3.130000	0.048584	0.012125
-3.120000	0.048566	0.012101
-3.110000	0.048548	0.012078
-3.100000	0.048530	0.012054
-3.090000	0.048511	0.012030
-3.080000	0.048493	0.012007
-3.070000	0.048475	0.011983
-3.060000	0.048456	0.011960
-3.050000	0.048438	0.011937
-3.040000	0.048419	0.011913
-3.030000	0.048401	0.011890
-3.020000	0.048382	0.011867
-3.010000	0.048363	0.011843
-3.000000	0.048344	0.011820
-2.990000	0.048325	0.011797
-2.980000	0.048306	0.011774
-2.970000	0.048287	0.011751
-2.960000	0.048268	0.011727
-2.950000	0.048248	0.011704
-2.940000	0.048229	0.011681
-2.930000	0.048209	0.011658
-2.920000	0.048190	0.011635
-2.910000	0.048170	0.011612
-2.900000	0.048150	0.011590
-2.890000	0.048131	0.011567
-2.880000	0.048111	0.011544
-2.870000	0.048091	0.011521
-2.860000	0.048071	0.011498
-2.850000	0.048050	0.011476
-2.840000	0.048030	0.011453
-2.830000	0.048010	0.011430
-2.820000	0.047989	0.011408
-2.810000	0.047969	0.011385
-2.800000	0.047948	0.011363
-2.790000	0.047928	0.011340
-2.780000	0.047907	0.011318
-2.770000	0.047886	0.011295
-2.760000	0.047865	0.011273
-2.750000	0.047844	0.011251
-2.740000	0.047823	0.011228
-2.730000	0.047802	0.011206
-2.720000	0.047781	0.011184
-2.710000	0.047760	0.011162
-2.700000	0.047738	0.011139
-2.690000	0.047717	0.011117
-2.680000	0.047695	0.011095
-2.670000	0.047674	0.011073
-2.660000	0.047652	0.011051
-2.650000	0.047630	0.011029
-2.640000	0.047608	0.011007
-2.630000	0.047586	0.010985
-2.620000	0.047564	0.010963
-2.610000	0.047542	0.010941
-2.600000	0.047520	0.010919
-2.590000	0.047498	0.010898
-2.580000	0.047475	0.010876
-2.570000	0.047453	0.010854
-2.560000	0.047430	0.010833
-2.550000	0.047408	0.010811
-2.540000	0.047385	0.010789
-2.530000	0.047362	0.010768
-2.520000	0.047340	0.010746
-2.510000	0.047317	0.010725
-2.500000	0.047294	0.010703
-2.490000	0.047271	0.010682
-2.480000	0.047248	0.010660
-2.470000	0.047224	0.010639
-2.460000	0.047201	0.010618
-2.450000	0.047178	0.010596
-2.440000	0.047154	0.010575
-2.430000	0.047131	0.010554
-2.420000	0.047107	0.010533
-2.410000	0.047083	0.010511
-2.400000	0.047060	0.010490
-2.390000	0.047036	0.010469
-2.380000	0.047012	0.010448
-2.370000	0.046988	0.010427
-2.360000	0.046964	0.010406
-2.350000	0.046940	0.010385
-2.340000	0.046916	0.010364
-2.330000	0.046891	0.010343
-2.320000	0.046867	0.010323
-2.310000	0.046843	0.010302
-2.300000	0.046818	0.010281
-2.290000	0.046793	0.010260
-2.280000	0.046769	0.010240
-2.270000	0.046744	0.010219
-2.260000	0.046719	0.010198
-2.250000	0.046694	0.010178
-2.240000	0.046669	0.010157
-2.230000	0.046644	0.010136
-2.220000	0.046619	0.010116
-2.210000	0.046594	0.010095
-2.200000	0.046569	0.010075
-2.190000	0.046544	0.010055
-2.180000	0.046518	0.010034
-2.170000	0.046493	0.010014
-2.160000	0.046467	0.009994
-2.150000	0.046441	0.009973
-2.140000	0.046416	0.009953
-2.130000	0.046390	0.009933
-2.120000	0.046364	0.009913
-2.110000	0.046338	0.009893
-2.100000	0.046312	0.009873
-2.090000	0.046286	0.009852
-2.080000	0.046260	0.009832
-2.070000	0.046234	0.009812
-2.060000	0.046208	0.009793
-2.050000	0.046181	0.009773
-2.040000	0.046155	0.009753
-2.030000	0.046128	0.009733
-2.020000	0.046102	0.009713
-2.010000	0.046075	0.009693
-2.000000	0.046048	0.009673
-1.990000	0.046022	0.009654
-1.980000	0.045995	0.009634
-1.970000	0.045968	0.009614
-1.960000	0.045941	0.009595
-1.950000	0.045914	0.009575
-1.940000	0.045887	0.009556
-1.930000	0.045859	0.009536
-1.920000	0.045832	0.009517
-1.910000	0.045805	0.009497
-1.900000	0.045777	0.009478
-1.890000	0.045750	0.009458
-1.880000	0.045722	0.009439
-1.870000	0.045695	0.009420
-1.860000	0.045667	0.009400
-1.850000	0.045639	0.009381
-1.840000	0.045611	0.009362
-1.830000	0.045584	0.009343
-1.820000	0.045556	0.009324
-1.810000	0.045528	0.009304
-1.800000	0.045499	0.009285
-1.790000	0.045471	0.009266
-1.780000	0.045443	0.009247
-1.770000	0.045415	0.009228
-1.760000	0.045386	0.009209
-1.750000	0.045358	0.009190
-1.740000	0.045329	0.009172
-1.730000	0.045301	0.009153
-1.720000	0.045272	0.009134
-1.710000	0.045243	0.009115
-1.700000	0.045215	0.009096
-1.690000	0.045186	0.009078
-1.680000	0.045157	0.009059
-1.670000	0.045128	0.009040
-1.660000	0.045099	0.009022
-1.650000	0.045070	0.009003
-1.640000	0.045041	0.008985
-1.630000	0.045011	0.008966
-1.620000	0.044982	0.008947
-1.610000	0.044953	0.008929
-1.600000	0.044923	0.008911
-1.590000	0.044894	0.008892
-1.580000	0.044864	0.008874
-1.570000	0.044835	0.008856
-1.560000	0.044805	0.008837
-1.550000	0.044775	0.008819
-1.540000	0.044745	0.008801
-1.530000	0.044715	0.008783
-1.520000	0.044685	0.008764
-1.510000	0.044655	0.008746
-1.500000	0.044625	0.008728
-1.490000	0.044595	0.008710
-1.480000	0.044565	0.008692
-1.470000	0.044535	0.008674
-1.460000	0.044504	0.008656
-1.450000	0.044474	0.008638
-1.440000	0.044444	0.008620
-1.430000	0.044413	0.008602
-1.420000	0.044383	0.008584
-1.410000	0.044352	0.008567
-1.400000	0.044321	0.008549
-1.390000	0.044290	0.008531
-1.380000	0.044260	0.008513
-1.370000	0.044229	0.008496
-1.360000	0.044198	0.008478
-1.350000	0.044167	0.008460
-1.340000	0.044136	0.008443
-1.330000	0.044105	0.008425
-1.320000	0.044073	0.008408
-1.310000	0.044042	0.008390
-1.300000	0.044011	0.008373
-1.290000	0.043979	0.008355
-1.280000	0.043948	0.008338
-1.270000	0.043916	0.008321
-1.260000	0.043885	0.008303
-1.250000	0.043853	0.008286
-1.240000	0.043822	0.008269
-1.230000	0.043790	0.008252
-1.220000	0.043758	0.008234
-1.210000	0.043726	0.008217
-1.200000	0.043694	0.008200
-1.190000	0.043662	0.008183
-1.180000	0.043630	0.008166
-1.170000	0.043598	0.008149
-1.160000	0.043566	0.008132
-1.150000	0.043534	0.008115
-1.140000	0.043502	0.008098
-1.130000	0.043469	0.008081
-1.120000	0.043437	0.008064
-1.110000	0.043405	0.008047
-1.100000	0.043372	0.008030
-1.090000	0.043340	0.008014
-1.080000	0.043307	0.007997
-1.070000	0.043274	0.007980
-1.060000	0.043242	0.007963
-1.050000	0.043209	0.007947
-1.040000	0.043176	0.007930
-1.030000	0.043143	0.007913
-1.020000	0.043110	0.007897
-1.010000	0.043077	0.007880
-1.000000	0.043044	0.007864
-0.990000	0.043011	0.007847
-0.980000	0.042978	0.007831
-0.970000	0.042945	0.007814
-0.960000	0.042912	0.007798
-0.950000	0.042878	0.007782
-0.940000	0.042845	0.007765
-0.930000	0.042812	0.007749
-0.920000	0.042778	0.007733
-0.910000	0.042745	0.007716
-0.900000	0.042711	0.007700
-0.890000	0.042677	0.007684
-0.880000	0.042644	0.007668
-0.870000	0.042610	0.007652
-0.860000	0.042576	0.007636
-0.850000	0.042542	0.007620
-0.840000	0.042508	0.007604
-0.830000	0.042474	0.007588
-0.820000	0.042440	0.007572
-0.810000	0.042406	0.007556
-0.800000	0.042372	0.007540
-0.790000	0.042338	0.007524
-0.780000	0.042304	0.007508
-0.770000	0.042270	0.007492
-0.760000	0.042235	0.007476
-0.750000	0.042201	0.007461
-0.740000	0.042167	0.007445
-0.730000	0.042132	0.007429
-0.720000	0.042098	0.007414
-0.710000	0.042063	0.007398
-0.700000	0.042029	0.007382
-0.690000	0.041994	0.007367
-0.680000	0.041959	0.007351
-0.670000	0.041924	0.007336
-0.660000	0.041890	0.007320
-0.650000	0.041855	0.007305
-0.640000	0.041820	0.007289
-0.630000	0.041785	0.007274
-0.620000	0.041750	0.007259
-0.610000	0.041715	0.007243
-0.600000	0.041680	0.007228
-0.590000	0.041645	0.007213
-0.580000	0.041609	0.007197
-0.570000	0.041574	0.007182
-0.560000	0.041539	0.007167
-0.550000	0.041504	0.007152
-0.540000	0.041468	0.007137
-0.530000	0.041433	0.007122
-0.520000	0.041397	0.007106
-0.510000	0.041362	0.007091
-0.500000	0.041326	0.007076
-0.490000	0.041291	0.007061
-0.480000	0.041255	0.007046
-0.470000	0.041219	0.007031
-0.460000	0.041184	0.007017
-0.450000	0.041148	0.007002
-0.440000	0.041112	0.006987
-0.430000	0.041076	0.006972
-0.420000	0.041040	0.006957
-0.410000	0.041004	0.006942
-0.400000	0.040968	0.006928
-0.390000	0.040932	0.006913
-0.380000	0.040896	0.006898
-0.370000	0.040860	0.006884
-0.360000	0.040824	0.006869
-0.350000	0.040788	0.006855
-0.340000	0.040751	0.006840
-0.330000	0.040715	0.006825
-0.320000	0.040679	0.006811
-0.310000	0.040642	0.006796
-0.300000	0.040606	0.006782
-0.290000	0.040569	0.006768
-0.280000	0.040533	0.006753
-0.270000	0.040496	0.006739
-0.260000	0.040460	0.006724
-0.250000	0.040423	0.006710
-0.240000	0.040386	0.006696
-0.230000	0.040350	0.006682
-0.220000	0.040313	0.006667
-0.210000	0.040276	0.006653
-0.200000	0.040239	0.006639
-0.190000	0.040202	0.006625
-0.180000	0.040165	0.006611
-0.170000	0.040128	0.006597
-0.160000	0.040091	0.006583
-0.150000	0.040054	0.006569
-0.140000	0.040017	0.006555
-0.130000	0.039980	0.006541
-0.120000	0.039943	0.006527
-0.110000	0.039906	0.006513
-0.100000	0.039868	0.006499
-0.090000	0.039831	0.006485
-0.080000	0.039794	0.006471
-0.070000	0.039756	0.006457
-0.060000	0.039719	0.006444
-0.050000	0.039682	0.006430
-0.040000	0.039644	0.006416
-0.030000	0.039607	0.006403
-0.020000	0.039569	0.006389
-0.010000	0.039532	0.006375
-0.000000	0.039494	0.006362
0.010000	0.039456	0.006348
0.020000	0.039419	0.006334
0.030000	0.039381	0.006321
0.040000	0.039343	0.006307
0.050000	0.039305	0.006294
0.060000	0.039267	0.006280
0.070000	0.039230	0.006267
0.080000	0.039192	0.006254
0.090000	0.039154	0.006240
0.100000	0.039116	0.006227
0.110000	0.039078	0.006214
0.120000	0.039040	0.006200
0.130000	0.039002	0.006187
0.140000	0.038963	0.006174
0.150000	0.038925	0.006161
0.160000	0.038887	0.006147
0.170000	0.038849	0.006134
0.180000	0.038811	0.006121
0.190000	0.038772	0.006108
0.200000	0.038734	0.006095
0.210000	0.038696	0.006082
0.220000	0.038657	0.006069
0.230000	0.038619	0.006056
0.240000	0.038580	0.006043
0.250000	0.038542	0.006030
0.260000	0.038504	0.006017
0.270000	0.038465	0.006004
0.280000	0.038426	0.005991
0.290000	0.038388	0.005978
0.300000	0.038349	0.005966
0.310000	0.038310	0.005953
0.320000	0.038272	0.005940
0.330000	0.038233	0.005927
0.340000	0.038194	0.005915
0.350000	0.038156	0.005902
0.360000	0.038117	0.005889
0.370000	0.038078	0.005877
0.380000	0.038039	0.005864
0.390000	0.038000	0.005852
0.400000	0.037961	0.005839
0.410000	0.037922	0.005826
0.420000	0.037883	0.005814
0.430000	0.037844	0.005801
0.440000	0.037805	0.005789
0.450000	0.037766	0.005777
0.460000	0.037727	0.005764
0.470000	0.037688	0.005752
0.480000	0.037649	0.005739
0.490000	0.037609	0.005727
0.500000	0.037570	0.005715
0.510000	0.037531	0.005703
0.520000	0.037492	0.005690
0.530000	0.037452	0.005678
0.540000	0.037413	0.005666
0.550000	0.037374	0.005654
0.560000	0.037334	0.005642
0.570000	0.037295	0.005629
0.580000	0.037255	0.005617
0.590000	0.037216	0.005605
0.600000	0.037177	0.005593
0.610000	0.037137	0.005581
0.620000	0.037098	0.005569
0.630000	0.037058	0.005557
0.640000	0.037018	0.005545
0.650000	0.036979	0.005533
0.660000	0.036939	0.005521
0.670000	0.036899	0.005510
0.680000	0.036860	0.005498
0.690000	0.036820	0.005486
0.700000	0.036780	0.005474
0.710000	0.036741	0.005462
0.720000	0.036701	0.005451
0.730000	0.036661	0.005439
0.740000	0.036621	0.005427
0.750000	0.036581	0.005415
0.760000	0.036542	0.005404
0.770000	0.036502	0.005392
0.780000	0.036462	0.005381
0.790000	0.036422	0.005369
0.800000	0.036382	0.005357
0.810000	0.036342	0.005346
0.820000	0.036302	0.005334
0.830000	0.036262	0.005323
0.840000	0.036222	0.005311
0.850000	0.036182	0.005300
0.860000	0.036142	0.005289
0.870000	0.036102	0.005277
0.880000	0.036061	0.005266
0.890000	0.036021	0.005255
0.900000	0.035981	0.005243
0.910000	0.035941	0.005232
0.920000	0.035901	0.005221
0.930000	0.035861	0.005209
0.940000	0.035820	0.005198
0.950000	0.035780	0.005187
0.960000	0.035740	0.005176
0.970000	0.035699	0.005165
0.980000	0.035659	0.005154
0.990000	0.035619	0.005142
1.000000	0.035578	0.005131
1.010000	0.035538	0.005120
1.020000	0.035498	0.005109
1.030000	0.035457	0.005098
1.040000	0.035417	0.005087
1.050000	0.035376	0.005076
1.060000	0.035336	0.005065
1.070000	0.035295	0.005054
1.080000	0.035255	0.005044
1.090000	0.035214	0.005033
1.100000	0.035174	0.005022
1.110000	0.035133	0.005011
1.120000	0.035093	0.005000
1.130000	0.035052	0.004989
1.140000	0.035012	0.004979
1.150000	0.034971	0.004968
1.160000	0.034930	0.004957
1.170000	0.034890	0.004947
1.180000	0.034849	0.004936
1.190000	0.034809	0.004925
1.200000	0.034768	0.004915
1.210000	0.034727	0.004904
1.220000	0.034686	0.004893
1.230000	0.034646	0.004883
1.240000	0.034605	0.004872
1.250000	0.034564	0.004862
1.260000	0.034523	0.004851
1.270000	0.034483	0.004841
1.280000	0.034442	0.004830
1.290000	0.034401	0.004820
1.300000	0.034360	0.004810
1.310000	0.034319	0.004799
1.320000	0.034279	0.004789
1.330000	0.034238	0.004779
1.340000	0.034197	0.004768
1.350000	0.034156	0.004758
1.360000	0.034115	0.004748
1.370000	0.034074	0.004738
1.380000	0.034033	0.004727
1.390000	0.033992	0.004717
1.400000	0.033951	0.004707
1.410000	0.033911	0.004697
1.420000	0.033870	0.004687
1.430000	0.033829	0.004677
1.440000	0.033788	0.004666
1.450000	0.033747	0.004656
1.460000	0.033706	0.004646
1.470000	0.033665	0.004636
1.480000	0.033624	0.004626
1.490000	0.033583	0.004616
1.500000	0.033542	0.004606
1.510000	0.033501	0.004596
1.520000	0.033459	0.004587
1.530000	0.033418	0.004577
1.540000	0.033377	0.004567
1.550000	0.033336	0.004557
1.560000	0.033295	0.004547
1.570000	0.033254	0.004537
1.580000	0.033213	0.004528
1.590000	0.033172	0.004518
1.600000	0.033131	0.004508
1.610000	0.033090	0.004498
1.620000	0.033048	0.004489
1.630000	0.033007	0.004479
1.640000	0.032966	0.004469
1.650000	0.032925	0.004460
1.660000	0.032884	0.004450
1.670000	0.032843	0.004440
1.680000	0.032801	0.004431
1.690000	0.032760	0.004421
1.700000	0.032719	0.004412
1.710000	0.032678	0.004402
1.720000	0.032637	0.004393
1.730000	0.032596	0.004383
1.740000	0.032554	0.004374
1.750000	0.032513	0.004364
1.760000	0.032472	0.004355
1.770000	0.032431	0.004346
1.780000	0.032389	0.004336
1.790000	0.032348	0.004327
1.800000	0.032307	0.004318
1.810000	0.032266	0.004308
1.820000	0.032224	0.004299
1.830000	0.032183	0.004290
1.840000	0.032142	0.004280
1.850000	0.032101	0.004271
1.860000	0.032059	0.004262
1.870000	0.032018	0.004253
1.880000	0.031977	0.004244
1.890000	0.031936	0.004234
1.900000	0.031894	0.004225
1.910000	0.031853	0.004216
1.920000	0.031812	0.004207
1.930000	0.031771	0.004198
1.940000	0.031729	0.004189
1.950000	0.031688	0.004180
1.960000	0.031647	0.004171
1.970000	0.031605	0.004162
1.980000	0.031564	0.004153
1.990000	0.031523	0.004144
2.000000	0.031482	0.004135
2.010000	0.031440	0.004126
2.020000	0.031399	0.004117
2.030000	0.031358	0.004109
2.040000	0.031316	0.004100
2.050000	0.031275	0.004091
2.060000	0.031234	0.004082
2.070000	0.031193	0.004073
2.080000	0.031151	0.004064
2.090000	0.031110	0.004056
2.100000	0.031069	0.004047
2.110000	0.031027	0.004038
2.120000	0.030986	0.004030
2.130000	0.030945	0.004021
2.140000	0.030904	0.004012
2.150000	0.030862	0.004004
2.160000	0.030821	0.003995
2.170000	0.030780	0.003986
2.180000	0.030738	0.003978
2.190000	0.030697	0.003969
2.200000	0.030656	0.003961
2.210000	0.030615	0.003952
2.220000	0.030573	0.003944
2.230000	0.030532	0.003935
2.240000	0.030491	0.003927
2.250000	0.030450	0.003918
2.260000	0.030408	0.003910
2.270000	0.030367	0.003901
2.280000	0.030326	0.003893
2.290000	0.030284	0.003885
2.300000	0.030243	0.003876
2.310000	0.030202	0.003868
2.320000	0.030161	0.003860
2.330000	0.030120	0.003851
2.340000	0.030078	0.003843
2.350000	0.030037	0.003835
2.360000	0.029996	0.003827
2.370000	0.029955	0.003818
2.380000	0.029913	0.003810
2.390000	0.029872	0.003802
2.400000	0.029831	0.003794
2.410000	0.029790	0.003786
2.420000	0.029749	0.003778
2.430000	0.029707	0.003769
2.440000	0.029666	0.003761
2.450000	0.029625	0.003753
2.460000	0.029584	0.003745
2.470000	0.029543	0.003737
2.480000	0.029502	0.003729
2.490000	0.029461	0.003721
2.500000	0.029419	0.003713
2.510000	0.029378	0.003705
2.520000	0.029337	0.003697
2.530000	0.029296	0.003689
2.540000	0.029255	0.003681
2.550000	0.029214	0.003673
2.560000	0.029173	0.003666
2.570000	0.029132	0.003658
2.580000	0.029091	0.003650
2.590000	0.029049	0.003642
2.600000	0.029008	0.003634
2.610000	0.028967	0.003626
2.620000	0.028926	0.003619
2.630000	0.028885	0.003611
2.640000	0.028844	0.003603
2.650000	0.028803	0.003595
2.660000	0.028762	0.003588
2.670000	0.028721	0.003580
2.680000	0.028680	0.003572
2.690000	0.028639	0.003565
2.700000	0.028598	0.003557
2.710000	0.028557	0.003549
2.720000	0.028516	0.003542
2.730000	0.028475	0.003534
2.740000	0.028434	0.003527
2.750000	0.028394	0.003519
2.760000	0.028353	0.003512
2.770000	0.028312	0.003504
2.780000	0.028271	0.003497
2.790000	0.028230	0.003489
2.800000	0.028189	0.003482
2.810000	0.028148	0.003474
2.820000	0.028107	0.003467
2.830000	0.028067	0.003459
2.840000	0.028026	0.003452
2.850000	0.027985	0.003445
2.860000	0.027944	0.003437
2.870000	0.027903	0.003430
2.880000	0.027863	0.003423
2.890000	0.027822	0.003415
2.900000	0.027781	0.003408
2.910000	0.027740	0.003401
2.920000	0.027700	0.003393
2.930000	0.027659	0.003386
2.940000	0.027618	0.003379
2.950000	0.027578	0.003372
2.960000	0.027537	0.003364
2.970000	0.027496	0.003357
2.980000	0.027456	0.003350
2.990000	0.027415	0.003343
3.000000	0.027374	0.003336
3.010000	0.027334	0.003329
3.020000	0.027293	0.003322
3.030000	0.027253	0.003314
3.040000	0.027212	0.003307
3.050000	0.027171	0.003300
3.060000	0.027131	0.003293
3.070000	0.027090	0.003286
3.080000	0.027050	0.003279
3.090000	0.027009	0.003272
3.100000	0.026969	0.003265
3.110000	0.026928	0.003258
3.120000	0.026888	0.003251
3.130000	0.026848	0.003244
3.140000	0.026807	0.003238
3.150000	0.026767	0.003231
3.160000	0.026726	0.003224
3.170000	0.026686	0.003217
3.180000	0.026646	0.003210
3.190000	0.026605	0.003203
3.200000	0.026565	0.003196
3.210000	0.026525	0.003190
3.220000	0.026484	0.003183
3.230000	0.026444	0.003176
3.240000	0.026404	0.003169
3.250000	0.026364	0.003163
3.260000	0.026324	0.003156
3.270000	0.026283	0.003149
3.280000	0.026243	0.003142
3.290000	0.026203	0.003136
3.300000	0.026163	0.003129
3.310000	0.026123	0.003122
3.320000	0.026083	0.003116
3.330000	0.026043	0.003109
3.340000	0.026002	0.003103
3.350000	0.025962	0.003096
3.360000	0.025922	0.003089
3.370000	0.025882	0.003083
3.380000	0.025842	0.003076
3.390000	0.025802	0.003070
3.400000	0.025762	0.003063
3.410000	0.025722	0.003057
3.420000	0.025683	0.003050
3.430000	0.025643	0.003044
3.440000	0.025603	0.003037
3.450000	0.025563	0.003031
3.460000	0.025523	0.003025
3.470000	0.025483	0.003018
3.480000	0.025443	0.003012
3.490000	0.025404	0.003005
3.500000	0.025364	0.002999
3.510000	0.025324	0.002993
3.520000	0.025284	0.002986
3.530000	0.025245	0.002980
3.540000	0.025205	0.002974
3.550000	0.025165	0.002967
3.560000	0.025126	0.002961
3.570000	0.025086	0.002955
3.580000	0.025046	0.002949
3.590000	0.025007	0.002942
3.600000	0.024967	0.002936
3.610000	0.024928	0.002930
3.620000	0.024888	0.002924
3.630000	0.024849	0.002918
3.640000	0.024809	0.002911
3.650000	0.024770	0.002905
3.660000	0.024730	0.002899
3.670000	0.024691	0.002893
3.680000	0.024652	0.002887
3.690000	0.024612	0.002881
3.700000	0.024573	0.002875
3.710000	0.024534	0.002869
3.720000	0.024494	0.002863
3.730000	0.024455	0.002857
3.740000	0.024416	0.002850
3.750000	0.024377	0.002844
3.760000	0.024337	0.002838
3.770000	0.024298	0.002832
3.780000	0.024259	0.002827
3.790000	0.024220	0.002821
3.800000	0.024181	0.002815
3.810000	0.024142	0.002809
3.820000	0.024103	0.002803
3.830000	0.024064	0.002797
3.840000	0.024025	0.002791
3.850000	0.023986	0.002785
3.860000	0.023947	0.002779
3.870000	0.023908	0.002773
3.880000	0.023869	0.002768
3.890000	0.023830	0.002762
3.900000	0.023791	0.002756
3.910000	0.023752	0.002750
3.920000	0.023713	0.002744
3.930000	0.023674	0.002739
3.940000	0.023636	0.002733
3.950000	0.023597	0.002727
3.960000	0.023558	0.002721
3.970000	0.023520	0.002716
3.980000	0.023481	0.002710
3.990000	0.023442	0.002704
4.000000	0.023404	0.002699
4.010000	0.023365	0.002693
4.020000	0.023326	0.002687
4.030000	0.023288	0.002682
4.040000	0.023249	0.002676
4.050000	0.023211	0.002670
4.060000	0.023172	0.002665
4.070000	0.023134	0.002659
4.080000	0.023096	0.002654
4.090000	0.023057	0.002648
4.100000	0.023019	0.002643
4.110000	0.022980	0.002637
4.120000	0.022942	0.002632
4.130000	0.022904	0.002626
4.140000	0.022866	0.002621
4.150000	0.022827	0.002615
4.160000	0.022789	0.002610
4.170000	0.022751	0.002604
4.180000	0.022713	0.002599
4.190000	0.022675	0.002593
4.200000	0.022637	0.002588
4.210000	0.022599	0.002582
4.220000	0.022560	0.002577
4.230000	0.022522	0.002572
4.240000	0.022484	0.002566
4.250000	0.022447	0.002561
4.260000	0.022409	0.002556
4.270000	0.022371	0.002550
4.280000	0.022333	0.002545
4.290000	0.022295	0.002540
4.300000	0.022257	0.002534
4.310000	0.022219	0.002529
4.320000	0.022182	0.002524
4.330000	0.022144	0.002519
4.340000	0.022106	0.002513
4.350000	0.022069	0.002508
4.360000	0.022031	0.002503
4.370000	0.021993	0.002498
4.380000	0.021956	0.002493
4.390000	0.021918	0.002487
4.400000	0.021881	0.002482
4.410000	0.021843	0.002477
4.420000	0.021806	0.002472
4.430000	0.021768	0.002467
4.440000	0.021731	0.002462
4.450000	0.021693	0.002456
4.460000	0.021656	0.002451
4.470000	0.021619	0.002446
4.480000	0.021581	0.002441
4.490000	0.021544	0.002436
4.500000	0.021507	0.002431
4.510000	0.021470	0.002426
4.520000	0.021433	0.002421
4.530000	0.021395	0.002416
4.540000	0.021358	0.002411
4.550000	0.021321	0.002406
4.560000	0.021284	0.002401
4.570000	0.021247	0.002396
4.580000	0.021210	0.002391
4.590000	0.021173	0.002386
4.600000	0.021136	0.002381
4.610000	0.021099	0.002376
4.620000	0.021062	0.002371
4.630000	0.021026	0.002366
4.640000	0.020989	0.002362
4.650000	0.020952	0.002357
4.660000	0.020915	0.002352
4.670000	0.020879	0.002347
4.680000	0.020842	0.002342
4.690000	0.020805	0.002337
4.700000	0.020769	0.002332
4.710000	0.020732	0.002328
4.720000	0.020696	0.002323
4.730000	0.020659	0.002318
4.740000	0.020623	0.002313
4.750000	0.020586	0.002309
4.760000	0.020550	0.002304
4.770000	0.020513	0.002299
4.780000	0.020477	0.002294
4.790000	0.020441	0.002290
4.800000	0.020404	0.002285
4.810000	0.020368	0.002280
4.820000	0.020332	0.002275
4.830000	0.020296	0.002271
4.840000	0.020259	0.002266
4.850000	0.020223	0.002261
4.860000	0.020187	0.002257
4.870000	0.020151	0.002252
4.880000	0.020115	0.002248
4.890000	0.020079	0.002243
4.900000	0.020043	0.002238
4.910000	0.020007	0.002234
4.920000	0.019971	0.002229
4.930000	0.019935	0.002225
4.940000	0.019900	0.002220
4.950000	0.019864	0.002216
4.960000	0.019828	0.002211
4.970000	0.019792	0.002206
4.980000	0.019756	0.002202
4.990000	0.019721	0.002197
5.000000	0.019685	0.002193
5.010000	0.019650	0.002188
5.020000	0.019614	0.002184
5.030000	0.019578	0.002179
5.040000	0.019543	0.002175
5.050000	0.019507	0.002171
5.060000	0.019472	0.002166
5.070000	0.019437	0.002162
5.080000	0.019401	0.002157
5.090000	0.019366	0.002153
5.100000	0.019331	0.002149
5.110000	0.019295	0.002144
5.120000	0.019260	0.002140
5.130000	0.019225	0.002135
5.140000	0.019190	0.002131
5.150000	0.019155	0.002127
5.160000	0.019120	0.002122
5.170000	0.019085	0.002118
5.180000	0.019050	0.002114
5.190000	0.019015	0.002109
5.200000	0.018980	0.002105
5.210000	0.018945	0.002101
5.220000	0.018910	0.002097
5.230000	0.018875	0.002092
5.240000	0.018840	0.002088
5.250000	0.018805	0.002084
5.260000	0.018771	0.002080
5.270000	0.018736	0.002075
5.280000	0.018701	0.002071
5.290000	0.018667	0.002067
5.300000	0.018632	0.002063
5.310000	0.018597	0.002059
5.320000	0.018563	0.002054
5.330000	0.018528	0.002050
5.340000	0.018494	0.002046
5.350000	0.018460	0.002042
5.360000	0.018425	0.002038
5.370000	0.018391	0.002034
5.380000	0.018356	0.002030
5.390000	0.018322	0.002025
5.400000	0.018288	0.002021
5.410000	0.018254	0.002017
5.420000	0.018220	0.002013
5.430000	0.018185	0.002009
5.440000	0.018151	0.002005
5.450000	0.018117	0.002001
5.460000	0.018083	0.001997
5.470000	0.018049	0.001993
5.480000	0.018015	0.001989
5.490000	0.017981	0.001985
5.500000	0.017948	0.001981
5.510000	0.017914	0.001977
5.520000	0.017880	0.001973
5.530000	0.017846	0.001969
5.540000	0.017812	0.001965
5.550000	0.017779	0.001961
5.560000	0.017745	0.001957
5.570000	0.017711	0.001953
5.580000	0.017678	0.001949
5.590000	0.017644	0.001945
5.600000	0.017611	0.001941
5.610000	0.017577	0.001938
5.620000	0.017544	0.001934
5.630000	0.017510	0.001930
5.640000	0.017477	0.001926
5.650000	0.017444	0.001922
5.660000	0.017410	0.001918
5.670000	0.017377	0.001914
5.680000	0.017344	0.001910
5.690000	0.017311	0.001907
5.700000	0.017278	0.001903
5.710000	0.017245	0.001899
5.720000	0.017211	0.001895
5.730000	0.017178	0.001891
5.740000	0.017145	0.001888
5.750000	0.017113	0.001884
5.760000	0.017080	0.001880
5.770000	0.017047	0.001876
5.780000	0.017014	0.001873
5.790000	0.016981	0.001869
5.800000	0.016948	0.001865
5.810000	0.016916	0.001861
5.820000	0.016883	0.001858
5.830000	0.016850	0.001854
5.840000	0.016818	0.001850
5.850000	0.016785	0.001847
5.860000	0.016753	0.001843
5.870000	0.016720	0.001839
5.880000	0.016688	0.001836
5.890000	0.016655	0.001832
5.900000	0.016623	0.001828
5.910000	0.016590	0.001825
5.920000	0.016558	0.001821
5.930000	0.016526	0.001817
5.940000	0.016494	0.001814
5.950000	0.016461	0.001810
5.960000	0.016429	0.001807
5.970000	0.016397	0.001803
5.980000	0.016365	0.001799
5.990000	0.016333	0.001796
6.000000	0.016301	0.001792
6.010000	0.016269	0.001789
6.020000	0.016237	0.001785
6.030000	0.016205	0.001782
6.040000	0.016173	0.001778
6.050000	0.016142	0.001775
6.060000	0.016110	0.001771
6.070000	0.016078	0.001768
6.080000	0.016046	0.001764
6.090000	0.016015	0.001761
6.100000	0.015983	0.001757
6.110000	0.015952	0.001754
6.120000	0.015920	0.001750
6.130000	0.015889	0.001747
6.140000	0.015857	0.001743
6.150000	0.015826	0.001740
6.160000	0.015794	0.001736
6.170000	0.015763	0.001733
6.180000	0.015732	0.001730
6.190000	0.015700	0.001726
6.200000	0.015669	0.001723
6.210000	0.015638	0.001719
6.220000	0.015607	0.001716
6.230000	0.015576	0.001713
6.240000	0.015545	0.001709
6.250000	0.015514	0.001706
6.260000	0.015483	0.001703
6.270000	0.015452	0.001699
6.280000	0.015421	0.001696
6.290000	0.015390	0.001692
6.300000	0.015359	0.001689
6.310000	0.015328	0.001686
6.320000	0.015298	0.001683
6.330000	0.015267	0.001679
6.340000	0.015236	0.001676
6.350000	0.015206	0.001673
6.360000	0.015175	0.001669
6.370000	0.015144	0.001666
6.380000	0.015114	0.001663
6.390000	0.015083	0.001660
6.400000	0.015053	0.001656
6.410000	0.015023	0.001653
6.420000	0.014992	0.001650
6.430000	0.014962	0.001647
6.440000	0.014932	0.001643
6.450000	0.014901	0.001640
6.460000	0.014871	0.001637
6.470000	0.014841	0.001634
6.480000	0.014811	0.001631
6.490000	0.014781	0.001627
6.500000	0.014751	0.001624
6.510000	0.014721	0.001621
6.520000	0.014691	0.001618
6.530000	0.014661	0.001615
6.540000	0.014631	0.001612
6.550000	0.014601	0.001609
6.560000	0.014571	0.001605
6.570000	0.014542	0.001602
6.580000	0.014512	0.001599
6.590000	0.014482	0.001596
6.600000	0.014453	0.001593
6.610000	0.014423	0.001590
6.620000	0.014393	0.001587
6.630000	0.014364	0.001584
6.640000	0.014334	0.001581
6.650000	0.014305	0.001578
6.660000	0.014276	0.001575
6.670000	0.014246	0.001571
6.680000	0.014217	0.001568
6.690000	0.014188	0.001565
6.700000	0.014158	0.001562
6.710000	0.014129	0.001559
6.720000	0.014100	0.001556
6.730000	0.014071	0.001553
6.740000	0.014042	0.001550
6.750000	0.014013	0.001547
6.760000	0.013984	0.001544
6.770000	0.013955	0.001541
6.780000	0.013926	0.001538
6.790000	0.013897	0.001535
6.800000	0.013868	0.001532
6.810000	0.013840	0.001530
6.820000	0.013811	0.001527
6.830000	0.013782	0.001524
6.840000	0.013753	0.001521
6.850000	0.013725	0.001518
6.860000	0.013696	0.001515
6.870000	0.013668	0.001512
6.880000	0.013639	0.001509
6.890000	0.013611	0.001506
6.900000	0.013582	0.001503
6.910000	0.013554	0.001500
6.920000	0.013525	0.001497
6.930000	0.013497	0.001495
6.940000	0.013469	0.001492
6.950000	0.013441	0.001489
6.960000	0.013412	0.001486
6.970000	0.013384	0.001483
6.980000	0.013356	0.001480
6.990000	0.013328	0.001478
7.000000	0.013300	0.001475
7.010000	0.013272	0.001472
7.020000	0.013244	0.001469
7.030000	0.013216	0.001466
7.040000	0.013188	0.001463
7.050000	0.013161	0.001461
7.060000	0.013133	0.001458
7.070000	0.013105	0.001455
7.080000	0.013077	0.001452
7.090000	0.013050	0.001450
7.100000	0.013022	0.001447
7.110000	0.012994	0.001444
7.120000	0.012967	0.001441
7.130000	0.012939	0.001439
7.140000	0.012912	0.001436
7.150000	0.012885	0.001433
7.160000	0.012857	0.001430
7.170000	0.012830	0.001428
7.180000	0.012803	0.001425
7.190000	0.012775	0.001422
7.200000	0.012748	0.001419
7.210000	0.012721	0.001417
7.220000	0.012694	0.001414
7.230000	0.012667	0.001411
7.240000	0.012640	0.001409
7.250000	0.012613	0.001406
7.260000	0.012586	0.001403
7.270000	0.012559	0.001401
7.280000	0.012532	0.001398
7.290000	0.012505	0.001395
7.300000	0.012478	0.001393
7.310000	0.012451	0.001390
7.320000	0.012425	0.001388
7.330000	0.012398	0.001385
7.340000	0.012371	0.001382
7.350000	0.012345	0.001380
7.360000	0.012318	0.001377
7.370000	0.012292	0.001375
7.380000	0.012265	0.001372
7.390000	0.012239	0.001369
7.400000	0.012212	0.001367
7.410000	0.012186	0.001364
7.420000	0.012160	0.001362
7.430000	0.012133	0.001359
7.440000	0.012107	0.001356
7.450000	0.012081	0.001354
7.460000	0.012055	0.001351
7.470000	0.012029	0.001349
7.480000	0.012002	0.001346
7.490000	0.011976	0.001344
7.500000	0.011950	0.001341
7.510000	0.011924	0.001339
7.520000	0.011899	0.001336
7.530000	0.011873	0.001334
7.540000	0.011847	0.001331
7.550000	0.011821	0.001329
7.560000	0.011795	0.001326
7.570000	0.011770	0.001324
7.580000	0.011744	0.001321
7.590000	0.011718	0.001319
7.600000	0.011693	0.001316
7.610000	0.011667	0.001314
7.620000	0.011642	0.001311
7.630000	0.011616	0.001309
7.640000	0.011591	0.001307
7.650000	0.011565	0.001304
7.660000	0.011540	0.001302
7.670000	0.011515	0.001299
7.680000	0.011489	0.001297
7.690000	0.011464	0.001294
7.700000	0.011439	0.001292
7.710000	0.011414	0.001290
7.720000	0.011389	0.001287
7.730000	0.011364	0.001285
7.740000	0.011339	0.001282
7.750000	0.011314	0.001280
7.760000	0.011289	0.001278
7.770000	0.011264	0.001275
7.780000	0.011239	0.001273
7.790000	0.011214	0.001271
7.800000	0.011189	0.001268
7.810000	0.011165	0.001266
7.820000	0.011140	0.001264
7.830000	0.011115	0.001261
7.840000	0.011090	0.001259
7.850000	0.011066	0.001257
7.860000	0.011041	0.001254
7.870000	0.011017	0.001252
7.880000	0.010992	0.001250
7.890000	0.010968	0.001247
7.900000	0.010944	0.001245
7.910000	0.010919	0.001243
7.920000	0.010895	0.001240
7.930000	0.010871	0.001238
7.940000	0.010846	0.001236
7.950000	0.010822	0.001233
7.960000	0.010798	0.001231
7.970000	0.010774	0.001229
7.980000	0.010750	0.001227
7.990000	0.010726	0.001224
8.000000	0.010702	0.001222
8.010000	0.010678	0.001220
8.020000	0.010654	0.001218
8.030000	0.010630	0.001215
8.040000	0.010606	0.001213
8.050000	0.010583	0.001211
8.060000	0.010559	0.001209
8.070000	0.010535	0.001207
8.080000	0.010511	0.001204
8.090000	0.010488	0.001202
8.100000	0.010464	0.001200
8.110000	0.010441	0.001198
8.120000	0.010417	0.001196
8.130000	0.010394	0.001193
8.140000	0.010370	0.001191
8.150000	0.010347	0.001189
8.160000	0.010324	0.001187
8.170000	0.010300	0.001185
8.180000	0.010277	0.001182
8.190000	0.010254	0.001180
8.200000	0.010231	0.001178
8.210000	0.010207	0.001176
8.220000	0.010184	0.001174
8.230000	0.010161	0.001172
8.240000	0.010138	0.001170
8.250000	0.010115	0.001167
8.260000	0.010092	0.001165
8.270000	0.010069	0.001163
8.280000	0.010046	0.001161
8.290000	0.010024	0.001159
8.300000	0.010001	0.001157
8.310000	0.009978	0.001155
8.320000	0.009955	0.001153
8.330000	0.009933	0.001151
8.340000	0.009910	0.001149
8.350000	0.009887	0.001146
8.360000	0.009865	0.001144
8.370000	0.009842	0.001142
8.380000	0.009820	0.001140
8.390000	0.009797	0.001138
8.400000	0.009775	0.001136
8.410000	0.009753	0.001134
8.420000	0.009730	0.001132
8.430000	0.009708	0.001130
8.440000	0.009686	0.001128
8.450000	0.009664	0.001126
8.460000	0.009641	0.001124
8.470000	0.009619	0.001122
8.480000	0.009597	0.001120
8.490000	0.009575	0.001118
8.500000	0.009553	0.001116
8.510000	0.009531	0.001114
8.520000	0.009509	0.001112
8.530000	0.009487	0.001110
8.540000	0.009466	0.001108
8.550000	0.009444	0.001106
8.560000	0.009422	0.001104
8.570000	0.009400	0.001102
8.580000	0.009378	0.001100
8.590000	0.009357	0.001098
8.600000	0.009335	0.001096
8.610000	0.009314	0.001094
8.620000	0.009292	0.001092
8.630000	0.009271	0.001090
8.640000	0.009249	0.001088
8.650000	0.009228	0.001086
8.660000	0.009206	0.001084
8.670000	0.009185	0.001082
8.680000	0.009164	0.001080
8.690000	0.009142	0.001078
8.700000	0.009121	0.001076
8.710000	0.009100	0.001074
8.720000	0.009079	0.001073
8.730000	0.009058	0.001071
8.740000	0.009037	0.001069
8.750000	0.009015	0.001067
8.760000	0.008994	0.001065
8.770000	0.008974	0.001063
8.780000	0.008953	0.001061
8.790000	0.008932	0.001059
8.800000	0.008911	0.001057
8.810000	0.008890	0.001055
8.820000	0.008869	0.001054
8.830000	0.008849	0.001052
8.840000	0.008828	0.001050
8.850000	0.008807	0.001048
8.860000	0.008787	0.001046
8.870000	0.008766	0.001044
8.880000	0.008745	0.001042
8.890000	0.008725	0.001041
8.900000	0.008704	0.001039
8.910000	0.008684	0.001037
8.920000	0.008664	0.001035
8.930000	0.008643	0.001033
8.940000	0.008623	0.001031
8.950000	0.008603	0.001030
8.960000	0.008582	0.001028
8.970000	0.008562	0.001026
8.980000	0.008542	0.001024
8.990000	0.008522	0.001022
9.000000	0.008502	0.001020
9.010000	0.008482	0.001019
9.020000	0.008462	0.001017
9.030000	0.008442	0.001015
9.040000	0.008422	0.001013
9.050000	0.008402	0.001011
9.060000	0.008382	0.001010
9.070000	0.008362	0.001008
9.080000	0.008342	0.001006
9.090000	0.008323	0.001004
9.100000	0.008303	0.001003
9.110000	0.008283	0.001001
9.120000	0.008264	0.000999
9.130000	0.008244	0.000997
9.140000	0.008224	0.000996
9.150000	0.008205	0.000994
9.160000	0.008185	0.000992
9.170000	0.008166	0.000990
9.180000	0.008146	0.000989
9.190000	0.008127	0.000987
9.200000	0.008108	0.000985
9.210000	0.008088	0.000983
9.220000	0.008069	0.000982
9.230000	0.008050	0.000980
9.240000	0.008031	0.000978
9.250000	0.008012	0.000977
9.260000	0.007992	0.000975
9.270000	0.007973	0.000973
9.280000	0.007954	0.000971
9.290000	0.007935	0.000970
9.300000	0.007916	0.000968
9.310000	0.007897	0.000966
9.320000	0.007878	0.000965
9.330000	0.007860	0.000963
9.340000	0.007841	0.000961
9.350000	0.007822	0.000960
9.360000	0.007803	0.000958
9.370000	0.007784	0.000956
9.380000	0.007766	0.000955
9.390000	0.007747	0.000953
9.400000	0.007728	0.000951
9.410000	0.007710	0.000950
9.420000	0.007691	0.000948
9.430000	0.007673	0.000946
9.440000	0.007654	0.000945
9.450000	0.007636	0.000943
9.460000	0.007618	0.000941
9.470000	0.007599	0.000940
9.480000	0.007581	0.000938
9.490000	0.007563	0.000937
9.500000	0.007544	0.000935
9.510000	0.007526	0.000933
9.520000	0.007508	0.000932
9.530000	0.007490	0.000930
9.540000	0.007472	0.000929
9.550000	0.007454	0.000927
9.560000	0.007436	0.000925
9.570000	0.007418	0.000924
9.580000	0.007400	0.000922
9.590000	0.007382	0.000921
9.600000	0.007364	0.000919
9.610000	0.007346	0.000917
9.620000	0.007328	0.000916
9.630000	0.007310	0.000914
9.640000	0.007293	0.000913
9.650000	0.007275	0.000911
9.660000	0.007257	0.000910
9.670000	0.007239	0.000908
9.680000	0.007222	0.000906
9.690000	0.007204	0.000905
9.700000	0.007187	0.000903
9.710000	0.007169	0.000902
9.720000	0.007152	0.000900
9.730000	0.007134	0.000899
9.740000	0.007117	0.000897
9.750000	0.007100	0.000896
9.760000	0.007082	0.000894
9.770000	0.007065	0.000893
9.780000	0.007048	0.000891
9.790000	0.007030	0.000889
9.800000	0.007013	0.000888
9.810000	0.006996	0.000886
9.820000	0.006979	0.000885
9.830000	0.006962	0.000883
9.840000	0.006945	0.000882
9.850000	0.006928	0.000880
9.860000	0.006911	0.000879
9.870000	0.006894	0.000877
9.880000	0.006877	0.000876
9.890000	0.006860	0.000874
9.900000	0.006843	0.000873
9.910000	0.006826	0.000871
9.920000	0.006810	0.000870
9.930000	0.006793	0.000868
9.940000	0.006776	0.000867
9.950000	0.006760	0.000866
9.960000	0.006743	0.000864
9.970000	0.006726	0.000863
9.980000	0.006710	0.000861
9.990000	0.006693	0.000860
10.000000	0.006677	0.000858
