-10.000000	0.027060	0.004077
-9.990000	0.027051	0.004082
-9.980000	0.027041	0.004088
-9.970000	0.027032	0.004094
-9.960000	0.027022	0.004099
-9.950000	0.027012	0.004105
-9.940000	0.027003	0.004111
-9.930000	0.026993	0.004116
-9.920000	0.026983	0.004122
-9.910000	0.026974	0.004128
-9.900000	0.026964	0.004133
-9.890000	0.026954	0.004139
-9.880000	0.026945	0.004145
-9.870000	0.026935	0.004151
-9.860000	0.026925	0.004156
-9.850000	0.026915	0.004162
-9.840000	0.026906	0.004168
-9.830000	0.026896	0.004174
-9.820000	0.026886	0.004180
-9.810000	0.026876	0.004185
-9.800000	0.026866	0.004191
-9.790000	0.026857	0.004197
-9.780000	0.026847	0.004203
-9.770000	0.026837	0.004209
-9.760000	0.026827	0.004214
-9.750000	0.026817	0.004220
-9.740000	0.026807	0.004226
-9.730000	0.026797	0.004232
-9.720000	0.026787	0.004238
-9.710000	0.026777	0.004244
-9.700000	0.026767	0.004249
-9.690000	0.026758	0.004255
-9.680000	0.026748	0.004261
-9.670000	0.026738	0.004267
-9.660000	0.026728	0.004273
-9.650000	0.026717	0.004279
-9.640000	0.026707	0.004285
-9.630000	0.026697	0.004291
-9.620000	0.026687	0.004297
-9.610000	0.026677	0.004303
-9.600000	0.026667	0.004309
-9.590000	0.026657	0.004314
-9.580000	0.026647	0.004320
-9.570000	0.026637	0.004326
-9.560000	0.026627	0.004332
-9.550000	0.026617	0.004338
-9.540000	0.026606	0.004344
-9.530000	0.026596	0.004350
-9.520000	0.026586	0.004356
-9.510000	0.026576	0.004362
-9.500000	0.026566	0.004368
-9.490000	0.026555	0.004374
-9.480000	0.026545	0.004380
-9.470000	0.026535	0.004386
-9.460000	0.026525	0.004392
-9.450000	0.026514	0.004399
-9.440000	0.026504	0.004405
-9.430000	0.026494	0.004411
-9.420000	0.026483	0.004417
-9.410000	0.026473	0.004423
-9.400000	0.026463	0.004429
-9.390000	0.026452	0.004435
-9.380000	0.026442	0.004441
-9.370000	0.026432	0.004447
-9.360000	0.026421	0.004453
-9.350000	0.026411	0.004459
-9.340000	0.026400	0.004466
-9.330000	0.026390	0.004472
-9.320000	0.026379	0.004478
-9.310000	0.026369	0.004484
-9.300000	0.026359	0.004490
-9.290000	0.026348	0.004496
-9.280000	0.026338	0.004503
-9.270000	0.026327	0.004509
-9.260000	0.026316	0.004515
-9.250000	0.026306	0.004521
-9.240000	0.026295	0.004527
-9.230000	0.026285	0.004534
-9.220000	0.026274	0.004540
-9.210000	0.026264	0.004546
-9.200000	0.026253	0.004552
-9.190000	0.026242	0.004558
-9.180000	0.026232	0.004565
-9.170000	0.026221	0.004571
-9.160000	0.026211	0.004577
-9.150000	0.026200	0.004584
-9.140000	0.026189	0.004590
-9.130000	0.026179	0.004596
-9.120000	0.026168	0.004602
-9.110000	0.026157	0.004609
-9.100000	0.026146	0.004615
-9.090000	0.026136	0.004621
-9.080000	0.026125	0.004628
-9.070000	0.026114	0.004634
-9.060000	0.026103	0.004640
-9.050000	0.026093	0.004647
-9.040000	0.026082	0.004653
-9.030000	0.026071	0.004659
-9.020000	0.026060	0.004666
-9.010000	0.026049	0.004672
-9.000000	0.026038	0.004679
-8.990000	0.026028	0.004685
-8.980000	0.026017	0.004691
-8.970000	0.026006	0.004698
-8.960000	0.025995	0.004704
-8.950000	0.025984	0.004711
-8.940000	0.025973	0.004717
-8.930000	0.025962	0.004724
-8.920000	0.025951	0.004730
-8.910000	0.025940	0.004736
-8.900000	0.025929	0.004743
-8.890000	0.025918	0.004749
-8.880000	0.025907	0.004756
-8.870000	0.025896	0.004762
-8.860000	0.025885	0.004769
-8.850000	0.025874	0.004775
-8.840000	0.025863	0.004782
-8.830000	0.025852	0.004788
-8.820000	0.025841	0.004795
-8.810000	0.025830	0.004802
-8.800000	0.025819	0.004808
-8.790000	0.025808	0.004815
-8.780000	0.025797	0.004821
-8.770000	0.025786	0.004828
-8.760000	0.025774	0.004834
-8.750000	0.025763	0.004841
-8.740000	0.025752	0.004847
-8.730000	0.025741	0.004854
-8.720000	0.025730	0.004861
-8.710000	0.025719	0.004867
-8.700000	0.025707	0.004874
-8.690000	0.025696	0.004881
-8.680000	0.025685	0.004887
-8.670000	0.025674	0.004894
-8.660000	0.025662	0.004901
-8.650000	0.025651	0.004907
-8.640000	0.025640	0.004914
-8.630000	0.025629	0.004921
-8.620000	0.025617	0.004927
-8.610000	0.025606	0.004934
-8.600000	0.025595	0.004941
-8.590000	0.025583	0.004947
-8.580000	0.025572	0.004954
-8.570000	0.025561	0.004961
-8.560000	0.025549	0.004967
-8.550000	0.025538	0.004974
-8.540000	0.025527	0.004981
-8.530000	0.025515	0.004988
-8.520000	0.025504	0.004994
-8.510000	0.025492	0.005001
-8.500000	0.025481	0.005008
-8.490000	0.025469	0.005015
-8.480000	0.025458	0.005022
-8.470000	0.025447	0.005028
-8.460000	0.025435	0.005035
-8.450000	0.025424	0.005042
-8.440000	0.025412	0.005049
-8.430000	0.025401	0.005056
-8.420000	0.025389	0.005063
-8.410000	0.025378	0.005069
-8.400000	0.025366	0.005076
-8.390000	0.025354	0.005083
-8.380000	0.025343	0.005090
-8.370000	0.025331	0.005097
-8.360000	0.025320	0.005104
-8.350000	0.025308	0.005111
-8.340000	0.025296	0.005118
-8.330000	0.025285	0.005125
-8.320000	0.025273	0.005131
-8.310000	0.025262	0.005138
-8.300000	0.025250	0.005145
-8.290000	0.025238	0.005152
-8.280000	0.025227	0.005159
-8.270000	0.025215	0.005166
-8.260000	0.025203	0.005173
-8.250000	0.025191	0.005180
-8.240000	0.025180	0.005187
-8.230000	0.025168	0.005194
-8.220000	0.025156	0.005201
-8.210000	0.025145	0.005208
-8.200000	0.025133	0.005215
-8.190000	0.025121	0.005222
-8.180000	0.025109	0.005229
-8.170000	0.025097	0.005236
-8.160000	0.025086	0.005243
-8.150000	0.025074	0.005250
-8.140000	0.025062	0.005257
-8.130000	0.025050	0.005265
-8.120000	0.025038	0.005272
-8.110000	0.025026	0.005279
-8.100000	0.025015	0.005286
-8.090000	0.025003	0.005293
-8.080000	0.024991	0.005300
-8.070000	0.024979	0.005307
-8.060000	0.024967	0.005314
-8.050000	0.024955	0.005321
-8.040000	0.024943	0.005329
-8.030000	0.024931	0.005336
-8.020000	0.024919	0.005343
-8.010000	0.024907	0.005350
-8.000000	0.024895	0.005357
-7.990000	0.024883	0.005364
-7.980000	0.024871	0.005372
-7.970000	0.024859	0.005379
-7.960000	0.024847	0.005386
-7.950000	0.024835	0.005393
-7.940000	0.024823	0.005401
-7.930000	0.024811	0.005408
-7.920000	0.024799	0.005415
-7.910000	0.024787	0.005422
-7.900000	0.024775	0.005430
-7.890000	0.024763	0.005437
-7.880000	0.024751	0.005444
-7.870000	0.024739	0.005451
-7.860000	0.024727	0.005459
-7.850000	0.024714	0.005466
-7.840000	0.024702	0.005473
-7.830000	0.024690	0.005481
-7.820000	0.024678	0.005488
-7.810000	0.024666	0.005495
-7.800000	0.024654	0.005503
-7.790000	0.024642	0.005510
-7.780000	0.024629	0.005517
-7.770000	0.024617	0.005525
-7.760000	0.024605	0.005532
-7.750000	0.024593	0.005539
-7.740000	0.024580	0.005547
-7.730000	0.024568	0.005554
-7.720000	0.024556	0.005562
-7.710000	0.024544	0.005569
-7.700000	0.024531	0.005577
-7.690000	0.024519	0.005584
-7.680000	0.024507	0.005591
-7.670000	0.024495	0.005599
-7.660000	0.024482	0.005606
-7.650000	0.024470	0.005614
-7.640000	0.024458	0.005621
-7.630000	0.024445	0.005629
-7.620000	0.024433	0.005636
-7.610000	0.024421	0.005644
-7.600000	0.024408	0.005651
-7.590000	0.024396	0.005659
-7.580000	0.024383	0.005666
-7.570000	0.024371	0.005674
-7.560000	0.024359	0.005681
-7.550000	0.024346	0.005689
-7.540000	0.024334	0.005696
-7.530000	0.024321	0.005704
-7.520000	0.024309	0.005712
-7.510000	0.024296	0.005719
-7.500000	0.024284	0.005727
-7.490000	0.024271	0.005734
-7.480000	0.024259	0.005742
-7.470000	0.024247	0.005750
-7.460000	0.024234	0.005757
-7.450000	0.024221	0.005765
-7.440000	0.024209	0.005773
-7.430000	0.024196	0.005780
-7.420000	0.024184	0.005788
-7.410000	0.024171	0.005796
-7.400000	0.024159	0.005803
-7.390000	0.024146	0.005811
-7.380000	0.024134	0.005819
-7.370000	0.024121	0.005826
-7.360000	0.024109	0.005834
-7.350000	0.024096	0.005842
-7.340000	0.024083	0.005849
-7.330000	0.024071	0.005857
-7.320000	0.024058	0.005865
-7.310000	0.024045	0.005873
-7.300000	0.024033	0.005880
-7.290000	0.024020	0.005888
-7.280000	0.024007	0.005896
-7.270000	0.023995	0.005904
-7.260000	0.023982	0.005912
-7.250000	0.023969	0.005919
-7.240000	0.023957	0.005927
-7.230000	0.023944	0.005935
-7.220000	0.023931	0.005943
-7.210000	0.023919	0.005951
-7.200000	0.023906	0.005959
-7.190000	0.023893	0.005966
-7.180000	0.023880	0.005974
-7.170000	0.023868	0.005982
-7.160000	0.023855	0.005990
-7.150000	0.023842	0.005998
-7.140000	0.023829	0.006006
-7.130000	0.023816	0.006014
-7.120000	0.023804	0.006022
-7.110000	0.023791	0.006030
-7.100000	0.023778	0.006037
-7.090000	0.023765	0.006045
-7.080000	0.023752	0.006053
-7.070000	0.023740	0.006061
-7.060000	0.023727	0.006069
-7.050000	0.023714	0.006077
-7.040000	0.023701	0.006085
-7.030000	0.023688	0.006093
-7.020000	0.023675	0.006101
-7.010000	0.023662	0.006109
-7.000000	0.023649	0.006117
-6.990000	0.023636	0.006125
-6.980000	0.023624	0.006133
-6.970000	0.023611	0.006141
-6.960000	0.023598	0.006149
-6.950000	0.023585	0.006157
-6.940000	0.023572	0.006165
-6.930000	0.023559	0.006174
-6.920000	0.023546	0.006182
-6.910000	0.023533	0.006190
-6.900000	0.023520	0.006198
-6.890000	0.023507	0.006206
-6.880000	0.023494	0.006214
-6.870000	0.023481	0.006222
-6.860000	0.023468	0.006230
-6.850000	0.023455	0.006238
-6.840000	0.023442	0.006247
-6.830000	0.023429	0.006255
-6.820000	0.023416	0.006263
-6.810000	0.023403	0.006271
-6.800000	0.023390	0.006279
-6.790000	0.023377	0.006288
-6.780000	0.023363	0.006296
-6.770000	0.023350	0.006304
-6.760000	0.023337	0.006312
-6.750000	0.023324	0.006320
-6.740000	0.023311	0.006329
-6.730000	0.023298	0.006337
-6.720000	0.023285	0.006345
-6.710000	0.023272	0.006353
-6.700000	0.023259	0.006362
-6.690000	0.023245	0.006370
-6.680000	0.023232	0.006378
-6.670000	0.023219	0.006387
-6.660000	0.023206	0.006395
-6.650000	0.023193	0.006403
-6.640000	0.023180	0.006411
-6.630000	0.023166	0.006420
-6.620000	0.023153	0.006428
-6.610000	0.023140	0.006437
-6.600000	0.023127	0.006445
-6.590000	0.023114	0.006453
-6.580000	0.023100	0.006462
-6.570000	0.023087	0.006470
-6.560000	0.023074	0.006478
-6.550000	0.023061	0.006487
-6.540000	0.023047	0.006495
-6.530000	0.023034	0.006504
-6.520000	0.023021	0.006512
-6.510000	0.023007	0.006520
-6.500000	0.022994	0.006529
-6.490000	0.022981	0.006537
-6.480000	0.022968	0.006546
-6.470000	0.022954	0.006554
-6.460000	0.022941	0.006563
-6.450000	0.022928	0.006571
-6.440000	0.022914	0.006580
-6.430000	0.022901	0.006588
-6.420000	0.022888	0.006597
-6.410000	0.022874	0.006605
-6.400000	0.022861	0.006614
-6.390000	0.022848	0.006622
-6.380000	0.022834	0.006631
-6.370000	0.022821	0.006640
-6.360000	0.022807	0.006648
-6.350000	0.022794	0.006657
-6.340000	0.022781	0.006665
-6.330000	0.022767	0.006674
-6.320000	0.022754	0.006682
-6.310000	0.022740	0.006691
-6.300000	0.022727	0.006700
-6.290000	0.022713	0.006708
-6.280000	0.022700	0.006717
-6.270000	0.022687	0.006726
-6.260000	0.022673	0.006734
-6.250000	0.022660	0.006743
-6.240000	0.022646	0.006752
-6.230000	0.022633	0.006760
-6.220000	0.022619	0.006769
-6.210000	0.022606	0.006778
-6.200000	0.022592	0.006786
-6.190000	0.022579	0.006795
-6.180000	0.022565	0.006804
-6.170000	0.022552	0.006812
-6.160000	0.022538	0.006821
-6.150000	0.022525	0.006830
-6.140000	0.022511	0.006839
-6.130000	0.022498	0.006848
-6.120000	0.022484	0.006856
-6.110000	0.022471	0.006865
-6.100000	0.022457	0.006874
-6.090000	0.022443	0.006883
-6.080000	0.022430	0.006891
-6.070000	0.022416	0.006900
-6.060000	0.022403	0.006909
-6.050000	0.022389	0.006918
-6.040000	0.022375	0.006927
-6.030000	0.022362	0.006936
-6.020000	0.022348	0.006945
-6.010000	0.022335	0.006953
-6.000000	0.022321	0.006962
-5.990000	0.022307	0.006971
-5.980000	0.022294	0.006980
-5.970000	0.022280	0.006989
-5.960000	0.022266	0.006998
-5.950000	0.022253	0.007007
-5.940000	0.022239	0.007016
-5.930000	0.022225	0.007025
-5.920000	0.022212	0.007034
-5.910000	0.022198	0.007043
-5.900000	0.022184	0.007052
-5.890000	0.022171	0.007061
-5.880000	0.022157	0.007070
-5.870000	0.022143	0.007079
-5.860000	0.022130	0.007088
-5.850000	0.022116	0.007097
-5.840000	0.022102	0.007106
-5.830000	0.022088	0.007115
-5.820000	0.022075	0.007124
-5.810000	0.022061	0.007133
-5.800000	0.022047	0.007142
-5.790000	0.022034	0.007151
-5.780000	0.022020	0.007160
-5.770000	0.022006	0.007169
-5.760000	0.021992	0.007178
-5.750000	0.021978	0.007187
-5.740000	0.021965	0.007196
-5.730000	0.021951	0.007205
-5.720000	0.021937	0.007214
-5.710000	0.021923	0.007224
-5.700000	0.021910	0.007233
-5.690000	0.021896	0.007242
-5.680000	0.021882	0.007251
-5.670000	0.021868	0.007260
-5.660000	0.021854	0.007269
-5.650000	0.021840	0.007279
-5.640000	0.021827	0.007288
-5.630000	0.021813	0.007297
-5.620000	0.021799	0.007306
-5.610000	0.021785	0.007315
-5.600000	0.021771	0.007325
-5.590000	0.021757	0.007334
-5.580000	0.021744	0.007343
-5.570000	0.021730	0.007352
-5.560000	0.021716	0.007362
-5.550000	0.021702	0.007371
-5.540000	0.021688	0.007380
-5.530000	0.021674	0.007390
-5.520000	0.021660	0.007399
-5.510000	0.021646	0.007408
-5.500000	0.021632	0.007417
-5.490000	0.021619	0.007427
-5.480000	0.021605	0.007436
-5.470000	0.021591	0.007445
-5.460000	0.021577	0.007455
-5.450000	0.021563	0.007464
-5.440000	0.021549	0.007474
-5.430000	0.021535	0.007483
-5.420000	0.021521	0.007492
-5.410000	0.021507	0.007502
-5.400000	0.021493	0.007511
-5.390000	0.021479	0.007521
-5.380000	0.021465	0.007530
-5.370000	0.021451	0.007539
-5.360000	0.021437	0.007549
-5.350000	0.021423	0.007558
-5.340000	0.021409	0.007568
-5.330000	0.021395	0.007577
-5.320000	0.021381	0.007587
-5.310000	0.021367	0.007596
-5.300000	0.021353	0.007606
-5.290000	0.021339	0.007615
-5.280000	0.021325	0.007625
-5.270000	0.021311	0.007634
-5.260000	0.021297	0.007644
-5.250000	0.021283	0.007653
-5.240000	0.021269	0.007663
-5.230000	0.021255	0.007672
-5.220000	0.021241	0.007682
-5.210000	0.021227	0.007692
-5.200000	0.021213	0.007701
-5.190000	0.021199	0.007711
-5.180000	0.021185	0.007720
-5.170000	0.021171	0.007730
-5.160000	0.021157	0.007740
-5.150000	0.021143	0.007749
-5.140000	0.021129	0.007759
-5.130000	0.021115	0.007768
-5.120000	0.021101	0.007778
-5.110000	0.021087	0.007788
-5.100000	0.021072	0.007797
-5.090000	0.021058	0.007807
-5.080000	0.021044	0.007817
-5.070000	0.021030	0.007827
-5.060000	0.021016	0.007836
-5.050000	0.021002	0.007846
-5.040000	0.020988	0.007856
-5.030000	0.020974	0.007865
-5.020000	0.020960	0.007875
-5.010000	0.020946	0.007885
-5.000000	0.020931	0.007895
-4.990000	0.020917	0.007904
-4.980000	0.020903	0.007914
-4.970000	0.020889	0.007924
-4.960000	0.020875	0.007934
-4.950000	0.020861	0.007944
-4.940000	0.020847	0.007953
-4.930000	0.020832	0.007963
-4.920000	0.020818	0.007973
-4.910000	0.020804	0.007983
-4.900000	0.020790	0.007993
-4.890000	0.020776	0.008003
-4.880000	0.020762	0.008012
-4.870000	0.020747	0.008022
-4.860000	0.020733	0.008032
-4.850000	0.020719	0.008042
-4.840000	0.020705	0.008052
-4.830000	0.020691	0.008062
-4.820000	0.020676	0.008072
-4.810000	0.020662	0.008082
-4.800000	0.020648	0.008092
-4.790000	0.020634	0.008102
-4.780000	0.020620	0.008112
-4.770000	0.020605	0.008122
-4.760000	0.020591	0.008132
-4.750000	0.020577	0.008142
-4.740000	0.020563	0.008152
-4.730000	0.020549	0.008162
-4.720000	0.020534	0.008172
-4.710000	0.020520	0.008182
-4.700000	0.020506	0.008192
-4.690000	0.020492	0.008202
-4.680000	0.020477	0.008212
-4.670000	0.020463	0.008222
-4.660000	0.020449	0.008232
-4.650000	0.020435	0.008242
-4.640000	0.020420	0.008252
-4.630000	0.020406	0.008262
-4.620000	0.020392	0.008272
-4.610000	0.020378	0.008282
-4.600000	0.020363	0.008292
-4.590000	0.020349	0.008302
-4.580000	0.020335	0.008313
-4.570000	0.020320	0.008323
-4.560000	0.020306	0.008333
-4.550000	0.020292	0.008343
-4.540000	0.020278	0.008353
-4.530000	0.020263	0.008363
-4.520000	0.020249	0.008373
-4.510000	0.020235	0.008384
-4.500000	0.020220	0.008394
-4.490000	0.020206	0.008404
-4.480000	0.020192	0.008414
-4.470000	0.020178	0.008425
-4.460000	0.020163	0.008435
-4.450000	0.020149	0.008445
-4.440000	0.020135	0.008455
-4.430000	0.020120	0.008466
-4.420000	0.020106	0.008476
-4.410000	0.020092	0.008486
-4.400000	0.020077	0.008496
-4.390000	0.020063	0.008507
-4.380000	0.020049	0.008517
-4.370000	0.020034	0.008527
-4.360000	0.020020	0.008538
-4.350000	0.020006	0.008548
-4.340000	0.019991	0.008558
-4.330000	0.019977	0.008569
-4.320000	0.019963	0.008579
-4.310000	0.019948	0.008589
-4.300000	0.019934	0.008600
-4.290000	0.019920	0.008610
-4.280000	0.019905	0.008620
-4.270000	0.019891	0.008631
-4.260000	0.019876	0.008641
-4.250000	0.019862	0.008652
-4.240000	0.019848	0.008662
-4.230000	0.019833	0.008673
-4.220000	0.019819	0.008683
-4.210000	0.019805	0.008693
-4.200000	0.019790	0.008704
-4.190000	0.019776	0.008714
-4.180000	0.019761	0.008725
-4.170000	0.019747	0.008735
-4.160000	0.019733	0.008746
-4.150000	0.019718	0.008756
-4.140000	0.019704	0.008767
-4.130000	0.019690	0.008777
-4.120000	0.019675	0.008788
-4.110000	0.019661	0.008798
-4.100000	0.019646	0.008809
-4.090000	0.019632	0.008820
-4.080000	0.019618	0.008830
-4.070000	0.019603	0.008841
-4.060000	0.019589	0.008851
-4.050000	0.019574	0.008862
-4.040000	0.019560	0.008872
-4.030000	0.019546	0.008883
-4.020000	0.019531	0.008894
-4.010000	0.019517	0.008904
-4.000000	0.019502	0.008915
-3.990000	0.019488	0.008926
-3.980000	0.019473	0.008936
-3.970000	0.019459	0.008947
-3.960000	0.019445	0.008958
-3.950000	0.019430	0.008968
-3.940000	0.019416	0.008979
-3.930000	0.019401	0.008990
-3.920000	0.019387	0.009000
-3.910000	0.019372	0.009011
-3.900000	0.019358	0.009022
-3.890000	0.019344	0.009032
-3.880000	0.019329	0.009043
-3.870000	0.019315	0.009054
-3.860000	0.019300	0.009065
-3.850000	0.019286	0.009075
-3.840000	0.019271	0.009086
-3.830000	0.019257	0.009097
-3.820000	0.019243	0.009108
-3.810000	0.019228	0.009119
-3.800000	0.019214	0.009129
-3.790000	0.019199	0.009140
-3.780000	0.019185	0.009151
-3.770000	0.019170	0.009162
-3.760000	0.019156	0.009173
-3.750000	0.019141	0.009184
-3.740000	0.019127	0.009194
-3.730000	0.019112	0.009205
-3.720000	0.019098	0.009216
-3.710000	0.019084	0.009227
-3.700000	0.019069	0.009238
-3.690000	0.019055	0.009249
-3.680000	0.019040	0.009260
-3.670000	0.019026	0.009271
-3.660000	0.019011	0.009282
-3.650000	0.018997	0.009293
-3.640000	0.018982	0.009303
-3.630000	0.018968	0.009314
-3.620000	0.018953	0.009325
-3.610000	0.018939	0.009336
-3.600000	0.018924	0.009347
-3.590000	0.018910	0.009358
-3.580000	0.018895	0.009369
-3.570000	0.018881	0.009380
-3.560000	0.018867	0.009391
-3.550000	0.018852	0.009402
-3.540000	0.018838	0.009413
-3.530000	0.018823	0.009424
-3.520000	0.018809	0.009435
-3.510000	0.018794	0.009447
-3.500000	0.018780	0.009458
-3.490000	0.018765	0.009469
-3.480000	0.018751	0.009480
-3.470000	0.018736	0.009491
-3.460000	0.018722	0.009502
-3.450000	0.018707	0.009513
-3.440000	0.018693	0.009524
-3.430000	0.018678	0.009535
-3.420000	0.018664	0.009546
-3.410000	0.018649	0.009558
-3.400000	0.018635	0.009569
-3.390000	0.018620	0.009580
-3.380000	0.018606	0.009591
-3.370000	0.018591	0.009602
-3.360000	0.018577	0.009613
-3.350000	0.018562	0.009625
-3.340000	0.018548	0.009636
-3.330000	0.018533	0.009647
-3.320000	0.018519	0.009658
-3.310000	0.018504	0.009669
-3.300000	0.018490	0.009681
-3.290000	0.018475	0.009692
-3.280000	0.018461	0.009703
-3.270000	0.018446	0.009714
-3.260000	0.018432	0.009726
-3.250000	0.018418	0.009737
-3.240000	0.018403	0.009748
-3.230000	0.018389	0.009759
-3.220000	0.018374	0.009771
-3.210000	0.018360	0.009782
-3.200000	0.018345	0.009793
-3.190000	0.018331	0.009805
-3.180000	0.018316	0.009816
-3.170000	0.018302	0.009827
-3.160000	0.018287	0.009839
-3.150000	0.018273	0.009850
-3.140000	0.018258	0.009861
-3.130000	0.018244	0.009873
-3.120000	0.018229	0.009884
-3.110000	0.018215	0.009896
-3.100000	0.018200	0.009907
-3.090000	0.018186	0.009918
-3.080000	0.018171	0.009930
-3.070000	0.018157	0.009941
-3.060000	0.018142	0.009953
-3.050000	0.018128	0.009964
-3.040000	0.018113	0.009976
-3.030000	0.018099	0.009987
-3.020000	0.018084	0.009998
-3.010000	0.018070	0.010010
-3.000000	0.018055	0.010021
-2.990000	0.018041	0.010033
-2.980000	0.018026	0.010044
-2.970000	0.018012	0.010056
-2.960000	0.017997	0.010067
-2.950000	0.017983	0.010079
-2.940000	0.017968	0.010090
-2.930000	0.017954	0.010102
-2.920000	0.017939	0.010114
-2.910000	0.017925	0.010125
-2.900000	0.017910	0.010137
-2.890000	0.017896	0.010148
-2.880000	0.017881	0.010160
-2.870000	0.017867	0.010171
-2.860000	0.017852	0.010183
-2.850000	0.017838	0.010195
-2.840000	0.017823	0.010206
-2.830000	0.017809	0.010218
-2.820000	0.017794	0.010229
-2.810000	0.017780	0.010241
-2.800000	0.017765	0.010253
-2.790000	0.017751	0.010264
-2.780000	0.017736	0.010276
-2.770000	0.017722	0.010288
-2.760000	0.017708	0.010299
-2.750000	0.017693	0.010311
-2.740000	0.017679	0.010323
-2.730000	0.017664	0.010334
-2.720000	0.017650	0.010346
-2.710000	0.017635	0.010358
-2.700000	0.017621	0.010370
-2.690000	0.017606	0.010381
-2.680000	0.017592	0.010393
-2.670000	0.017577	0.010405
-2.660000	0.017563	0.010417
-2.650000	0.017548	0.010428
-2.640000	0.017534	0.010440
-2.630000	0.017519	0.010452
-2.620000	0.017505	0.010464
-2.610000	0.017490	0.010476
-2.600000	0.017476	0.010487
-2.590000	0.017462	0.010499
-2.580000	0.017447	0.010511
-2.570000	0.017433	0.010523
-2.560000	0.017418	0.010535
-2.550000	0.017404	0.010546
-2.540000	0.017389	0.010558
-2.530000	0.017375	0.010570
-2.520000	0.017360	0.010582
-2.510000	0.017346	0.010594
-2.500000	0.017331	0.010606
-2.490000	0.017317	0.010618
-2.480000	0.017302	0.010630
-2.470000	0.017288	0.010642
-2.460000	0.017274	0.010653
-2.450000	0.017259	0.010665
-2.440000	0.017245	0.010677
-2.430000	0.017230	0.010689
-2.420000	0.017216	0.010701
-2.410000	0.017201	0.010713
-2.400000	0.017187	0.010725
-2.390000	0.017172	0.010737
-2.380000	0.017158	0.010749
-2.370000	0.017144	0.010761
-2.360000	0.017129	0.010773
-2.350000	0.017115	0.010785
-2.340000	0.017100	0.010797
-2.330000	0.017086	0.010809
-2.320000	0.017071	0.010821
-2.310000	0.017057	0.010833
-2.300000	0.017043	0.010845
-2.290000	0.017028	0.010857
-2.280000	0.017014	0.010869
-2.270000	0.016999	0.010881
-2.260000	0.016985	0.010893
-2.250000	0.016971	0.010905
-2.240000	0.016956	0.010918
-2.230000	0.016942	0.010930
-2.220000	0.016927	0.010942
-2.210000	0.016913	0.010954
-2.200000	0.016898	0.010966
-2.190000	0.016884	0.010978
-2.180000	0.016870	0.010990
-2.170000	0.016855	0.011002
-2.160000	0.016841	0.011015
-2.150000	0.016826	0.011027
-2.140000	0.016812	0.011039
-2.130000	0.016798	0.011051
-2.120000	0.016783	0.011063
-2.110000	0.016769	0.011075
-2.100000	0.016754	0.011088
-2.090000	0.016740	0.011100
-2.080000	0.016726	0.011112
-2.070000	0.016711	0.011124
-2.060000	0.016697	0.011137
-2.050000	0.016683	0.011149
-2.040000	0.016668	0.011161
-2.030000	0.016654	0.011173
-2.020000	0.016639	0.011185
-2.010000	0.016625	0.011198
-2.000000	0.016611	0.011210
-1.990000	0.016596	0.011222
-1.980000	0.016582	0.011235
-1.970000	0.016568	0.011247
-1.960000	0.016553	0.011259
-1.950000	0.016539	0.011272
-1.940000	0.016525	0.011284
-1.930000	0.016510	0.011296
-1.920000	0.016496	0.011308
-1.910000	0.016481	0.011321
-1.900000	0.016467	0.011333
-1.890000	0.016453	0.011346
-1.880000	0.016438	0.011358
-1.870000	0.016424	0.011370
-1.860000	0.016410	0.011383
-1.850000	0.016395	0.011395
-1.840000	0.016381	0.011407
-1.830000	0.016367	0.011420
-1.820000	0.016352	0.011432
-1.810000	0.016338	0.011445
-1.800000	0.016324	0.011457
-1.790000	0.016310	0.011470
-1.780000	0.016295	0.011482
-1.770000	0.016281	0.011494
-1.760000	0.016267	0.011507
-1.750000	0.016252	0.011519
-1.740000	0.016238	0.011532
-1.730000	0.016224	0.011544
-1.720000	0.016209	0.011557
-1.710000	0.016195	0.011569
-1.700000	0.016181	0.011582
-1.690000	0.016166	0.011594
-1.680000	0.016152	0.011607
-1.670000	0.016138	0.011619
-1.660000	0.016124	0.011632
-1.650000	0.016109	0.011644
-1.640000	0.016095	0.011657
-1.630000	0.016081	0.011669
-1.620000	0.016067	0.011682
-1.610000	0.016052	0.011695
-1.600000	0.016038	0.011707
-1.590000	0.016024	0.011720
-1.580000	0.016009	0.011732
-1.570000	0.015995	0.011745
-1.560000	0.015981	0.011757
-1.550000	0.015967	0.011770
-1.540000	0.015952	0.011783
-1.530000	0.015938	0.011795
-1.520000	0.015924	0.011808
-1.510000	0.015910	0.011821
-1.500000	0.015895	0.011833
-1.490000	0.015881	0.011846
-1.480000	0.015867	0.011858
-1.470000	0.015853	0.011871
-1.460000	0.015839	0.011884
-1.450000	0.015824	0.011896
-1.440000	0.015810	0.011909
-1.430000	0.015796	0.011922
-1.420000	0.015782	0.011935
-1.410000	0.015767	0.011947
-1.400000	0.015753	0.011960
-1.390000	0.015739	0.011973
-1.380000	0.015725	0.011985
-1.370000	0.015711	0.011998
-1.360000	0.015697	0.012011
-1.350000	0.015682	0.012024
-1.340000	0.015668	0.012036
-1.330000	0.015654	0.012049
-1.320000	0.015640	0.012062
-1.310000	0.015626	0.012075
-1.300000	0.015611	0.012087
-1.290000	0.015597	0.012100
-1.280000	0.015583	0.012113
-1.270000	0.015569	0.012126
-1.260000	0.015555	0.012139
-1.250000	0.015541	0.012151
-1.240000	0.015526	0.012164
-1.230000	0.015512	0.012177
-1.220000	0.015498	0.012190
-1.210000	0.015484	0.012203
-1.200000	0.015470	0.012216
-1.190000	0.015456	0.012229
-1.180000	0.015442	0.012241
-1.170000	0.015428	0.012254
-1.160000	0.015413	0.012267
-1.150000	0.015399	0.012280
-1.140000	0.015385	0.012293
-1.130000	0.015371	0.012306
-1.120000	0.015357	0.012319
-1.110000	0.015343	0.012332
-1.100000	0.015329	0.012345
-1.090000	0.015315	0.012357
-1.080000	0.015301	0.012370
-1.070000	0.015286	0.012383
-1.060000	0.015272	0.012396
-1.050000	0.015258	0.012409
-1.040000	0.015244	0.012422
-1.030000	0.015230	0.012435
-1.020000	0.015216	0.012448
-1.010000	0.015202	0.012461
-1.000000	0.015188	0.012474
-0.990000	0.015174	0.012487
-0.980000	0.015160	0.012500
-0.970000	0.015146	0.012513
-0.960000	0.015132	0.012526
-0.950000	0.015118	0.012539
-0.940000	0.015104	0.012552
-0.930000	0.015090	0.012565
-0.920000	0.015076	0.012578
-0.910000	0.015062	0.012591
-0.900000	0.015048	0.012604
-0.890000	0.015034	0.012617
-0.880000	0.015020	0.012630
-0.870000	0.015006	0.012644
-0.860000	0.014992	0.012657
-0.850000	0.014978	0.012670
-0.840000	0.014964	0.012683
-0.830000	0.014950	0.012696
-0.820000	0.014936	0.012709
-0.810000	0.014922	0.012722
-0.800000	0.014908	0.012735
-0.790000	0.014894	0.012748
-0.780000	0.014880	0.012761
-0.770000	0.014866	0.012775
-0.760000	0.014852	0.012788
-0.750000	0.014838	0.012801
-0.740000	0.014824	0.012814
-0.730000	0.014810	0.012827
-0.720000	0.014796	0.012840
-0.710000	0.014782	0.012854
-0.700000	0.014768	0.012867
-0.690000	0.014754	0.012880
-0.680000	0.014740	0.012893
-0.670000	0.014726	0.012906
-0.660000	0.014712	0.012919
-0.650000	0.014698	0.012933
-0.640000	0.014684	0.012946
-0.630000	0.014671	0.012959
-0.620000	0.014657	0.012972
-0.610000	0.014643	0.012986
-0.600000	0.014629	0.012999
-0.590000	0.014615	0.013012
-0.580000	0.014601	0.013025
-0.570000	0.014587	0.013039
-0.560000	0.014573	0.013052
-0.550000	0.014559	0.013065
-0.540000	0.014546	0.013078
-0.530000	0.014532	0.013092
-0.520000	0.014518	0.013105
-0.510000	0.014504	0.013118
-0.500000	0.014490	0.013132
-0.490000	0.014476	0.013145
-0.480000	0.014463	0.013158
-0.470000	0.014449	0.013172
-0.460000	0.014435	0.013185
-0.450000	0.014421	0.013198
-0.440000	0.014407	0.013212
-0.430000	0.014393	0.013225
-0.420000	0.014380	0.013238
-0.410000	0.014366	0.013252
-0.400000	0.014352	0.013265
-0.390000	0.014338	0.013278
-0.380000	0.014324	0.013292
-0.370000	0.014311	0.013305
-0.360000	0.014297	0.013318
-0.350000	0.014283	0.013332
-0.340000	0.014269	0.013345
-0.330000	0.014256	0.013359
-0.320000	0.014242	0.013372
-0.310000	0.014228	0.013385
-0.300000	0.014214	0.013399
-0.290000	0.014201	0.013412
-0.280000	0.014187	0.013426
-0.270000	0.014173	0.013439
-0.260000	0.014159	0.013453
-0.250000	0.014146	0.013466
-0.240000	0.014132	0.013480
-0.230000	0.014118	0.013493
-0.220000	0.014104	0.013506
-0.210000	0.014091	0.013520
-0.200000	0.014077	0.013533
-0.190000	0.014063	0.013547
-0.180000	0.014050	0.013560
-0.170000	0.014036	0.013574
-0.160000	0.014022	0.013587
-0.150000	0.014009	0.013601
-0.140000	0.013995	0.013614
-0.130000	0.013981	0.013628
-0.120000	0.013968	0.013641
-0.110000	0.013954	0.013655
-0.100000	0.013940	0.013668
-0.090000	0.013927	0.013682
-0.080000	0.013913	0.013696
-0.070000	0.013899	0.013709
-0.060000	0.013886	0.013723
-0.050000	0.013872	0.013736
-0.040000	0.013859	0.013750
-0.030000	0.013845	0.013763
-0.020000	0.013831	0.013777
-0.010000	0.013818	0.013791
-0.000000	0.013804	0.013804
0.010000	0.013791	0.013818
0.020000	0.013777	0.013831
0.030000	0.013763	0.013845
0.040000	0.013750	0.013859
0.050000	0.013736	0.013872
0.060000	0.013723	0.013886
0.070000	0.013709	0.013899
0.080000	0.013696	0.013913
0.090000	0.013682	0.013927
0.100000	0.013668	0.013940
0.110000	0.013655	0.013954
0.120000	0.013641	0.013968
0.130000	0.013628	0.013981
0.140000	0.013614	0.013995
0.150000	0.013601	0.014009
0.160000	0.013587	0.014022
0.170000	0.013574	0.014036
0.180000	0.013560	0.014050
0.190000	0.013547	0.014063
0.200000	0.013533	0.014077
0.210000	0.013520	0.014091
0.220000	0.013506	0.014104
0.230000	0.013493	0.014118
0.240000	0.013480	0.014132
0.250000	0.013466	0.014146
0.260000	0.013453	0.014159
0.270000	0.013439	0.014173
0.280000	0.013426	0.014187
0.290000	0.013412	0.014201
0.300000	0.013399	0.014214
0.310000	0.013385	0.014228
0.320000	0.013372	0.014242
0.330000	0.013359	0.014256
0.340000	0.013345	0.014269
0.350000	0.013332	0.014283
0.360000	0.013318	0.014297
0.370000	0.013305	0.014311
0.380000	0.013292	0.014324
0.390000	0.013278	0.014338
0.400000	0.013265	0.014352
0.410000	0.013252	0.014366
0.420000	0.013238	0.014380
0.430000	0.013225	0.014393
0.440000	0.013212	0.014407
0.450000	0.013198	0.014421
0.460000	0.013185	0.014435
0.470000	0.013172	0.014449
0.480000	0.013158	0.014463
0.490000	0.013145	0.014476
0.500000	0.013132	0.014490
0.510000	0.013118	0.014504
0.520000	0.013105	0.014518
0.530000	0.013092	0.014532
0.540000	0.013078	0.014546
0.550000	0.013065	0.014559
0.560000	0.013052	0.014573
0.570000	0.013039	0.014587
0.580000	0.013025	0.014601
0.590000	0.013012	0.014615
0.600000	0.012999	0.014629
0.610000	0.012986	0.014643
0.620000	0.012972	0.014657
0.630000	0.012959	0.014671
0.640000	0.012946	0.014684
0.650000	0.012933	0.014698
0.660000	0.012919	0.014712
0.670000	0.012906	0.014726
0.680000	0.012893	0.014740
0.690000	0.012880	0.014754
0.700000	0.012867	0.014768
0.710000	0.012854	0.014782
0.720000	0.012840	0.014796
0.730000	0.012827	0.014810
0.740000	0.012814	0.014824
0.750000	0.012801	0.014838
0.760000	0.012788	0.014852
0.770000	0.012775	0.014866
0.780000	0.012761	0.014880
0.790000	0.012748	0.014894
0.800000	0.012735	0.014908
0.810000	0.012722	0.014922
0.820000	0.012709	0.014936
0.830000	0.012696	0.014950
0.840000	0.012683	0.014964
0.850000	0.012670	0.014978
0.860000	0.012657	0.014992
0.870000	0.012644	0.015006
0.880000	0.012630	0.015020
0.890000	0.012617	0.015034
0.900000	0.012604	0.015048
0.910000	0.012591	0.015062
0.920000	0.012578	0.015076
0.930000	0.012565	0.015090
0.940000	0.012552	0.015104
0.950000	0.012539	0.015118
0.960000	0.012526	0.015132
0.970000	0.012513	0.015146
0.980000	0.012500	0.015160
0.990000	0.012487	0.015174
1.000000	0.012474	0.015188
1.010000	0.012461	0.015202
1.020000	0.012448	0.015216
1.030000	0.012435	0.015230
1.040000	0.012422	0.015244
1.050000	0.012409	0.015258
1.060000	0.012396	0.015272
1.070000	0.012383	0.015286
1.080000	0.012370	0.015301
1.090000	0.012357	0.015315
1.100000	0.012345	0.015329
1.110000	0.012332	0.015343
1.120000	0.012319	0.015357
1.130000	0.012306	0.015371
1.140000	0.012293	0.015385
1.150000	0.012280	0.015399
1.160000	0.012267	0.015413
1.170000	0.012254	0.015428
1.180000	0.012241	0.015442
1.190000	0.012229	0.015456
1.200000	0.012216	0.015470
1.210000	0.012203	0.015484
1.220000	0.012190	0.015498
1.230000	0.012177	0.015512
1.240000	0.012164	0.015526
1.250000	0.012151	0.015541
1.260000	0.012139	0.015555
1.270000	0.012126	0.015569
1.280000	0.012113	0.015583
1.290000	0.012100	0.015597
1.300000	0.012087	0.015611
1.310000	0.012075	0.015626
1.320000	0.012062	0.015640
1.330000	0.012049	0.015654
1.340000	0.012036	0.015668
1.350000	0.012024	0.015682
1.360000	0.012011	0.015697
1.370000	0.011998	0.015711
1.380000	0.011985	0.015725
1.390000	0.011973	0.015739
1.400000	0.011960	0.015753
1.410000	0.011947	0.015767
1.420000	0.011935	0.015782
1.430000	0.011922	0.015796
1.440000	0.011909	0.015810
1.450000	0.011896	0.015824
1.460000	0.011884	0.015839
1.470000	0.011871	0.015853
1.480000	0.011858	0.015867
1.490000	0.011846	0.015881
1.500000	0.011833	0.015895
1.510000	0.011821	0.015910
1.520000	0.011808	0.015924
1.530000	0.011795	0.015938
1.540000	0.011783	0.015952
1.550000	0.011770	0.015967
1.560000	0.011757	0.015981
1.570000	0.011745	0.015995
1.580000	0.011732	0.016009
1.590000	0.011720	0.016024
1.600000	0.011707	0.016038
1.610000	0.011695	0.016052
1.620000	0.011682	0.016067
1.630000	0.011669	0.016081
1.640000	0.011657	0.016095
1.650000	0.011644	0.016109
1.660000	0.011632	0.016124
1.670000	0.011619	0.016138
1.680000	0.011607	0.016152
1.690000	0.011594	0.016166
1.700000	0.011582	0.016181
1.710000	0.011569	0.016195
1.720000	0.011557	0.016209
1.730000	0.011544	0.016224
1.740000	0.011532	0.016238
1.750000	0.011519	0.016252
1.760000	0.011507	0.016267
1.770000	0.011494	0.016281
1.780000	0.011482	0.016295
1.790000	0.011470	0.016310
1.800000	0.011457	0.016324
1.810000	0.011445	0.016338
1.820000	0.011432	0.016352
1.830000	0.011420	0.016367
1.840000	0.011407	0.016381
1.850000	0.011395	0.016395
1.860000	0.011383	0.016410
1.870000	0.011370	0.016424
1.880000	0.011358	0.016438
1.890000	0.011346	0.016453
1.900000	0.011333	0.016467
1.910000	0.011321	0.016481
1.920000	0.011308	0.016496
1.930000	0.011296	0.016510
1.940000	0.011284	0.016525
1.950000	0.011272	0.016539
1.960000	0.011259	0.016553
1.970000	0.011247	0.016568
1.980000	0.011235	0.016582
1.990000	0.011222	0.016596
2.000000	0.011210	0.016611
2.010000	0.011198	0.016625
2.020000	0.011185	0.016639
2.030000	0.011173	0.016654
2.040000	0.011161	0.016668
2.050000	0.011149	0.016683
2.060000	0.011137	0.016697
2.070000	0.011124	0.016711
2.080000	0.011112	0.016726
2.090000	0.011100	0.016740
2.100000	0.011088	0.016754
2.110000	0.011075	0.016769
2.120000	0.011063	0.016783
2.130000	0.011051	0.016798
2.140000	0.011039	0.016812
2.150000	0.011027	0.016826
2.160000	0.011015	0.016841
2.170000	0.011002	0.016855
2.180000	0.010990	0.016870
2.190000	0.010978	0.016884
2.200000	0.010966	0.016898
2.210000	0.010954	0.016913
2.220000	0.010942	0.016927
2.230000	0.010930	0.016942
2.240000	0.010918	0.016956
2.250000	0.010905	0.016971
2.260000	0.010893	0.016985
2.270000	0.010881	0.016999
2.280000	0.010869	0.017014
2.290000	0.010857	0.017028
2.300000	0.010845	0.017043
2.310000	0.010833	0.017057
2.320000	0.010821	0.017071
2.330000	0.010809	0.017086
2.340000	0.010797	0.017100
2.350000	0.010785	0.017115
2.360000	0.010773	0.017129
2.370000	0.010761	0.017144
2.380000	0.010749	0.017158
2.390000	0.010737	0.017172
2.400000	0.010725	0.017187
2.410000	0.010713	0.017201
2.420000	0.010701	0.017216
2.430000	0.010689	0.017230
2.440000	0.010677	0.017245
2.450000	0.010665	0.017259
2.460000	0.010653	0.017274
2.470000	0.010642	0.017288
2.480000	0.010630	0.017302
2.490000	0.010618	0.017317
2.500000	0.010606	0.017331
2.510000	0.010594	0.017346
2.520000	0.010582	0.017360
2.530000	0.010570	0.017375
2.540000	0.010558	0.017389
2.550000	0.010546	0.017404
2.560000	0.010535	0.017418
2.570000	0.010523	0.017433
2.580000	0.010511	0.017447
2.590000	0.010499	0.017462
2.600000	0.010487	0.017476
2.610000	0.010476	0.017490
2.620000	0.010464	0.017505
2.630000	0.010452	0.017519
2.640000	0.010440	0.017534
2.650000	0.010428	0.017548
2.660000	0.010417	0.017563
2.670000	0.010405	0.017577
2.680000	0.010393	0.017592
2.690000	0.010381	0.017606
2.700000	0.010370	0.017621
2.710000	0.010358	0.017635
2.720000	0.010346	0.017650
2.730000	0.010334	0.017664
2.740000	0.010323	0.017679
2.750000	0.010311	0.017693
2.760000	0.010299	0.017708
2.770000	0.010288	0.017722
2.780000	0.010276	0.017736
2.790000	0.010264	0.017751
2.800000	0.010253	0.017765
2.810000	0.010241	0.017780
2.820000	0.010229	0.017794
2.830000	0.010218	0.017809
2.840000	0.010206	0.017823
2.850000	0.010195	0.017838
2.860000	0.010183	0.017852
2.870000	0.010171	0.017867
2.880000	0.010160	0.017881
2.890000	0.010148	0.017896
2.900000	0.010137	0.017910
2.910000	0.010125	0.017925
2.920000	0.010114	0.017939
2.930000	0.010102	0.017954
2.940000	0.010090	0.017968
2.950000	0.010079	0.017983
2.960000	0.010067	0.017997
2.970000	0.010056	0.018012
2.980000	0.010044	0.018026
2.990000	0.010033	0.018041
3.000000	0.010021	0.018055
3.010000	0.010010	0.018070
3.020000	0.009998	0.018084
3.030000	0.009987	0.018099
3.040000	0.009976	0.018113
3.050000	0.009964	0.018128
3.060000	0.009953	0.018142
3.070000	0.009941	0.018157
3.080000	0.009930	0.018171
3.090000	0.009918	0.018186
3.100000	0.009907	0.018200
3.110000	0.009896	0.018215
3.120000	0.009884	0.018229
3.130000	0.009873	0.018244
3.140000	0.009861	0.018258
3.150000	0.009850	0.018273
3.160000	0.009839	0.018287
3.170000	0.009827	0.018302
3.180000	0.009816	0.018316
3.190000	0.009805	0.018331
3.200000	0.009793	0.018345
3.210000	0.009782	0.018360
3.220000	0.009771	0.018374
3.230000	0.009759	0.018389
3.240000	0.009748	0.018403
3.250000	0.009737	0.018418
3.260000	0.009726	0.018432
3.270000	0.009714	0.018446
3.280000	0.009703	0.018461
3.290000	0.009692	0.018475
3.300000	0.009681	0.018490
3.310000	0.009669	0.018504
3.320000	0.009658	0.018519
3.330000	0.009647	0.018533
3.340000	0.009636	0.018548
3.350000	0.009625	0.018562
3.360000	0.009613	0.018577
3.370000	0.009602	0.018591
3.380000	0.009591	0.018606
3.390000	0.009580	0.018620
3.400000	0.009569	0.018635
3.410000	0.009558	0.018649
3.420000	0.009546	0.018664
3.430000	0.009535	0.018678
3.440000	0.009524	0.018693
3.450000	0.009513	0.018707
3.460000	0.009502	0.018722
3.470000	0.009491	0.018736
3.480000	0.009480	0.018751
3.490000	0.009469	0.018765
3.500000	0.009458	0.018780
3.510000	0.009447	0.018794
3.520000	0.009435	0.018809
3.530000	0.009424	0.018823
3.540000	0.009413	0.018838
3.550000	0.009402	0.018852
3.560000	0.009391	0.018867
3.570000	0.009380	0.018881
3.580000	0.009369	0.018895
3.590000	0.009358	0.018910
3.600000	0.009347	0.018924
3.610000	0.009336	0.018939
3.620000	0.009325	0.018953
3.630000	0.009314	0.018968
3.640000	0.009303	0.018982
3.650000	0.009293	0.018997
3.660000	0.009282	0.019011
3.670000	0.009271	0.019026
3.680000	0.009260	0.019040
3.690000	0.009249	0.019055
3.700000	0.009238	0.019069
3.710000	0.009227	0.019084
3.720000	0.009216	0.019098
3.730000	0.009205	0.019112
3.740000	0.009194	0.019127
3.750000	0.009184	0.019141
3.760000	0.009173	0.019156
3.770000	0.009162	0.019170
3.780000	0.009151	0.019185
3.790000	0.009140	0.019199
3.800000	0.009129	0.019214
3.810000	0.009119	0.019228
3.820000	0.009108	0.019243
3.830000	0.009097	0.019257
3.840000	0.009086	0.019271
3.850000	0.009075	0.019286
3.860000	0.009065	0.019300
3.870000	0.009054	0.019315
3.880000	0.009043	0.019329
3.890000	0.009032	0.019344
3.900000	0.009022	0.019358
3.910000	0.009011	0.019372
3.920000	0.009000	0.019387
3.930000	0.008990	0.019401
3.940000	0.008979	0.019416
3.950000	0.008968	0.019430
3.960000	0.008958	0.019445
3.970000	0.008947	0.019459
3.980000	0.008936	0.019473
3.990000	0.008926	0.019488
4.000000	0.008915	0.019502
4.010000	0.008904	0.019517
4.020000	0.008894	0.019531
4.030000	0.008883	0.019546
4.040000	0.008872	0.019560
4.050000	0.008862	0.019574
4.060000	0.008851	0.019589
4.070000	0.008841	0.019603
4.080000	0.008830	0.019618
4.090000	0.008820	0.019632
4.100000	0.008809	0.019646
4.110000	0.008798	0.019661
4.120000	0.008788	0.019675
4.130000	0.008777	0.019690
4.140000	0.008767	0.019704
4.150000	0.008756	0.019718
4.160000	0.008746	0.019733
4.170000	0.008735	0.019747
4.180000	0.008725	0.019761
4.190000	0.008714	0.019776
4.200000	0.008704	0.019790
4.210000	0.008693	0.019805
4.220000	0.008683	0.019819
4.230000	0.008673	0.019833
4.240000	0.008662	0.019848
4.250000	0.008652	0.019862
4.260000	0.008641	0.019876
4.270000	0.008631	0.019891
4.280000	0.008620	0.019905
4.290000	0.008610	0.019920
4.300000	0.008600	0.019934
4.310000	0.008589	0.019948
4.320000	0.008579	0.019963
4.330000	0.008569	0.019977
4.340000	0.008558	0.019991
4.350000	0.008548	0.020006
4.360000	0.008538	0.020020
4.370000	0.008527	0.020034
4.380000	0.008517	0.020049
4.390000	0.008507	0.020063
4.400000	0.008496	0.020077
4.410000	0.008486	0.020092
4.420000	0.008476	0.020106
4.430000	0.008466	0.020120
4.440000	0.008455	0.020135
4.450000	0.008445	0.020149
4.460000	0.008435	0.020163
4.470000	0.008425	0.020178
4.480000	0.008414	0.020192
4.490000	0.008404	0.020206
4.500000	0.008394	0.020220
4.510000	0.008384	0.020235
4.520000	0.008373	0.020249
4.530000	0.008363	0.020263
4.540000	0.008353	0.020278
4.550000	0.008343	0.020292
4.560000	0.008333	0.020306
4.570000	0.008323	0.020320
4.580000	0.008313	0.020335
4.590000	0.008302	0.020349
4.600000	0.008292	0.020363
4.610000	0.008282	0.020378
4.620000	0.008272	0.020392
4.630000	0.008262	0.020406
4.640000	0.008252	0.020420
4.650000	0.008242	0.020435
4.660000	0.008232	0.020449
4.670000	0.008222	0.020463
4.680000	0.008212	0.020477
4.690000	0.008202	0.020492
4.700000	0.008192	0.020506
4.710000	0.008182	0.020520
4.720000	0.008172	0.020534
4.730000	0.008162	0.020549
4.740000	0.008152	0.020563
4.750000	0.008142	0.020577
4.760000	0.008132	0.020591
4.770000	0.008122	0.020605
4.780000	0.008112	0.020620
4.790000	0.008102	0.020634
4.800000	0.008092	0.020648
4.810000	0.008082	0.020662
4.820000	0.008072	0.020676
4.830000	0.008062	0.020691
4.840000	0.008052	0.020705
4.850000	0.008042	0.020719
4.860000	0.008032	0.020733
4.870000	0.008022	0.020747
4.880000	0.008012	0.020762
4.890000	0.008003	0.020776
4.900000	0.007993	0.020790
4.910000	0.007983	0.020804
4.920000	0.007973	0.020818
4.930000	0.007963	0.020832
4.940000	0.007953	0.020847
4.950000	0.007944	0.020861
4.960000	0.007934	0.020875
4.970000	0.007924	0.020889
4.980000	0.007914	0.020903
4.990000	0.007904	0.020917
5.000000	0.007895	0.020931
5.010000	0.007885	0.020946
5.020000	0.007875	0.020960
5.030000	0.007865	0.020974
5.040000	0.007856	0.020988
5.050000	0.007846	0.021002
5.060000	0.007836	0.021016
5.070000	0.007827	0.021030
5.080000	0.007817	0.021044
5.090000	0.007807	0.021058
5.100000	0.007797	0.021072
5.110000	0.007788	0.021087
5.120000	0.007778	0.021101
5.130000	0.007768	0.021115
5.140000	0.007759	0.021129
5.150000	0.007749	0.021143
5.160000	0.007740	0.021157
5.170000	0.007730	0.021171
5.180000	0.007720	0.021185
5.190000	0.007711	0.021199
5.200000	0.007701	0.021213
5.210000	0.007692	0.021227
5.220000	0.007682	0.021241
5.230000	0.007672	0.021255
5.240000	0.007663	0.021269
5.250000	0.007653	0.021283
5.260000	0.007644	0.021297
5.270000	0.007634	0.021311
5.280000	0.007625	0.021325
5.290000	0.007615	0.021339
5.300000	0.007606	0.021353
5.310000	0.007596	0.021367
5.320000	0.007587	0.021381
5.330000	0.007577	0.021395
5.340000	0.007568	0.021409
5.350000	0.007558	0.021423
5.360000	0.007549	0.021437
5.370000	0.007539	0.021451
5.380000	0.007530	0.021465
5.390000	0.007521	0.021479
5.400000	0.007511	0.021493
5.410000	0.007502	0.021507
5.420000	0.007492	0.021521
5.430000	0.007483	0.021535
5.440000	0.007474	0.021549
5.450000	0.007464	0.021563
5.460000	0.007455	0.021577
5.470000	0.007445	0.021591
5.480000	0.007436	0.021605
5.490000	0.007427	0.021619
5.500000	0.007417	0.021632
5.510000	0.007408	0.021646
5.520000	0.007399	0.021660
5.530000	0.007390	0.021674
5.540000	0.007380	0.021688
5.550000	0.007371	0.021702
5.560000	0.007362	0.021716
5.570000	0.007352	0.021730
5.580000	0.007343	0.021744
5.590000	0.007334	0.021757
5.600000	0.007325	0.021771
5.610000	0.007315	0.021785
5.620000	0.007306	0.021799
5.630000	0.007297	0.021813
5.640000	0.007288	0.021827
5.650000	0.007279	0.021840
5.660000	0.007269	0.021854
5.670000	0.007260	0.021868
5.680000	0.007251	0.021882
5.690000	0.007242	0.021896
5.700000	0.007233	0.021910
5.710000	0.007224	0.021923
5.720000	0.007214	0.021937
5.730000	0.007205	0.021951
5.740000	0.007196	0.021965
5.750000	0.007187	0.021978
5.760000	0.007178	0.021992
5.770000	0.007169	0.022006
5.780000	0.007160	0.022020
5.790000	0.007151	0.022034
5.800000	0.007142	0.022047
5.810000	0.007133	0.022061
5.820000	0.007124	0.022075
5.830000	0.007115	0.022088
5.840000	0.007106	0.022102
5.850000	0.007097	0.022116
5.860000	0.007088	0.022130
5.870000	0.007079	0.022143
5.880000	0.007070	0.022157
5.890000	0.007061	0.022171
5.900000	0.007052	0.022184
5.910000	0.007043	0.022198
5.920000	0.007034	0.022212
5.930000	0.007025	0.022225
5.940000	0.007016	0.022239
5.950000	0.007007	0.022253
5.960000	0.006998	0.022266
5.970000	0.006989	0.022280
5.980000	0.006980	0.022294
5.990000	0.006971	0.022307
6.000000	0.006962	0.022321
6.010000	0.006953	0.022335
6.020000	0.006945	0.022348
6.030000	0.006936	0.022362
6.040000	0.006927	0.022375
6.050000	0.006918	0.022389
6.060000	0.006909	0.022403
6.070000	0.006900	0.022416
6.080000	0.006891	0.022430
6.090000	0.006883	0.022443
6.100000	0.006874	0.022457
6.110000	0.006865	0.022471
6.120000	0.006856	0.022484
6.130000	0.006848	0.022498
6.140000	0.006839	0.022511
6.150000	0.006830	0.022525
6.160000	0.006821	0.022538
6.170000	0.006812	0.022552
6.180000	0.006804	0.022565
6.190000	0.006795	0.022579
6.200000	0.006786	0.022592
6.210000	0.006778	0.022606
6.220000	0.006769	0.022619
6.230000	0.006760	0.022633
6.240000	0.006752	0.022646
6.250000	0.006743	0.022660
6.260000	0.006734	0.022673
6.270000	0.006726	0.022687
6.280000	0.006717	0.022700
6.290000	0.006708	0.022713
6.300000	0.006700	0.022727
6.310000	0.006691	0.022740
6.320000	0.006682	0.022754
6.330000	0.006674	0.022767
6.340000	0.006665	0.022781
6.350000	0.006657	0.022794
6.360000	0.006648	0.022807
6.370000	0.006640	0.022821
6.380000	0.006631	0.022834
6.390000	0.006622	0.022848
6.400000	0.006614	0.022861
6.410000	0.006605	0.022874
6.420000	0.006597	0.022888
6.430000	0.006588	0.022901
6.440000	0.006580	0.022914
6.450000	0.006571	0.022928
6.460000	0.006563	0.022941
6.470000	0.006554	0.022954
6.480000	0.006546	0.022968
6.490000	0.006537	0.022981
6.500000	0.006529	0.022994
6.510000	0.006520	0.023007
6.520000	0.006512	0.023021
6.530000	0.006504	0.023034
6.540000	0.006495	0.023047
6.550000	0.006487	0.023061
6.560000	0.006478	0.023074
6.570000	0.006470	0.023087
6.580000	0.006462	0.023100
6.590000	0.006453	0.023114
6.600000	0.006445	0.023127
6.610000	0.006437	0.023140
6.620000	0.006428	0.023153
6.630000	0.006420	0.023166
6.640000	0.006411	0.023180
6.650000	0.006403	0.023193
6.660000	0.006395	0.023206
6.670000	0.006387	0.023219
6.680000	0.006378	0.023232
6.690000	0.006370	0.023245
6.700000	0.006362	0.023259
6.710000	0.006353	0.023272
6.720000	0.006345	0.023285
6.730000	0.006337	0.023298
6.740000	0.006329	0.023311
6.750000	0.006320	0.023324
6.760000	0.006312	0.023337
6.770000	0.006304	0.023350
6.780000	0.006296	0.023363
6.790000	0.006288	0.023377
6.800000	0.006279	0.023390
6.810000	0.006271	0.023403
6.820000	0.006263	0.023416
6.830000	0.006255	0.023429
6.840000	0.006247	0.023442
6.850000	0.006238	0.023455
6.860000	0.006230	0.023468
6.870000	0.006222	0.023481
6.880000	0.006214	0.023494
6.890000	0.006206	0.023507
6.900000	0.006198	0.023520
6.910000	0.006190	0.023533
6.920000	0.006182	0.023546
6.930000	0.006174	0.023559
6.940000	0.006165	0.023572
6.950000	0.006157	0.023585
6.960000	0.006149	0.023598
6.970000	0.006141	0.023611
6.980000	0.006133	0.023624
6.990000	0.006125	0.023636
7.000000	0.006117	0.023649
7.010000	0.006109	0.023662
7.020000	0.006101	0.023675
7.030000	0.006093	0.023688
7.040000	0.006085	0.023701
7.050000	0.006077	0.023714
7.060000	0.006069	0.023727
7.070000	0.006061	0.023740
7.080000	0.006053	0.023752
7.090000	0.006045	0.023765
7.100000	0.006037	0.023778
7.110000	0.006030	0.023791
7.120000	0.006022	0.023804
7.130000	0.006014	0.023816
7.140000	0.006006	0.023829
7.150000	0.005998	0.023842
7.160000	0.005990	0.023855
7.170000	0.005982	0.023868
7.180000	0.005974	0.023880
7.190000	0.005966	0.023893
7.200000	0.005959	0.023906
7.210000	0.005951	0.023919
7.220000	0.005943	0.023931
7.230000	0.005935	0.023944
7.240000	0.005927	0.023957
7.250000	0.005919	0.023969
7.260000	0.005912	0.023982
7.270000	0.005904	0.023995
7.280000	0.005896	0.024007
7.290000	0.005888	0.024020
7.300000	0.005880	0.024033
7.310000	0.005873	0.024045
7.320000	0.005865	0.024058
7.330000	0.005857	0.024071
7.340000	0.005849	0.024083
7.350000	0.005842	0.024096
7.360000	0.005834	0.024109
7.370000	0.005826	0.024121
7.380000	0.005819	0.024134
7.390000	0.005811	0.024146
7.400000	0.005803	0.024159
7.410000	0.005796	0.024171
7.420000	0.005788	0.024184
7.430000	0.005780	0.024196
7.440000	0.005773	0.024209
7.450000	0.005765	0.024221
7.460000	0.005757	0.024234
7.470000	0.005750	0.024247
7.480000	0.005742	0.024259
7.490000	0.005734	0.024271
7.500000	0.005727	0.024284
7.510000	0.005719	0.024296
7.520000	0.005712	0.024309
7.530000	0.005704	0.024321
7.540000	0.005696	0.024334
7.550000	0.005689	0.024346
7.560000	0.005681	0.024359
7.570000	0.005674	0.024371
7.580000	0.005666	0.024383
7.590000	0.005659	0.024396
7.600000	0.005651	0.024408
7.610000	0.005644	0.024421
7.620000	0.005636	0.024433
7.630000	0.005629	0.024445
7.640000	0.005621	0.024458
7.650000	0.005614	0.024470
7.660000	0.005606	0.024482
7.670000	0.005599	0.024495
7.680000	0.005591	0.024507
7.690000	0.005584	0.024519
7.700000	0.005577	0.024531
7.710000	0.005569	0.024544
7.720000	0.005562	0.024556
7.730000	0.005554	0.024568
7.740000	0.005547	0.024580
7.750000	0.005539	0.024593
7.760000	0.005532	0.024605
7.770000	0.005525	0.024617
7.780000	0.005517	0.024629
7.790000	0.005510	0.024642
7.800000	0.005503	0.024654
7.810000	0.005495	0.024666
7.820000	0.005488	0.024678
7.830000	0.005481	0.024690
7.840000	0.005473	0.024702
7.850000	0.005466	0.024714
7.860000	0.005459	0.024727
7.870000	0.005451	0.024739
7.880000	0.005444	0.024751
7.890000	0.005437	0.024763
7.900000	0.005430	0.024775
7.910000	0.005422	0.024787
7.920000	0.005415	0.024799
7.930000	0.005408	0.024811
7.940000	0.005401	0.024823
7.950000	0.005393	0.024835
7.960000	0.005386	0.024847
7.970000	0.005379	0.024859
7.980000	0.005372	0.024871
7.990000	0.005364	0.024883
8.000000	0.005357	0.024895
8.010000	0.005350	0.024907
8.020000	0.005343	0.024919
8.030000	0.005336	0.024931
8.040000	0.005329	0.024943
8.050000	0.005321	0.024955
8.060000	0.005314	0.024967
8.070000	0.005307	0.024979
8.080000	0.005300	0.024991
8.090000	0.005293	0.025003
8.100000	0.005286	0.025015
8.110000	0.005279	0.025026
8.120000	0.005272	0.025038
8.130000	0.005265	0.025050
8.140000	0.005257	0.025062
8.150000	0.005250	0.025074
8.160000	0.005243	0.025086
8.170000	0.005236	0.025097
8.180000	0.005229	0.025109
8.190000	0.005222	0.025121
8.200000	0.005215	0.025133
8.210000	0.005208	0.025145
8.220000	0.005201	0.025156
8.230000	0.005194	0.025168
8.240000	0.005187	0.025180
8.250000	0.005180	0.025191
8.260000	0.005173	0.025203
8.270000	0.005166	0.025215
8.280000	0.005159	0.025227
8.290000	0.005152	0.025238
8.300000	0.005145	0.025250
8.310000	0.005138	0.025262
8.320000	0.005131	0.025273
8.330000	0.005125	0.025285
8.340000	0.005118	0.025296
8.350000	0.005111	0.025308
8.360000	0.005104	0.025320
8.370000	0.005097	0.025331
8.380000	0.005090	0.025343
8.390000	0.005083	0.025354
8.400000	0.005076	0.025366
8.410000	0.005069	0.025378
8.420000	0.005063	0.025389
8.430000	0.005056	0.025401
8.440000	0.005049	0.025412
8.450000	0.005042	0.025424
8.460000	0.005035	0.025435
8.470000	0.005028	0.025447
8.480000	0.005022	0.025458
8.490000	0.005015	0.025469
8.500000	0.005008	0.025481
8.510000	0.005001	0.025492
8.520000	0.004994	0.025504
8.530000	0.004988	0.025515
8.540000	0.004981	0.025527
8.550000	0.004974	0.025538
8.560000	0.004967	0.025549
8.570000	0.004961	0.025561
8.580000	0.004954	0.025572
8.590000	0.004947	0.025583
8.600000	0.004941	0.025595
8.610000	0.004934	0.025606
8.620000	0.004927	0.025617
8.630000	0.004921	0.025629
8.640000	0.004914	0.025640
8.650000	0.004907	0.025651
8.660000	0.004901	0.025662
8.670000	0.004894	0.025674
8.680000	0.004887	0.025685
8.690000	0.004881	0.025696
8.700000	0.004874	0.025707
8.710000	0.004867	0.025719
8.720000	0.004861	0.025730
8.730000	0.004854	0.025741
8.740000	0.004847	0.025752
8.750000	0.004841	0.025763
8.760000	0.004834	0.025774
8.770000	0.004828	0.025786
8.780000	0.004821	0.025797
8.790000	0.004815	0.025808
8.800000	0.004808	0.025819
8.810000	0.004802	0.025830
8.820000	0.004795	0.025841
8.830000	0.004788	0.025852
8.840000	0.004782	0.025863
8.850000	0.004775	0.025874
8.860000	0.004769	0.025885
8.870000	0.004762	0.025896
8.880000	0.004756	0.025907
8.890000	0.004749	0.025918
8.900000	0.004743	0.025929
8.910000	0.004736	0.025940
8.920000	0.004730	0.025951
8.930000	0.004724	0.025962
8.940000	0.004717	0.025973
8.950000	0.004711	0.025984
8.960000	0.004704	0.025995
8.970000	0.004698	0.026006
8.980000	0.004691	0.026017
8.990000	0.004685	0.026028
9.000000	0.004679	0.026038
9.010000	0.004672	0.026049
9.020000	0.004666	0.026060
9.030000	0.004659	0.026071
9.040000	0.004653	0.026082
9.050000	0.004647	0.026093
9.060000	0.004640	0.026103
9.070000	0.004634	0.026114
9.080000	0.004628	0.026125
9.090000	0.004621	0.026136
9.100000	0.004615	0.026146
9.110000	0.004609	0.026157
9.120000	0.004602	0.026168
9.130000	0.004596	0.026179
9.140000	0.004590	0.026189
9.150000	0.004584	0.026200
9.160000	0.004577	0.026211
9.170000	0.004571	0.026221
9.180000	0.004565	0.026232
9.190000	0.004558	0.026242
9.200000	0.004552	0.026253
9.210000	0.004546	0.026264
9.220000	0.004540	0.026274
9.230000	0.004534	0.026285
9.240000	0.004527	0.026295
9.250000	0.004521	0.026306
9.260000	0.004515	0.026316
9.270000	0.004509	0.026327
9.280000	0.004503	0.026338
9.290000	0.004496	0.026348
9.300000	0.004490	0.026359
9.310000	0.004484	0.026369
9.320000	0.004478	0.026379
9.330000	0.004472	0.026390
9.340000	0.004466	0.026400
9.350000	0.004459	0.026411
9.360000	0.004453	0.026421
9.370000	0.004447	0.026432
9.380000	0.004441	0.026442
9.390000	0.004435	0.026452
9.400000	0.004429	0.026463
9.410000	0.004423	0.026473
9.420000	0.004417	0.026483
9.430000	0.004411	0.026494
9.440000	0.004405	0.026504
9.450000	0.004399	0.026514
9.460000	0.004392	0.026525
9.470000	0.004386	0.026535
9.480000	0.004380	0.026545
9.490000	0.004374	0.026555
9.500000	0.004368	0.026566
9.510000	0.004362	0.026576
9.520000	0.004356	0.026586
9.530000	0.004350	0.026596
9.540000	0.004344	0.026606
9.550000	0.004338	0.026617
9.560000	0.004332	0.026627
9.570000	0.004326	0.026637
9.580000	0.004320	0.026647
9.590000	0.004314	0.026657
9.600000	0.004309	0.026667
9.610000	0.004303	0.026677
9.620000	0.004297	0.026687
9.630000	0.004291	0.026697
9.640000	0.004285	0.026707
9.650000	0.004279	0.026717
9.660000	0.004273	0.026728
9.670000	0.004267	0.026738
9.680000	0.004261	0.026748
9.690000	0.004255	0.026758
9.700000	0.004249	0.026767
9.710000	0.004244	0.026777
9.720000	0.004238	0.026787
9.730000	0.004232	0.026797
9.740000	0.004226	0.026807
9.750000	0.004220	0.026817
9.760000	0.004214	0.026827
9.770000	0.004209	0.026837
9.780000	0.004203	0.026847
9.790000	0.004197	0.026857
9.800000	0.004191	0.026866
9.810000	0.004185	0.026876
9.820000	0.004180	0.026886
9.830000	0.004174	0.026896
9.840000	0.004168	0.026906
9.850000	0.004162	0.026915
9.860000	0.004156	0.026925
9.870000	0.004151	0.026935
9.880000	0.004145	0.026945
9.890000	0.004139	0.026954
9.900000	0.004133	0.026964
9.910000	0.004128	0.026974
9.920000	0.004122	0.026983
9.930000	0.004116	0.026993
9.940000	0.004111	0.027003
9.950000	0.004105	0.027012
9.960000	0.004099	0.027022
9.970000	0.004094	0.027032
9.980000	0.004088	0.027041
9.990000	0.004082	0.027051
10.000000	0.004077	0.027060
