-10.000000	0.045709	0.045709
-9.990000	0.045714	0.045714
-9.980000	0.045720	0.045720
-9.970000	0.045725	0.045725
-9.960000	0.045731	0.045731
-9.950000	0.045736	0.045736
-9.940000	0.045741	0.045741
-9.930000	0.045747	0.045747
-9.920000	0.045752	0.045752
-9.910000	0.045757	0.045757
-9.900000	0.045762	0.045762
-9.890000	0.045767	0.045767
-9.880000	0.045772	0.045772
-9.870000	0.045777	0.045777
-9.860000	0.045782	0.045782
-9.850000	0.045787	0.045787
-9.840000	0.045791	0.045791
-9.830000	0.045796	0.045796
-9.820000	0.045801	0.045801
-9.810000	0.045805	0.045805
-9.800000	0.045810	0.045810
-9.790000	0.045814	0.045814
-9.780000	0.045819	0.045819
-9.770000	0.045823	0.045823
-9.760000	0.045828	0.045828
-9.750000	0.045832	0.045832
-9.740000	0.045836	0.045836
-9.730000	0.045840	0.045840
-9.720000	0.045844	0.045844
-9.710000	0.045849	0.045849
-9.700000	0.045853	0.045853
-9.690000	0.045857	0.045857
-9.680000	0.045860	0.045860
-9.670000	0.045864	0.045864
-9.660000	0.045868	0.045868
-9.650000	0.045872	0.045872
-9.640000	0.045876	0.045876
-9.630000	0.045879	0.045879
-9.620000	0.045883	0.045883
-9.610000	0.045887	0.045887
-9.600000	0.045890	0.045890
-9.590000	0.045894	0.045894
-9.580000	0.045897	0.045897
-9.570000	0.045900	0.045900
-9.560000	0.045904	0.045904
-9.550000	0.045907	0.045907
-9.540000	0.045910	0.045910
-9.530000	0.045913	0.045913
-9.520000	0.045916	0.045916
-9.510000	0.045919	0.045919
-9.500000	0.045922	0.045922
-9.490000	0.045925	0.045925
-9.480000	0.045928	0.045928
-9.470000	0.045931	0.045931
-9.460000	0.045934	0.045934
-9.450000	0.045937	0.045937
-9.440000	0.045939	0.045939
-9.430000	0.045942	0.045942
-9.420000	0.045944	0.045944
-9.410000	0.045947	0.045947
-9.400000	0.045949	0.045949
-9.390000	0.045952	0.045952
-9.380000	0.045954	0.045954
-9.370000	0.045956	0.045956
-9.360000	0.045959	0.045959
-9.350000	0.045961	0.045961
-9.340000	0.045963	0.045963
-9.330000	0.045965	0.045965
-9.320000	0.045967	0.045967
-9.310000	0.045969	0.045969
-9.300000	0.045971	0.045971
-9.290000	0.045973	0.045973
-9.280000	0.045975	0.045975
-9.270000	0.045977	0.045977
-9.260000	0.045978	0.045978
-9.250000	0.045980	0.045980
-9.240000	0.045982	0.045982
-9.230000	0.045983	0.045983
-9.220000	0.045985	0.045985
-9.210000	0.045986	0.045986
-9.200000	0.045987	0.045987
-9.190000	0.045989	0.045989
-9.180000	0.045990	0.045990
-9.170000	0.045991	0.045991
-9.160000	0.045993	0.045993
-9.150000	0.045994	0.045994
-9.140000	0.045995	0.045995
-9.130000	0.045996	0.045996
-9.120000	0.045997	0.045997
-9.110000	0.045998	0.045998
-9.100000	0.045998	0.045998
-9.090000	0.045999	0.045999
-9.080000	0.046000	0.046000
-9.070000	0.046001	0.046001
-9.060000	0.046001	0.046001
-9.050000	0.046002	0.046002
-9.040000	0.046002	0.046002
-9.030000	0.046003	0.046003
-9.020000	0.046003	0.046003
-9.010000	0.046004	0.046004
-9.000000	0.046004	0.046004
-8.990000	0.046004	0.046004
-8.980000	0.046005	0.046005
-8.970000	0.046005	0.046005
-8.960000	0.046005	0.046005
-8.950000	0.046005	0.046005
-8.940000	0.046005	0.046005
-8.930000	0.046005	0.046005
-8.920000	0.046005	0.046005
-8.910000	0.046004	0.046004
-8.900000	0.046004	0.046004
-8.890000	0.046004	0.046004
-8.880000	0.046004	0.046004
-8.870000	0.046003	0.046003
-8.860000	0.046003	0.046003
-8.850000	0.046002	0.046002
-8.840000	0.046002	0.046002
-8.830000	0.046001	0.046001
-8.820000	0.046000	0.046000
-8.810000	0.046000	0.046000
-8.800000	0.045999	0.045999
-8.790000	0.045998	0.045998
-8.780000	0.045997	0.045997
-8.770000	0.045996	0.045996
-8.760000	0.045995	0.045995
-8.750000	0.045994	0.045994
-8.740000	0.045993	0.045993
-8.730000	0.045992	0.045992
-8.720000	0.045991	0.045991
-8.710000	0.045989	0.045989
-8.700000	0.045988	0.045988
-8.690000	0.045987	0.045987
-8.680000	0.045985	0.045985
-8.670000	0.045984	0.045984
-8.660000	0.045982	0.045982
-8.650000	0.045981	0.045981
-8.640000	0.045979	0.045979
-8.630000	0.045977	0.045977
-8.620000	0.045976	0.045976
-8.610000	0.045974	0.045974
-8.600000	0.045972	0.045972
-8.590000	0.045970	0.045970
-8.580000	0.045968	0.045968
-8.570000	0.045966	0.045966
-8.560000	0.045964	0.045964
-8.550000	0.045962	0.045962
-8.540000	0.045959	0.045959
-8.530000	0.045957	0.045957
-8.520000	0.045955	0.045955
-8.510000	0.045952	0.045952
-8.500000	0.045950	0.045950
-8.490000	0.045947	0.045947
-8.480000	0.045945	0.045945
-8.470000	0.045942	0.045942
-8.460000	0.045940	0.045940
-8.450000	0.045937	0.045937
-8.440000	0.045934	0.045934
-8.430000	0.045931	0.045931
-8.420000	0.045928	0.045928
-8.410000	0.045926	0.045926
-8.400000	0.045923	0.045923
-8.390000	0.045919	0.045919
-8.380000	0.045916	0.045916
-8.370000	0.045913	0.045913
-8.360000	0.045910	0.045910
-8.350000	0.045907	0.045907
-8.340000	0.045903	0.045903
-8.330000	0.045900	0.045900
-8.320000	0.045897	0.045897
-8.310000	0.045893	0.045893
-8.300000	0.045890	0.045890
-8.290000	0.045886	0.045886
-8.280000	0.045882	0.045882
-8.270000	0.045879	0.045879
-8.260000	0.045875	0.045875
-8.250000	0.045871	0.045871
-8.240000	0.045867	0.045867
-8.230000	0.045863	0.045863
-8.220000	0.045859	0.045859
-8.210000	0.045855	0.045855
-8.200000	0.045851	0.045851
-8.190000	0.045847	0.045847
-8.180000	0.045842	0.045842
-8.170000	0.045838	0.045838
-8.160000	0.045834	0.045834
-8.150000	0.045829	0.045829
-8.140000	0.045825	0.045825
-8.130000	0.045820	0.045820
-8.120000	0.045816	0.045816
-8.110000	0.045811	0.045811
-8.100000	0.045807	0.045807
-8.090000	0.045802	0.045802
-8.080000	0.045797	0.045797
-8.070000	0.045792	0.045792
-8.060000	0.045787	0.045787
-8.050000	0.045782	0.045782
-8.040000	0.045777	0.045777
-8.030000	0.045772	0.045772
-8.020000	0.045767	0.045767
-8.010000	0.045762	0.045762
-8.000000	0.045757	0.045757
-7.990000	0.045751	0.045751
-7.980000	0.045746	0.045746
-7.970000	0.045741	0.045741
-7.960000	0.045735	0.045735
-7.950000	0.045730	0.045730
-7.940000	0.045724	0.045724
-7.930000	0.045718	0.045718
-7.920000	0.045713	0.045713
-7.910000	0.045707	0.045707
-7.900000	0.045701	0.045701
-7.890000	0.045695	0.045695
-7.880000	0.045689	0.045689
-7.870000	0.045683	0.045683
-7.860000	0.045677	0.045677
-7.850000	0.045671	0.045671
-7.840000	0.045665	0.045665
-7.830000	0.045659	0.045659
-7.820000	0.045653	0.045653
-7.810000	0.045646	0.045646
-7.800000	0.045640	0.045640
-7.790000	0.045633	0.045633
-7.780000	0.045627	0.045627
-7.770000	0.045620	0.045620
-7.760000	0.045614	0.045614
-7.750000	0.045607	0.045607
-7.740000	0.045600	0.045600
-7.730000	0.045593	0.045593
-7.720000	0.045587	0.045587
-7.710000	0.045580	0.045580
-7.700000	0.045573	0.045573
-7.690000	0.045566	0.045566
-7.680000	0.045559	0.045559
-7.670000	0.045552	0.045552
-7.660000	0.045544	0.045544
-7.650000	0.045537	0.045537
-7.640000	0.045530	0.045530
-7.630000	0.045522	0.045522
-7.620000	0.045515	0.045515
-7.610000	0.045508	0.045508
-7.600000	0.045500	0.045500
-7.590000	0.045492	0.045492
-7.580000	0.045485	0.045485
-7.570000	0.045477	0.045477
-7.560000	0.045469	0.045469
-7.550000	0.045462	0.045462
-7.540000	0.045454	0.045454
-7.530000	0.045446	0.045446
-7.520000	0.045438	0.045438
-7.510000	0.045430	0.045430
-7.500000	0.045422	0.045422
-7.490000	0.045413	0.045413
-7.480000	0.045405	0.045405
-7.470000	0.045397	0.045397
-7.460000	0.045389	0.045389
-7.450000	0.045380	0.045380
-7.440000	0.045372	0.045372
-7.430000	0.045363	0.045363
-7.420000	0.045355	0.045355
-7.410000	0.045346	0.045346
-7.400000	0.045337	0.045337
-7.390000	0.045329	0.045329
-7.380000	0.045320	0.045320
-7.370000	0.045311	0.045311
-7.360000	0.045302	0.045302
-7.350000	0.045293	0.045293
-7.340000	0.045284	0.045284
-7.330000	0.045275	0.045275
-7.320000	0.045266	0.045266
-7.310000	0.045257	0.045257
-7.300000	0.045247	0.045247
-7.290000	0.045238	0.045238
-7.280000	0.045229	0.045229
-7.270000	0.045219	0.045219
-7.260000	0.045210	0.045210
-7.250000	0.045200	0.045200
-7.240000	0.045191	0.045191
-7.230000	0.045181	0.045181
-7.220000	0.045171	0.045171
-7.210000	0.045162	0.045162
-7.200000	0.045152	0.045152
-7.190000	0.045142	0.045142
-7.180000	0.045132	0.045132
-7.170000	0.045122	0.045122
-7.160000	0.045112	0.045112
-7.150000	0.045102	0.045102
-7.140000	0.045092	0.045092
-7.130000	0.045081	0.045081
-7.120000	0.045071	0.045071
-7.110000	0.045061	0.045061
-7.100000	0.045050	0.045050
-7.090000	0.045040	0.045040
-7.080000	0.045029	0.045029
-7.070000	0.045019	0.045019
-7.060000	0.045008	0.045008
-7.050000	0.044997	0.044997
-7.040000	0.044987	0.044987
-7.030000	0.044976	0.044976
-7.020000	0.044965	0.044965
-7.010000	0.044954	0.044954
-7.000000	0.044943	0.044943
-6.990000	0.044932	0.044932
-6.980000	0.044921	0.044921
-6.970000	0.044910	0.044910
-6.960000	0.044898	0.044898
-6.950000	0.044887	0.044887
-6.940000	0.044876	0.044876
-6.930000	0.044864	0.044864
-6.920000	0.044853	0.044853
-6.910000	0.044842	0.044842
-6.900000	0.044830	0.044830
-6.890000	0.044818	0.044818
-6.880000	0.044807	0.044807
-6.870000	0.044795	0.044795
-6.860000	0.044783	0.044783
-6.850000	0.044771	0.044771
-6.840000	0.044759	0.044759
-6.830000	0.044747	0.044747
-6.820000	0.044735	0.044735
-6.810000	0.044723	0.044723
-6.800000	0.044711	0.044711
-6.790000	0.044699	0.044699
-6.780000	0.044687	0.044687
-6.770000	0.044674	0.044674
-6.760000	0.044662	0.044662
-6.750000	0.044650	0.044650
-6.740000	0.044637	0.044637
-6.730000	0.044625	0.044625
-6.720000	0.044612	0.044612
-6.710000	0.044599	0.044599
-6.700000	0.044587	0.044587
-6.690000	0.044574	0.044574
-6.680000	0.044561	0.044561
-6.670000	0.044548	0.044548
-6.660000	0.044535	0.044535
-6.650000	0.044522	0.044522
-6.640000	0.044509	0.044509
-6.630000	0.044496	0.044496
-6.620000	0.044483	0.044483
-6.610000	0.044470	0.044470
-6.600000	0.044456	0.044456
-6.590000	0.044443	0.044443
-6.580000	0.044430	0.044430
-6.570000	0.044416	0.044416
-6.560000	0.044403	0.044403
-6.550000	0.044389	0.044389
-6.540000	0.044375	0.044375
-6.530000	0.044362	0.044362
-6.520000	0.044348	0.044348
-6.510000	0.044334	0.044334
-6.500000	0.044320	0.044320
-6.490000	0.044306	0.044306
-6.480000	0.044293	0.044293
-6.470000	0.044278	0.044278
-6.460000	0.044264	0.044264
-6.450000	0.044250	0.044250
-6.440000	0.044236	0.044236
-6.430000	0.044222	0.044222
-6.420000	0.044207	0.044207
-6.410000	0.044193	0.044193
-6.400000	0.044179	0.044179
-6.390000	0.044164	0.044164
-6.380000	0.044150	0.044150
-6.370000	0.044135	0.044135
-6.360000	0.044120	0.044120
-6.350000	0.044106	0.044106
-6.340000	0.044091	0.044091
-6.330000	0.044076	0.044076
-6.320000	0.044061	0.044061
-6.310000	0.044046	0.044046
-6.300000	0.044031	0.044031
-6.290000	0.044016	0.044016
-6.280000	0.044001	0.044001
-6.270000	0.043986	0.043986
-6.260000	0.043971	0.043971
-6.250000	0.043955	0.043955
-6.240000	0.043940	0.043940
-6.230000	0.043925	0.043925
-6.220000	0.043909	0.043909
-6.210000	0.043894	0.043894
-6.200000	0.043878	0.043878
-6.190000	0.043862	0.043862
-6.180000	0.043847	0.043847
-6.170000	0.043831	0.043831
-6.160000	0.043815	0.043815
-6.150000	0.043799	0.043799
-6.140000	0.043783	0.043783
-6.130000	0.043767	0.043767
-6.120000	0.043751	0.043751
-6.110000	0.043735	0.043735
-6.100000	0.043719	0.043719
-6.090000	0.043703	0.043703
-6.080000	0.043687	0.043687
-6.070000	0.043670	0.043670
-6.060000	0.043654	0.043654
-6.050000	0.043638	0.043638
-6.040000	0.043621	0.043621
-6.030000	0.043605	0.043605
-6.020000	0.043588	0.043588
-6.010000	0.043571	0.043571
-6.000000	0.043555	0.043555
-5.990000	0.043538	0.043538
-5.980000	0.043521	0.043521
-5.970000	0.043504	0.043504
-5.960000	0.043487	0.043487
-5.950000	0.043470	0.043470
-5.940000	0.043453	0.043453
-5.930000	0.043436	0.043436
-5.920000	0.043419	0.043419
-5.910000	0.043402	0.043402
-5.900000	0.043385	0.043385
-5.890000	0.043367	0.043367
-5.880000	0.043350	0.043350
-5.870000	0.043332	0.043332
-5.860000	0.043315	0.043315
-5.850000	0.043297	0.043297
-5.840000	0.043280	0.043280
-5.830000	0.043262	0.043262
-5.820000	0.043244	0.043244
-5.810000	0.043227	0.043227
-5.800000	0.043209	0.043209
-5.790000	0.043191	0.043191
-5.780000	0.043173	0.043173
-5.770000	0.043155	0.043155
-5.760000	0.043137	0.043137
-5.750000	0.043119	0.043119
-5.740000	0.043101	0.043101
-5.730000	0.043082	0.043082
-5.720000	0.043064	0.043064
-5.710000	0.043046	0.043046
-5.700000	0.043028	0.043028
-5.690000	0.043009	0.043009
-5.680000	0.042991	0.042991
-5.670000	0.042972	0.042972
-5.660000	0.042953	0.042953
-5.650000	0.042935	0.042935
-5.640000	0.042916	0.042916
-5.630000	0.042897	0.042897
-5.620000	0.042878	0.042878
-5.610000	0.042860	0.042860
-5.600000	0.042841	0.042841
-5.590000	0.042822	0.042822
-5.580000	0.042803	0.042803
-5.570000	0.042784	0.042784
-5.560000	0.042764	0.042764
-5.550000	0.042745	0.042745
-5.540000	0.042726	0.042726
-5.530000	0.042707	0.042707
-5.520000	0.042687	0.042687
-5.510000	0.042668	0.042668
-5.500000	0.042648	0.042648
-5.490000	0.042629	0.042629
-5.480000	0.042609	0.042609
-5.470000	0.042590	0.042590
-5.460000	0.042570	0.042570
-5.450000	0.042550	0.042550
-5.440000	0.042530	0.042530
-5.430000	0.042510	0.042510
-5.420000	0.042490	0.042490
-5.410000	0.042471	0.042471
-5.400000	0.042450	0.042450
-5.390000	0.042430	0.042430
-5.380000	0.042410	0.042410
-5.370000	0.042390	0.042390
-5.360000	0.042370	0.042370
-5.350000	0.042350	0.042350
-5.340000	0.042329	0.042329
-5.330000	0.042309	0.042309
-5.320000	0.042288	0.042288
-5.310000	0.042268	0.042268
-5.300000	0.042247	0.042247
-5.290000	0.042227	0.042227
-5.280000	0.042206	0.042206
-5.270000	0.042185	0.042185
-5.260000	0.042164	0.042164
-5.250000	0.042144	0.042144
-5.240000	0.042123	0.042123
-5.230000	0.042102	0.042102
-5.220000	0.042081	0.042081
-5.210000	0.042060	0.042060
-5.200000	0.042039	0.042039
-5.190000	0.042017	0.042017
-5.180000	0.041996	0.041996
-5.170000	0.041975	0.041975
-5.160000	0.041954	0.041954
-5.150000	0.041932	0.041932
-5.140000	0.041911	0.041911
-5.130000	0.041889	0.041889
-5.120000	0.041868	0.041868
-5.110000	0.041846	0.041846
-5.100000	0.041825	0.041825
-5.090000	0.041803	0.041803
-5.080000	0.041781	0.041781
-5.070000	0.041759	0.041759
-5.060000	0.041738	0.041738
-5.050000	0.041716	0.041716
-5.040000	0.041694	0.041694
-5.030000	0.041672	0.041672
-5.020000	0.041650	0.041650
-5.010000	0.041628	0.041628
-5.000000	0.041605	0.041605
-4.990000	0.041583	0.041583
-4.980000	0.041561	0.041561
-4.970000	0.041539	0.041539
-4.960000	0.041516	0.041516
-4.950000	0.041494	0.041494
-4.940000	0.041471	0.041471
-4.930000	0.041449	0.041449
-4.920000	0.041426	0.041426
-4.910000	0.041404	0.041404
-4.900000	0.041381	0.041381
-4.890000	0.041358	0.041358
-4.880000	0.041335	0.041335
-4.870000	0.041313	0.041313
-4.860000	0.041290	0.041290
-4.850000	0.041267	0.041267
-4.840000	0.041244	0.041244
-4.830000	0.041221	0.041221
-4.820000	0.041198	0.041198
-4.810000	0.041175	0.041175
-4.800000	0.041151	0.041151
-4.790000	0.041128	0.041128
-4.780000	0.041105	0.041105
-4.770000	0.041081	0.041081
-4.760000	0.041058	0.041058
-4.750000	0.041035	0.041035
-4.740000	0.041011	0.041011
-4.730000	0.040988	0.040988
-4.720000	0.040964	0.040964
-4.710000	0.040940	0.040940
-4.700000	0.040917	0.040917
-4.690000	0.040893	0.040893
-4.680000	0.040869	0.040869
-4.670000	0.040845	0.040845
-4.660000	0.040821	0.040821
-4.650000	0.040797	0.040797
-4.640000	0.040773	0.040773
-4.630000	0.040749	0.040749
-4.620000	0.040725	0.040725
-4.610000	0.040701	0.040701
-4.600000	0.040677	0.040677
-4.590000	0.040653	0.040653
-4.580000	0.040628	0.040628
-4.570000	0.040604	0.040604
-4.560000	0.040580	0.040580
-4.550000	0.040555	0.040555
-4.540000	0.040531	0.040531
-4.530000	0.040506	0.040506
-4.520000	0.040481	0.040481
-4.510000	0.040457	0.040457
-4.500000	0.040432	0.040432
-4.490000	0.040407	0.040407
-4.480000	0.040383	0.040383
-4.470000	0.040358	0.040358
-4.460000	0.040333	0.040333
-4.450000	0.040308	0.040308
-4.440000	0.040283	0.040283
-4.430000	0.040258	0.040258
-4.420000	0.040233	0.040233
-4.410000	0.040208	0.040208
-4.400000	0.040183	0.040183
-4.390000	0.040157	0.040157
-4.380000	0.040132	0.040132
-4.370000	0.040107	0.040107
-4.360000	0.040081	0.040081
-4.350000	0.040056	0.040056
-4.340000	0.040030	0.040030
-4.330000	0.040005	0.040005
-4.320000	0.039979	0.039979
-4.310000	0.039954	0.039954
-4.300000	0.039928	0.039928
-4.290000	0.039902	0.039902
-4.280000	0.039877	0.039877
-4.270000	0.039851	0.039851
-4.260000	0.039825	0.039825
-4.250000	0.039799	0.039799
-4.240000	0.039773	0.039773
-4.230000	0.039747	0.039747
-4.220000	0.039721	0.039721
-4.210000	0.039695	0.039695
-4.200000	0.039669	0.039669
-4.190000	0.039643	0.039643
-4.180000	0.039616	0.039616
-4.170000	0.039590	0.039590
-4.160000	0.039564	0.039564
-4.150000	0.039537	0.039537
-4.140000	0.039511	0.039511
-4.130000	0.039485	0.039485
-4.120000	0.039458	0.039458
-4.110000	0.039432	0.039432
-4.100000	0.039405	0.039405
-4.090000	0.039378	0.039378
-4.080000	0.039352	0.039352
-4.070000	0.039325	0.039325
-4.060000	0.039298	0.039298
-4.050000	0.039271	0.039271
-4.040000	0.039244	0.039244
-4.030000	0.039218	0.039218
-4.020000	0.039191	0.039191
-4.010000	0.039164	0.039164
-4.000000	0.039136	0.039136
-3.990000	0.039109	0.039109
-3.980000	0.039082	0.039082
-3.970000	0.039055	0.039055
-3.960000	0.039028	0.039028
-3.950000	0.039001	0.039001
-3.940000	0.038973	0.038973
-3.930000	0.038946	0.038946
-3.920000	0.038918	0.038918
-3.910000	0.038891	0.038891
-3.900000	0.038864	0.038864
-3.890000	0.038836	0.038836
-3.880000	0.038808	0.038808
-3.870000	0.038781	0.038781
-3.860000	0.038753	0.038753
-3.850000	0.038725	0.038725
-3.840000	0.038698	0.038698
-3.830000	0.038670	0.038670
-3.820000	0.038642	0.038642
-3.810000	0.038614	0.038614
-3.800000	0.038586	0.038586
-3.790000	0.038558	0.038558
-3.780000	0.038530	0.038530
-3.770000	0.038502	0.038502
-3.760000	0.038474	0.038474
-3.750000	0.038446	0.038446
-3.740000	0.038418	0.038418
-3.730000	0.038389	0.038389
-3.720000	0.038361	0.038361
-3.710000	0.038333	0.038333
-3.700000	0.038304	0.038304
-3.690000	0.038276	0.038276
-3.680000	0.038248	0.038248
-3.670000	0.038219	0.038219
-3.660000	0.038191	0.038191
-3.650000	0.038162	0.038162
-3.640000	0.038133	0.038133
-3.630000	0.038105	0.038105
-3.620000	0.038076	0.038076
-3.610000	0.038047	0.038047
-3.600000	0.038018	0.038018
-3.590000	0.037990	0.037990
-3.580000	0.037961	0.037961
-3.570000	0.037932	0.037932
-3.560000	0.037903	0.037903
-3.550000	0.037874	0.037874
-3.540000	0.037845	0.037845
-3.530000	0.037816	0.037816
-3.520000	0.037787	0.037787
-3.510000	0.037758	0.037758
-3.500000	0.037728	0.037728
-3.490000	0.037699	0.037699
-3.480000	0.037670	0.037670
-3.470000	0.037641	0.037641
-3.460000	0.037611	0.037611
-3.450000	0.037582	0.037582
-3.440000	0.037552	0.037552
-3.430000	0.037523	0.037523
-3.420000	0.037493	0.037493
-3.410000	0.037464	0.037464
-3.400000	0.037434	0.037434
-3.390000	0.037405	0.037405
-3.380000	0.037375	0.037375
-3.370000	0.037345	0.037345
-3.360000	0.037316	0.037316
-3.350000	0.037286	0.037286
-3.340000	0.037256	0.037256
-3.330000	0.037226	0.037226
-3.320000	0.037196	0.037196
-3.310000	0.037166	0.037166
-3.300000	0.037136	0.037136
-3.290000	0.037106	0.037106
-3.280000	0.037076	0.037076
-3.270000	0.037046	0.037046
-3.260000	0.037016	0.037016
-3.250000	0.036986	0.036986
-3.240000	0.036956	0.036956
-3.230000	0.036925	0.036925
-3.220000	0.036895	0.036895
-3.210000	0.036865	0.036865
-3.200000	0.036835	0.036835
-3.190000	0.036804	0.036804
-3.180000	0.036774	0.036774
-3.170000	0.036743	0.036743
-3.160000	0.036713	0.036713
-3.150000	0.036682	0.036682
-3.140000	0.036652	0.036652
-3.130000	0.036621	0.036621
-3.120000	0.036590	0.036590
-3.110000	0.036560	0.036560
-3.100000	0.036529	0.036529
-3.090000	0.036498	0.036498
-3.080000	0.036467	0.036467
-3.070000	0.036437	0.036437
-3.060000	0.036406	0.036406
-3.050000	0.036375	0.036375
-3.040000	0.036344	0.036344
-3.030000	0.036313	0.036313
-3.020000	0.036282	0.036282
-3.010000	0.036251	0.036251
-3.000000	0.036220	0.036220
-2.990000	0.036189	0.036189
-2.980000	0.036158	0.036158
-2.970000	0.036126	0.036126
-2.960000	0.036095	0.036095
-2.950000	0.036064	0.036064
-2.940000	0.036033	0.036033
-2.930000	0.036001	0.036001
-2.920000	0.035970	0.035970
-2.910000	0.035939	0.035939
-2.900000	0.035907	0.035907
-2.890000	0.035876	0.035876
-2.880000	0.035844	0.035844
-2.870000	0.035813	0.035813
-2.860000	0.035781	0.035781
-2.850000	0.035750	0.035750
-2.840000	0.035718	0.035718
-2.830000	0.035686	0.035686
-2.820000	0.035655	0.035655
-2.810000	0.035623	0.035623
-2.800000	0.035591	0.035591
-2.790000	0.035560	0.035560
-2.780000	0.035528	0.035528
-2.770000	0.035496	0.035496
-2.760000	0.035464	0.035464
-2.750000	0.035432	0.035432
-2.740000	0.035400	0.035400
-2.730000	0.035368	0.035368
-2.720000	0.035336	0.035336
-2.710000	0.035304	0.035304
-2.700000	0.035272	0.035272
-2.690000	0.035240	0.035240
-2.680000	0.035208	0.035208
-2.670000	0.035176	0.035176
-2.660000	0.035144	0.035144
-2.650000	0.035111	0.035111
-2.640000	0.035079	0.035079
-2.630000	0.035047	0.035047
-2.620000	0.035015	0.035015
-2.610000	0.034982	0.034982
-2.600000	0.034950	0.034950
-2.590000	0.034917	0.034917
-2.580000	0.034885	0.034885
-2.570000	0.034853	0.034853
-2.560000	0.034820	0.034820
-2.550000	0.034788	0.034788
-2.540000	0.034755	0.034755
-2.530000	0.034722	0.034722
-2.520000	0.034690	0.034690
-2.510000	0.034657	0.034657
-2.500000	0.034625	0.034625
-2.490000	0.034592	0.034592
-2.480000	0.034559	0.034559
-2.470000	0.034526	0.034526
-2.460000	0.034494	0.034494
-2.450000	0.034461	0.034461
-2.440000	0.034428	0.034428
-2.430000	0.034395	0.034395
-2.420000	0.034362	0.034362
-2.410000	0.034329	0.034329
-2.400000	0.034296	0.034296
-2.390000	0.034263	0.034263
-2.380000	0.034230	0.034230
-2.370000	0.034197	0.034197
-2.360000	0.034164	0.034164
-2.350000	0.034131	0.034131
-2.340000	0.034098	0.034098
-2.330000	0.034065	0.034065
-2.320000	0.034032	0.034032
-2.310000	0.033999	0.033999
-2.300000	0.033965	0.033965
-2.290000	0.033932	0.033932
-2.280000	0.033899	0.033899
-2.270000	0.033866	0.033866
-2.260000	0.033832	0.033832
-2.250000	0.033799	0.033799
-2.240000	0.033766	0.033766
-2.230000	0.033732	0.033732
-2.220000	0.033699	0.033699
-2.210000	0.033665	0.033665
-2.200000	0.033632	0.033632
-2.190000	0.033598	0.033598
-2.180000	0.033565	0.033565
-2.170000	0.033531	0.033531
-2.160000	0.033498	0.033498
-2.150000	0.033464	0.033464
-2.140000	0.033431	0.033431
-2.130000	0.033397	0.033397
-2.120000	0.033363	0.033363
-2.110000	0.033330	0.033330
-2.100000	0.033296	0.033296
-2.090000	0.033262	0.033262
-2.080000	0.033228	0.033228
-2.070000	0.033195	0.033195
-2.060000	0.033161	0.033161
-2.050000	0.033127	0.033127
-2.040000	0.033093	0.033093
-2.030000	0.033059	0.033059
-2.020000	0.033025	0.033025
-2.010000	0.032992	0.032992
-2.000000	0.032958	0.032958
-1.990000	0.032924	0.032924
-1.980000	0.032890	0.032890
-1.970000	0.032856	0.032856
-1.960000	0.032822	0.032822
-1.950000	0.032788	0.032788
-1.940000	0.032753	0.032753
-1.930000	0.032719	0.032719
-1.920000	0.032685	0.032685
-1.910000	0.032651	0.032651
-1.900000	0.032617	0.032617
-1.890000	0.032583	0.032583
-1.880000	0.032549	0.032549
-1.870000	0.032514	0.032514
-1.860000	0.032480	0.032480
-1.850000	0.032446	0.032446
-1.840000	0.032412	0.032412
-1.830000	0.032377	0.032377
-1.820000	0.032343	0.032343
-1.810000	0.032309	0.032309
-1.800000	0.032274	0.032274
-1.790000	0.032240	0.032240
-1.780000	0.032206	0.032206
-1.770000	0.032171	0.032171
-1.760000	0.032137	0.032137
-1.750000	0.032102	0.032102
-1.740000	0.032068	0.032068
-1.730000	0.032033	0.032033
-1.720000	0.031999	0.031999
-1.710000	0.031964	0.031964
-1.700000	0.031930	0.031930
-1.690000	0.031895	0.031895
-1.680000	0.031861	0.031861
-1.670000	0.031826	0.031826
-1.660000	0.031791	0.031791
-1.650000	0.031757	0.031757
-1.640000	0.031722	0.031722
-1.630000	0.031688	0.031688
-1.620000	0.031653	0.031653
-1.610000	0.031618	0.031618
-1.600000	0.031583	0.031583
-1.590000	0.031549	0.031549
-1.580000	0.031514	0.031514
-1.570000	0.031479	0.031479
-1.560000	0.031444	0.031444
-1.550000	0.031410	0.031410
-1.540000	0.031375	0.031375
-1.530000	0.031340	0.031340
-1.520000	0.031305	0.031305
-1.510000	0.031270	0.031270
-1.500000	0.031235	0.031235
-1.490000	0.031200	0.031200
-1.480000	0.031166	0.031166
-1.470000	0.031131	0.031131
-1.460000	0.031096	0.031096
-1.450000	0.031061	0.031061
-1.440000	0.031026	0.031026
-1.430000	0.030991	0.030991
-1.420000	0.030956	0.030956
-1.410000	0.030921	0.030921
-1.400000	0.030886	0.030886
-1.390000	0.030851	0.030851
-1.380000	0.030816	0.030816
-1.370000	0.030781	0.030781
-1.360000	0.030746	0.030746
-1.350000	0.030711	0.030711
-1.340000	0.030675	0.030675
-1.330000	0.030640	0.030640
-1.320000	0.030605	0.030605
-1.310000	0.030570	0.030570
-1.300000	0.030535	0.030535
-1.290000	0.030500	0.030500
-1.280000	0.030465	0.030465
-1.270000	0.030429	0.030429
-1.260000	0.030394	0.030394
-1.250000	0.030359	0.030359
-1.240000	0.030324	0.030324
-1.230000	0.030288	0.030288
-1.220000	0.030253	0.030253
-1.210000	0.030218	0.030218
-1.200000	0.030183	0.030183
-1.190000	0.030147	0.030147
-1.180000	0.030112	0.030112
-1.170000	0.030077	0.030077
-1.160000	0.030041	0.030041
-1.150000	0.030006	0.030006
-1.140000	0.029971	0.029971
-1.130000	0.029935	0.029935
-1.120000	0.029900	0.029900
-1.110000	0.029865	0.029865
-1.100000	0.029829	0.029829
-1.090000	0.029794	0.029794
-1.080000	0.029759	0.029759
-1.070000	0.029723	0.029723
-1.060000	0.029688	0.029688
-1.050000	0.029652	0.029652
-1.040000	0.029617	0.029617
-1.030000	0.029582	0.029582
-1.020000	0.029546	0.029546
-1.010000	0.029511	0.029511
-1.000000	0.029475	0.029475
-0.990000	0.029440	0.029440
-0.980000	0.029404	0.029404
-0.970000	0.029369	0.029369
-0.960000	0.029333	0.029333
-0.950000	0.029298	0.029298
-0.940000	0.029262	0.029262
-0.930000	0.029227	0.029227
-0.920000	0.029191	0.029191
-0.910000	0.029156	0.029156
-0.900000	0.029120	0.029120
-0.890000	0.029085	0.029085
-0.880000	0.029049	0.029049
-0.870000	0.029013	0.029013
-0.860000	0.028978	0.028978
-0.850000	0.028942	0.028942
-0.840000	0.028907	0.028907
-0.830000	0.028871	0.028871
-0.820000	0.028836	0.028836
-0.810000	0.028800	0.028800
-0.800000	0.028764	0.028764
-0.790000	0.028729	0.028729
-0.780000	0.028693	0.028693
-0.770000	0.028658	0.028658
-0.760000	0.028622	0.028622
-0.750000	0.028586	0.028586
-0.740000	0.028551	0.028551
-0.730000	0.028515	0.028515
-0.720000	0.028479	0.028479
-0.710000	0.028444	0.028444
-0.700000	0.028408	0.028408
-0.690000	0.028372	0.028372
-0.680000	0.028337	0.028337
-0.670000	0.028301	0.028301
-0.660000	0.028265	0.028265
-0.650000	0.028230	0.028230
-0.640000	0.028194	0.028194
-0.630000	0.028158	0.028158
-0.620000	0.028123	0.028123
-0.610000	0.028087	0.028087
-0.600000	0.028051	0.028051
-0.590000	0.028016	0.028016
-0.580000	0.027980	0.027980
-0.570000	0.027944	0.027944
-0.560000	0.027909	0.027909
-0.550000	0.027873	0.027873
-0.540000	0.027837	0.027837
-0.530000	0.027802	0.027802
-0.520000	0.027766	0.027766
-0.510000	0.027730	0.027730
-0.500000	0.027694	0.027694
-0.490000	0.027659	0.027659
-0.480000	0.027623	0.027623
-0.470000	0.027587	0.027587
-0.460000	0.027552	0.027552
-0.450000	0.027516	0.027516
-0.440000	0.027480	0.027480
-0.430000	0.027445	0.027445
-0.420000	0.027409	0.027409
-0.410000	0.027373	0.027373
-0.400000	0.027337	0.027337
-0.390000	0.027302	0.027302
-0.380000	0.027266	0.027266
-0.370000	0.027230	0.027230
-0.360000	0.027195	0.027195
-0.350000	0.027159	0.027159
-0.340000	0.027123	0.027123
-0.330000	0.027088	0.027088
-0.320000	0.027052	0.027052
-0.310000	0.027016	0.027016
-0.300000	0.026980	0.026980
-0.290000	0.026945	0.026945
-0.280000	0.026909	0.026909
-0.270000	0.026873	0.026873
-0.260000	0.026838	0.026838
-0.250000	0.026802	0.026802
-0.240000	0.026766	0.026766
-0.230000	0.026731	0.026731
-0.220000	0.026695	0.026695
-0.210000	0.026659	0.026659
-0.200000	0.026624	0.026624
-0.190000	0.026588	0.026588
-0.180000	0.026552	0.026552
-0.170000	0.026517	0.026517
-0.160000	0.026481	0.026481
-0.150000	0.026445	0.026445
-0.140000	0.026410	0.026410
-0.130000	0.026374	0.026374
-0.120000	0.026338	0.026338
-0.110000	0.026303	0.026303
-0.100000	0.026267	0.026267
-0.090000	0.026231	0.026231
-0.080000	0.026196	0.026196
-0.070000	0.026160	0.026160
-0.060000	0.026124	0.026124
-0.050000	0.026089	0.026089
-0.040000	0.026053	0.026053
-0.030000	0.026018	0.026018
-0.020000	0.025982	0.025982
-0.010000	0.025946	0.025946
-0.000000	0.025911	0.025911
0.010000	0.025875	0.025875
0.020000	0.025840	0.025840
0.030000	0.025804	0.025804
0.040000	0.025769	0.025769
0.050000	0.025733	0.025733
0.060000	0.025697	0.025697
0.070000	0.025662	0.025662
0.080000	0.025626	0.025626
0.090000	0.025591	0.025591
0.100000	0.025555	0.025555
0.110000	0.025520	0.025520
0.120000	0.025484	0.025484
0.130000	0.025449	0.025449
0.140000	0.025413	0.025413
0.150000	0.025378	0.025378
0.160000	0.025342	0.025342
0.170000	0.025307	0.025307
0.180000	0.025271	0.025271
0.190000	0.025236	0.025236
0.200000	0.025200	0.025200
0.210000	0.025165	0.025165
0.220000	0.025129	0.025129
0.230000	0.025094	0.025094
0.240000	0.025059	0.025059
0.250000	0.025023	0.025023
0.260000	0.024988	0.024988
0.270000	0.024952	0.024952
0.280000	0.024917	0.024917
0.290000	0.024882	0.024882
0.300000	0.024846	0.024846
0.310000	0.024811	0.024811
0.320000	0.024776	0.024776
0.330000	0.024740	0.024740
0.340000	0.024705	0.024705
0.350000	0.024670	0.024670
0.360000	0.024634	0.024634
0.370000	0.024599	0.024599
0.380000	0.024564	0.024564
0.390000	0.024528	0.024528
0.400000	0.024493	0.024493
0.410000	0.024458	0.024458
0.420000	0.024423	0.024423
0.430000	0.024387	0.024387
0.440000	0.024352	0.024352
0.450000	0.024317	0.024317
0.460000	0.024282	0.024282
0.470000	0.024247	0.024247
0.480000	0.024211	0.024211
0.490000	0.024176	0.024176
0.500000	0.024141	0.024141
0.510000	0.024106	0.024106
0.520000	0.024071	0.024071
0.530000	0.024036	0.024036
0.540000	0.024001	0.024001
0.550000	0.023966	0.023966
0.560000	0.023930	0.023930
0.570000	0.023895	0.023895
0.580000	0.023860	0.023860
0.590000	0.023825	0.023825
0.600000	0.023790	0.023790
0.610000	0.023755	0.023755
0.620000	0.023720	0.023720
0.630000	0.023685	0.023685
0.640000	0.023650	0.023650
0.650000	0.023615	0.023615
0.660000	0.023580	0.023580
0.670000	0.023545	0.023545
0.680000	0.023510	0.023510
0.690000	0.023476	0.023476
0.700000	0.023441	0.023441
0.710000	0.023406	0.023406
0.720000	0.023371	0.023371
0.730000	0.023336	0.023336
0.740000	0.023301	0.023301
0.750000	0.023266	0.023266
0.760000	0.023232	0.023232
0.770000	0.023197	0.023197
0.780000	0.023162	0.023162
0.790000	0.023127	0.023127
0.800000	0.023093	0.023093
0.810000	0.023058	0.023058
0.820000	0.023023	0.023023
0.830000	0.022988	0.022988
0.840000	0.022954	0.022954
0.850000	0.022919	0.022919
0.860000	0.022884	0.022884
0.870000	0.022850	0.022850
0.880000	0.022815	0.022815
0.890000	0.022781	0.022781
0.900000	0.022746	0.022746
0.910000	0.022711	0.022711
0.920000	0.022677	0.022677
0.930000	0.022642	0.022642
0.940000	0.022608	0.022608
0.950000	0.022573	0.022573
0.960000	0.022539	0.022539
0.970000	0.022504	0.022504
0.980000	0.022470	0.022470
0.990000	0.022436	0.022436
1.000000	0.022401	0.022401
1.010000	0.022367	0.022367
1.020000	0.022332	0.022332
1.030000	0.022298	0.022298
1.040000	0.022264	0.022264
1.050000	0.022229	0.022229
1.060000	0.022195	0.022195
1.070000	0.022161	0.022161
1.080000	0.022127	0.022127
1.090000	0.022092	0.022092
1.100000	0.022058	0.022058
1.110000	0.022024	0.022024
1.120000	0.021990	0.021990
1.130000	0.021956	0.021956
1.140000	0.021921	0.021921
1.150000	0.021887	0.021887
1.160000	0.021853	0.021853
1.170000	0.021819	0.021819
1.180000	0.021785	0.021785
1.190000	0.021751	0.021751
1.200000	0.021717	0.021717
1.210000	0.021683	0.021683
1.220000	0.021649	0.021649
1.230000	0.021615	0.021615
1.240000	0.021581	0.021581
1.250000	0.021547	0.021547
1.260000	0.021513	0.021513
1.270000	0.021479	0.021479
1.280000	0.021445	0.021445
1.290000	0.021411	0.021411
1.300000	0.021378	0.021378
1.310000	0.021344	0.021344
1.320000	0.021310	0.021310
1.330000	0.021276	0.021276
1.340000	0.021243	0.021243
1.350000	0.021209	0.021209
1.360000	0.021175	0.021175
1.370000	0.021141	0.021141
1.380000	0.021108	0.021108
1.390000	0.021074	0.021074
1.400000	0.021040	0.021040
1.410000	0.021007	0.021007
1.420000	0.020973	0.020973
1.430000	0.020940	0.020940
1.440000	0.020906	0.020906
1.450000	0.020873	0.020873
1.460000	0.020839	0.020839
1.470000	0.020806	0.020806
1.480000	0.020772	0.020772
1.490000	0.020739	0.020739
1.500000	0.020706	0.020706
1.510000	0.020672	0.020672
1.520000	0.020639	0.020639
1.530000	0.020606	0.020606
1.540000	0.020572	0.020572
1.550000	0.020539	0.020539
1.560000	0.020506	0.020506
1.570000	0.020472	0.020472
1.580000	0.020439	0.020439
1.590000	0.020406	0.020406
1.600000	0.020373	0.020373
1.610000	0.020340	0.020340
1.620000	0.020307	0.020307
1.630000	0.020274	0.020274
1.640000	0.020240	0.020240
1.650000	0.020207	0.020207
1.660000	0.020174	0.020174
1.670000	0.020141	0.020141
1.680000	0.020108	0.020108
1.690000	0.020076	0.020076
1.700000	0.020043	0.020043
1.710000	0.020010	0.020010
1.720000	0.019977	0.019977
1.730000	0.019944	0.019944
1.740000	0.019911	0.019911
1.750000	0.019878	0.019878
1.760000	0.019846	0.019846
1.770000	0.019813	0.019813
1.780000	0.019780	0.019780
1.790000	0.019747	0.019747
1.800000	0.019715	0.019715
1.810000	0.019682	0.019682
1.820000	0.019650	0.019650
1.830000	0.019617	0.019617
1.840000	0.019584	0.019584
1.850000	0.019552	0.019552
1.860000	0.019519	0.019519
1.870000	0.019487	0.019487
1.880000	0.019454	0.019454
1.890000	0.019422	0.019422
1.900000	0.019390	0.019390
1.910000	0.019357	0.019357
1.920000	0.019325	0.019325
1.930000	0.019293	0.019293
1.940000	0.019260	0.019260
1.950000	0.019228	0.019228
1.960000	0.019196	0.019196
1.970000	0.019163	0.019163
1.980000	0.019131	0.019131
1.990000	0.019099	0.019099
2.000000	0.019067	0.019067
2.010000	0.019035	0.019035
2.020000	0.019003	0.019003
2.030000	0.018971	0.018971
2.040000	0.018939	0.018939
2.050000	0.018907	0.018907
2.060000	0.018875	0.018875
2.070000	0.018843	0.018843
2.080000	0.018811	0.018811
2.090000	0.018779	0.018779
2.100000	0.018747	0.018747
2.110000	0.018715	0.018715
2.120000	0.018683	0.018683
2.130000	0.018652	0.018652
2.140000	0.018620	0.018620
2.150000	0.018588	0.018588
2.160000	0.018556	0.018556
2.170000	0.018525	0.018525
2.180000	0.018493	0.018493
2.190000	0.018462	0.018462
2.200000	0.018430	0.018430
2.210000	0.018398	0.018398
2.220000	0.018367	0.018367
2.230000	0.018335	0.018335
2.240000	0.018304	0.018304
2.250000	0.018273	0.018273
2.260000	0.018241	0.018241
2.270000	0.018210	0.018210
2.280000	0.018178	0.018178
2.290000	0.018147	0.018147
2.300000	0.018116	0.018116
2.310000	0.018085	0.018085
2.320000	0.018053	0.018053
2.330000	0.018022	0.018022
2.340000	0.017991	0.017991
2.350000	0.017960	0.017960
2.360000	0.017929	0.017929
2.370000	0.017898	0.017898
2.380000	0.017867	0.017867
2.390000	0.017835	0.017835
2.400000	0.017804	0.017804
2.410000	0.017774	0.017774
2.420000	0.017743	0.017743
2.430000	0.017712	0.017712
2.440000	0.017681	0.017681
2.450000	0.017650	0.017650
2.460000	0.017619	0.017619
2.470000	0.017588	0.017588
2.480000	0.017558	0.017558
2.490000	0.017527	0.017527
2.500000	0.017496	0.017496
2.510000	0.017466	0.017466
2.520000	0.017435	0.017435
2.530000	0.017404	0.017404
2.540000	0.017374	0.017374
2.550000	0.017343	0.017343
2.560000	0.017313	0.017313
2.570000	0.017282	0.017282
2.580000	0.017252	0.017252
2.590000	0.017221	0.017221
2.600000	0.017191	0.017191
2.610000	0.017161	0.017161
2.620000	0.017130	0.017130
2.630000	0.017100	0.017100
2.640000	0.017070	0.017070
2.650000	0.017040	0.017040
2.660000	0.017009	0.017009
2.670000	0.016979	0.016979
2.680000	0.016949	0.016949
2.690000	0.016919	0.016919
2.700000	0.016889	0.016889
2.710000	0.016859	0.016859
2.720000	0.016829	0.016829
2.730000	0.016799	0.016799
2.740000	0.016769	0.016769
2.750000	0.016739	0.016739
2.760000	0.016709	0.016709
2.770000	0.016679	0.016679
2.780000	0.016650	0.016650
2.790000	0.016620	0.016620
2.800000	0.016590	0.016590
2.810000	0.016560	0.016560
2.820000	0.016531	0.016531
2.830000	0.016501	0.016501
2.840000	0.016471	0.016471
2.850000	0.016442	0.016442
2.860000	0.016412	0.016412
2.870000	0.016383	0.016383
2.880000	0.016353	0.016353
2.890000	0.016324	0.016324
2.900000	0.016294	0.016294
2.910000	0.016265	0.016265
2.920000	0.016236	0.016236
2.930000	0.016206	0.016206
2.940000	0.016177	0.016177
2.950000	0.016148	0.016148
2.960000	0.016119	0.016119
2.970000	0.016089	0.016089
2.980000	0.016060	0.016060
2.990000	0.016031	0.016031
3.000000	0.016002	0.016002
3.010000	0.015973	0.015973
3.020000	0.015944	0.015944
3.030000	0.015915	0.015915
3.040000	0.015886	0.015886
3.050000	0.015857	0.015857
3.060000	0.015828	0.015828
3.070000	0.015799	0.015799
3.080000	0.015771	0.015771
3.090000	0.015742	0.015742
3.100000	0.015713	0.015713
3.110000	0.015684	0.015684
3.120000	0.015656	0.015656
3.130000	0.015627	0.015627
3.140000	0.015598	0.015598
3.150000	0.015570	0.015570
3.160000	0.015541	0.015541
3.170000	0.015513	0.015513
3.180000	0.015484	0.015484
3.190000	0.015456	0.015456
3.200000	0.015427	0.015427
3.210000	0.015399	0.015399
3.220000	0.015371	0.015371
3.230000	0.015342	0.015342
3.240000	0.015314	0.015314
3.250000	0.015286	0.015286
3.260000	0.015258	0.015258
3.270000	0.015229	0.015229
3.280000	0.015201	0.015201
3.290000	0.015173	0.015173
3.300000	0.015145	0.015145
3.310000	0.015117	0.015117
3.320000	0.015089	0.015089
3.330000	0.015061	0.015061
3.340000	0.015033	0.015033
3.350000	0.015005	0.015005
3.360000	0.014977	0.014977
3.370000	0.014950	0.014950
3.380000	0.014922	0.014922
3.390000	0.014894	0.014894
3.400000	0.014866	0.014866
3.410000	0.014839	0.014839
3.420000	0.014811	0.014811
3.430000	0.014783	0.014783
3.440000	0.014756	0.014756
3.450000	0.014728	0.014728
3.460000	0.014701	0.014701
3.470000	0.014673	0.014673
3.480000	0.014646	0.014646
3.490000	0.014618	0.014618
3.500000	0.014591	0.014591
3.510000	0.014564	0.014564
3.520000	0.014536	0.014536
3.530000	0.014509	0.014509
3.540000	0.014482	0.014482
3.550000	0.014455	0.014455
3.560000	0.014427	0.014427
3.570000	0.014400	0.014400
3.580000	0.014373	0.014373
3.590000	0.014346	0.014346
3.600000	0.014319	0.014319
3.610000	0.014292	0.014292
3.620000	0.014265	0.014265
3.630000	0.014238	0.014238
3.640000	0.014211	0.014211
3.650000	0.014185	0.014185
3.660000	0.014158	0.014158
3.670000	0.014131	0.014131
3.680000	0.014104	0.014104
3.690000	0.014078	0.014078
3.700000	0.014051	0.014051
3.710000	0.014024	0.014024
3.720000	0.013998	0.013998
3.730000	0.013971	0.013971
3.740000	0.013945	0.013945
3.750000	0.013918	0.013918
3.760000	0.013892	0.013892
3.770000	0.013865	0.013865
3.780000	0.013839	0.013839
3.790000	0.013812	0.013812
3.800000	0.013786	0.013786
3.810000	0.013760	0.013760
3.820000	0.013734	0.013734
3.830000	0.013707	0.013707
3.840000	0.013681	0.013681
3.850000	0.013655	0.013655
3.860000	0.013629	0.013629
3.870000	0.013603	0.013603
3.880000	0.013577	0.013577
3.890000	0.013551	0.013551
3.900000	0.013525	0.013525
3.910000	0.013499	0.013499
3.920000	0.013473	0.013473
3.930000	0.013447	0.013447
3.940000	0.013422	0.013422
3.950000	0.013396	0.013396
3.960000	0.013370	0.013370
3.970000	0.013344	0.013344
3.980000	0.013319	0.013319
3.990000	0.013293	0.013293
4.000000	0.013267	0.013267
4.010000	0.013242	0.013242
4.020000	0.013216	0.013216
4.030000	0.013191	0.013191
4.040000	0.013165	0.013165
4.050000	0.013140	0.013140
4.060000	0.013115	0.013115
4.070000	0.013089	0.013089
4.080000	0.013064	0.013064
4.090000	0.013039	0.013039
4.100000	0.013014	0.013014
4.110000	0.012988	0.012988
4.120000	0.012963	0.012963
4.130000	0.012938	0.012938
4.140000	0.012913	0.012913
4.150000	0.012888	0.012888
4.160000	0.012863	0.012863
4.170000	0.012838	0.012838
4.180000	0.012813	0.012813
4.190000	0.012788	0.012788
4.200000	0.012763	0.012763
4.210000	0.012738	0.012738
4.220000	0.012714	0.012714
4.230000	0.012689	0.012689
4.240000	0.012664	0.012664
4.250000	0.012639	0.012639
4.260000	0.012615	0.012615
4.270000	0.012590	0.012590
4.280000	0.012566	0.012566
4.290000	0.012541	0.012541
4.300000	0.012517	0.012517
4.310000	0.012492	0.012492
4.320000	0.012468	0.012468
4.330000	0.012443	0.012443
4.340000	0.012419	0.012419
4.350000	0.012395	0.012395
4.360000	0.012370	0.012370
4.370000	0.012346	0.012346
4.380000	0.012322	0.012322
4.390000	0.012298	0.012298
4.400000	0.012273	0.012273
4.410000	0.012249	0.012249
4.420000	0.012225	0.012225
4.430000	0.012201	0.012201
4.440000	0.012177	0.012177
4.450000	0.012153	0.012153
4.460000	0.012129	0.012129
4.470000	0.012105	0.012105
4.480000	0.012082	0.012082
4.490000	0.012058	0.012058
4.500000	0.012034	0.012034
4.510000	0.012010	0.012010
4.520000	0.011987	0.011987
4.530000	0.011963	0.011963
4.540000	0.011939	0.011939
4.550000	0.011916	0.011916
4.560000	0.011892	0.011892
4.570000	0.011869	0.011869
4.580000	0.011845	0.011845
4.590000	0.011822	0.011822
4.600000	0.011798	0.011798
4.610000	0.011775	0.011775
4.620000	0.011752	0.011752
4.630000	0.011728	0.011728
4.640000	0.011705	0.011705
4.650000	0.011682	0.011682
4.660000	0.011659	0.011659
4.670000	0.011635	0.011635
4.680000	0.011612	0.011612
4.690000	0.011589	0.011589
4.700000	0.011566	0.011566
4.710000	0.011543	0.011543
4.720000	0.011520	0.011520
4.730000	0.011497	0.011497
4.740000	0.011474	0.011474
4.750000	0.011451	0.011451
4.760000	0.011429	0.011429
4.770000	0.011406	0.011406
4.780000	0.011383	0.011383
4.790000	0.011360	0.011360
4.800000	0.011338	0.011338
4.810000	0.011315	0.011315
4.820000	0.011292	0.011292
4.830000	0.011270	0.011270
4.840000	0.011247	0.011247
4.850000	0.011225	0.011225
4.860000	0.011202	0.011202
4.870000	0.011180	0.011180
4.880000	0.011157	0.011157
4.890000	0.011135	0.011135
4.900000	0.011113	0.011113
4.910000	0.011090	0.011090
4.920000	0.011068	0.011068
4.930000	0.011046	0.011046
4.940000	0.011024	0.011024
4.950000	0.011002	0.011002
4.960000	0.010980	0.010980
4.970000	0.010957	0.010957
4.980000	0.010935	0.010935
4.990000	0.010913	0.010913
5.000000	0.010891	0.010891
5.010000	0.010870	0.010870
5.020000	0.010848	0.010848
5.030000	0.010826	0.010826
5.040000	0.010804	0.010804
5.050000	0.010782	0.010782
5.060000	0.010760	0.010760
5.070000	0.010739	0.010739
5.080000	0.010717	0.010717
5.090000	0.010695	0.010695
5.100000	0.010674	0.010674
5.110000	0.010652	0.010652
5.120000	0.010631	0.010631
5.130000	0.010609	0.010609
5.140000	0.010588	0.010588
5.150000	0.010566	0.010566
5.160000	0.010545	0.010545
5.170000	0.010524	0.010524
5.180000	0.010502	0.010502
5.190000	0.010481	0.010481
5.200000	0.010460	0.010460
5.210000	0.010438	0.010438
5.220000	0.010417	0.010417
5.230000	0.010396	0.010396
5.240000	0.010375	0.010375
5.250000	0.010354	0.010354
5.260000	0.010333	0.010333
5.270000	0.010312	0.010312
5.280000	0.010291	0.010291
5.290000	0.010270	0.010270
5.300000	0.010249	0.010249
5.310000	0.010228	0.010228
5.320000	0.010207	0.010207
5.330000	0.010187	0.010187
5.340000	0.010166	0.010166
5.350000	0.010145	0.010145
5.360000	0.010125	0.010125
5.370000	0.010104	0.010104
5.380000	0.010083	0.010083
5.390000	0.010063	0.010063
5.400000	0.010042	0.010042
5.410000	0.010022	0.010022
5.420000	0.010001	0.010001
5.430000	0.009981	0.009981
5.440000	0.009960	0.009960
5.450000	0.009940	0.009940
5.460000	0.009920	0.009920
5.470000	0.009899	0.009899
5.480000	0.009879	0.009879
5.490000	0.009859	0.009859
5.500000	0.009839	0.009839
5.510000	0.009819	0.009819
5.520000	0.009798	0.009798
5.530000	0.009778	0.009778
5.540000	0.009758	0.009758
5.550000	0.009738	0.009738
5.560000	0.009718	0.009718
5.570000	0.009698	0.009698
5.580000	0.009679	0.009679
5.590000	0.009659	0.009659
5.600000	0.009639	0.009639
5.610000	0.009619	0.009619
5.620000	0.009599	0.009599
5.630000	0.009580	0.009580
5.640000	0.009560	0.009560
5.650000	0.009540	0.009540
5.660000	0.009521	0.009521
5.670000	0.009501	0.009501
5.680000	0.009481	0.009481
5.690000	0.009462	0.009462
5.700000	0.009442	0.009442
5.710000	0.009423	0.009423
5.720000	0.009404	0.009404
5.730000	0.009384	0.009384
5.740000	0.009365	0.009365
5.750000	0.009346	0.009346
5.760000	0.009326	0.009326
5.770000	0.009307	0.009307
5.780000	0.009288	0.009288
5.790000	0.009269	0.009269
5.800000	0.009249	0.009249
5.810000	0.009230	0.009230
5.820000	0.009211	0.009211
5.830000	0.009192	0.009192
5.840000	0.009173	0.009173
5.850000	0.009154	0.009154
5.860000	0.009135	0.009135
5.870000	0.009116	0.009116
5.880000	0.009098	0.009098
5.890000	0.009079	0.009079
5.900000	0.009060	0.009060
5.910000	0.009041	0.009041
5.920000	0.009022	0.009022
5.930000	0.009004	0.009004
5.940000	0.008985	0.008985
5.950000	0.008966	0.008966
5.960000	0.008948	0.008948
5.970000	0.008929	0.008929
5.980000	0.008911	0.008911
5.990000	0.008892	0.008892
6.000000	0.008874	0.008874
6.010000	0.008855	0.008855
6.020000	0.008837	0.008837
6.030000	0.008819	0.008819
6.040000	0.008800	0.008800
6.050000	0.008782	0.008782
6.060000	0.008764	0.008764
6.070000	0.008746	0.008746
6.080000	0.008727	0.008727
6.090000	0.008709	0.008709
6.100000	0.008691	0.008691
6.110000	0.008673	0.008673
6.120000	0.008655	0.008655
6.130000	0.008637	0.008637
6.140000	0.008619	0.008619
6.150000	0.008601	0.008601
6.160000	0.008583	0.008583
6.170000	0.008565	0.008565
6.180000	0.008547	0.008547
6.190000	0.008530	0.008530
6.200000	0.008512	0.008512
6.210000	0.008494	0.008494
6.220000	0.008476	0.008476
6.230000	0.008459	0.008459
6.240000	0.008441	0.008441
6.250000	0.008423	0.008423
6.260000	0.008406	0.008406
6.270000	0.008388	0.008388
6.280000	0.008371	0.008371
6.290000	0.008353	0.008353
6.300000	0.008336	0.008336
6.310000	0.008318	0.008318
6.320000	0.008301	0.008301
6.330000	0.008283	0.008283
6.340000	0.008266	0.008266
6.350000	0.008249	0.008249
6.360000	0.008232	0.008232
6.370000	0.008214	0.008214
6.380000	0.008197	0.008197
6.390000	0.008180	0.008180
6.400000	0.008163	0.008163
6.410000	0.008146	0.008146
6.420000	0.008129	0.008129
6.430000	0.008112	0.008112
6.440000	0.008095	0.008095
6.450000	0.008078	0.008078
6.460000	0.008061	0.008061
6.470000	0.008044	0.008044
6.480000	0.008027	0.008027
6.490000	0.008010	0.008010
6.500000	0.007993	0.007993
6.510000	0.007977	0.007977
6.520000	0.007960	0.007960
6.530000	0.007943	0.007943
6.540000	0.007926	0.007926
6.550000	0.007910	0.007910
6.560000	0.007893	0.007893
6.570000	0.007877	0.007877
6.580000	0.007860	0.007860
6.590000	0.007844	0.007844
6.600000	0.007827	0.007827
6.610000	0.007811	0.007811
6.620000	0.007794	0.007794
6.630000	0.007778	0.007778
6.640000	0.007761	0.007761
6.650000	0.007745	0.007745
6.660000	0.007729	0.007729
6.670000	0.007713	0.007713
6.680000	0.007696	0.007696
6.690000	0.007680	0.007680
6.700000	0.007664	0.007664
6.710000	0.007648	0.007648
6.720000	0.007632	0.007632
6.730000	0.007616	0.007616
6.740000	0.007600	0.007600
6.750000	0.007584	0.007584
6.760000	0.007568	0.007568
6.770000	0.007552	0.007552
6.780000	0.007536	0.007536
6.790000	0.007520	0.007520
6.800000	0.007504	0.007504
6.810000	0.007488	0.007488
6.820000	0.007472	0.007472
6.830000	0.007457	0.007457
6.840000	0.007441	0.007441
6.850000	0.007425	0.007425
6.860000	0.007410	0.007410
6.870000	0.007394	0.007394
6.880000	0.007378	0.007378
6.890000	0.007363	0.007363
6.900000	0.007347	0.007347
6.910000	0.007332	0.007332
6.920000	0.007316	0.007316
6.930000	0.007301	0.007301
6.940000	0.007285	0.007285
6.950000	0.007270	0.007270
6.960000	0.007255	0.007255
6.970000	0.007239	0.007239
6.980000	0.007224	0.007224
6.990000	0.007209	0.007209
7.000000	0.007193	0.007193
7.010000	0.007178	0.007178
7.020000	0.007163	0.007163
7.030000	0.007148	0.007148
7.040000	0.007133	0.007133
7.050000	0.007118	0.007118
7.060000	0.007103	0.007103
7.070000	0.007088	0.007088
7.080000	0.007073	0.007073
7.090000	0.007058	0.007058
7.100000	0.007043	0.007043
7.110000	0.007028	0.007028
7.120000	0.007013	0.007013
7.130000	0.006998	0.006998
7.140000	0.006983	0.006983
7.150000	0.006968	0.006968
7.160000	0.006954	0.006954
7.170000	0.006939	0.006939
7.180000	0.006924	0.006924
7.190000	0.006909	0.006909
7.200000	0.006895	0.006895
7.210000	0.006880	0.006880
7.220000	0.006866	0.006866
7.230000	0.006851	0.006851
7.240000	0.006837	0.006837
7.250000	0.006822	0.006822
7.260000	0.006808	0.006808
7.270000	0.006793	0.006793
7.280000	0.006779	0.006779
7.290000	0.006764	0.006764
7.300000	0.006750	0.006750
7.310000	0.006736	0.006736
7.320000	0.006721	0.006721
7.330000	0.006707	0.006707
7.340000	0.006693	0.006693
7.350000	0.006679	0.006679
7.360000	0.006665	0.006665
7.370000	0.006650	0.006650
7.380000	0.006636	0.006636
7.390000	0.006622	0.006622
7.400000	0.006608	0.006608
7.410000	0.006594	0.006594
7.420000	0.006580	0.006580
7.430000	0.006566	0.006566
7.440000	0.006552	0.006552
7.450000	0.006538	0.006538
7.460000	0.006524	0.006524
7.470000	0.006511	0.006511
7.480000	0.006497	0.006497
7.490000	0.006483	0.006483
7.500000	0.006469	0.006469
7.510000	0.006455	0.006455
7.520000	0.006442	0.006442
7.530000	0.006428	0.006428
7.540000	0.006414	0.006414
7.550000	0.006401	0.006401
7.560000	0.006387	0.006387
7.570000	0.006373	0.006373
7.580000	0.006360	0.006360
7.590000	0.006346	0.006346
7.600000	0.006333	0.006333
7.610000	0.006319	0.006319
7.620000	0.006306	0.006306
7.630000	0.006293	0.006293
7.640000	0.006279	0.006279
7.650000	0.006266	0.006266
7.660000	0.006253	0.006253
7.670000	0.006239	0.006239
7.680000	0.006226	0.006226
7.690000	0.006213	0.006213
7.700000	0.006199	0.006199
7.710000	0.006186	0.006186
7.720000	0.006173	0.006173
7.730000	0.006160	0.006160
7.740000	0.006147	0.006147
7.750000	0.006134	0.006134
7.760000	0.006121	0.006121
7.770000	0.006108	0.006108
7.780000	0.006095	0.006095
7.790000	0.006082	0.006082
7.800000	0.006069	0.006069
7.810000	0.006056	0.006056
7.820000	0.006043	0.006043
7.830000	0.006030	0.006030
7.840000	0.006017	0.006017
7.850000	0.006004	0.006004
7.860000	0.005992	0.005992
7.870000	0.005979	0.005979
7.880000	0.005966	0.005966
7.890000	0.005954	0.005954
7.900000	0.005941	0.005941
7.910000	0.005928	0.005928
7.920000	0.005916	0.005916
7.930000	0.005903	0.005903
7.940000	0.005890	0.005890
7.950000	0.005878	0.005878
7.960000	0.005865	0.005865
7.970000	0.005853	0.005853
7.980000	0.005840	0.005840
7.990000	0.005828	0.005828
8.000000	0.005816	0.005816
8.010000	0.005803	0.005803
8.020000	0.005791	0.005791
8.030000	0.005778	0.005778
8.040000	0.005766	0.005766
8.050000	0.005754	0.005754
8.060000	0.005742	0.005742
8.070000	0.005729	0.005729
8.080000	0.005717	0.005717
8.090000	0.005705	0.005705
8.100000	0.005693	0.005693
8.110000	0.005681	0.005681
8.120000	0.005669	0.005669
8.130000	0.005657	0.005657
8.140000	0.005644	0.005644
8.150000	0.005632	0.005632
8.160000	0.005620	0.005620
8.170000	0.005609	0.005609
8.180000	0.005597	0.005597
8.190000	0.005585	0.005585
8.200000	0.005573	0.005573
8.210000	0.005561	0.005561
8.220000	0.005549	0.005549
8.230000	0.005537	0.005537
8.240000	0.005525	0.005525
8.250000	0.005514	0.005514
8.260000	0.005502	0.005502
8.270000	0.005490	0.005490
8.280000	0.005478	0.005478
8.290000	0.005467	0.005467
8.300000	0.005455	0.005455
8.310000	0.005444	0.005444
8.320000	0.005432	0.005432
8.330000	0.005420	0.005420
8.340000	0.005409	0.005409
8.350000	0.005397	0.005397
8.360000	0.005386	0.005386
8.370000	0.005374	0.005374
8.380000	0.005363	0.005363
8.390000	0.005351	0.005351
8.400000	0.005340	0.005340
8.410000	0.005329	0.005329
8.420000	0.005317	0.005317
8.430000	0.005306	0.005306
8.440000	0.005295	0.005295
8.450000	0.005283	0.005283
8.460000	0.005272	0.005272
8.470000	0.005261	0.005261
8.480000	0.005250	0.005250
8.490000	0.005239	0.005239
8.500000	0.005227	0.005227
8.510000	0.005216	0.005216
8.520000	0.005205	0.005205
8.530000	0.005194	0.005194
8.540000	0.005183	0.005183
8.550000	0.005172	0.005172
8.560000	0.005161	0.005161
8.570000	0.005150	0.005150
8.580000	0.005139	0.005139
8.590000	0.005128	0.005128
8.600000	0.005117	0.005117
8.610000	0.005106	0.005106
8.620000	0.005095	0.005095
8.630000	0.005085	0.005085
8.640000	0.005074	0.005074
8.650000	0.005063	0.005063
8.660000	0.005052	0.005052
8.670000	0.005041	0.005041
8.680000	0.005031	0.005031
8.690000	0.005020	0.005020
8.700000	0.005009	0.005009
8.710000	0.004999	0.004999
8.720000	0.004988	0.004988
8.730000	0.004977	0.004977
8.740000	0.004967	0.004967
8.750000	0.004956	0.004956
8.760000	0.004946	0.004946
8.770000	0.004935	0.004935
8.780000	0.004925	0.004925
8.790000	0.004914	0.004914
8.800000	0.004904	0.004904
8.810000	0.004893	0.004893
8.820000	0.004883	0.004883
8.830000	0.004873	0.004873
8.840000	0.004862	0.004862
8.850000	0.004852	0.004852
8.860000	0.004842	0.004842
8.870000	0.004831	0.004831
8.880000	0.004821	0.004821
8.890000	0.004811	0.004811
8.900000	0.004801	0.004801
8.910000	0.004790	0.004790
8.920000	0.004780	0.004780
8.930000	0.004770	0.004770
8.940000	0.004760	0.004760
8.950000	0.004750	0.004750
8.960000	0.004740	0.004740
8.970000	0.004730	0.004730
8.980000	0.004720	0.004720
8.990000	0.004710	0.004710
9.000000	0.004699	0.004699
9.010000	0.004690	0.004690
9.020000	0.004680	0.004680
9.030000	0.004670	0.004670
9.040000	0.004660	0.004660
9.050000	0.004650	0.004650
9.060000	0.004640	0.004640
9.070000	0.004630	0.004630
9.080000	0.004620	0.004620
9.090000	0.004610	0.004610
9.100000	0.004601	0.004601
9.110000	0.004591	0.004591
9.120000	0.004581	0.004581
9.130000	0.004571	0.004571
9.140000	0.004562	0.004562
9.150000	0.004552	0.004552
9.160000	0.004542	0.004542
9.170000	0.004533	0.004533
9.180000	0.004523	0.004523
9.190000	0.004514	0.004514
9.200000	0.004504	0.004504
9.210000	0.004494	0.004494
9.220000	0.004485	0.004485
9.230000	0.004475	0.004475
9.240000	0.004466	0.004466
9.250000	0.004456	0.004456
9.260000	0.004447	0.004447
9.270000	0.004438	0.004438
9.280000	0.004428	0.004428
9.290000	0.004419	0.004419
9.300000	0.004409	0.004409
9.310000	0.004400	0.004400
9.320000	0.004391	0.004391
9.330000	0.004381	0.004381
9.340000	0.004372	0.004372
9.350000	0.004363	0.004363
9.360000	0.004354	0.004354
9.370000	0.004344	0.004344
9.380000	0.004335	0.004335
9.390000	0.004326	0.004326
9.400000	0.004317	0.004317
9.410000	0.004308	0.004308
9.420000	0.004299	0.004299
9.430000	0.004290	0.004290
9.440000	0.004281	0.004281
9.450000	0.004271	0.004271
9.460000	0.004262	0.004262
9.470000	0.004253	0.004253
9.480000	0.004244	0.004244
9.490000	0.004235	0.004235
9.500000	0.004227	0.004227
9.510000	0.004218	0.004218
9.520000	0.004209	0.004209
9.530000	0.004200	0.004200
9.540000	0.004191	0.004191
9.550000	0.004182	0.004182
9.560000	0.004173	0.004173
9.570000	0.004164	0.004164
9.580000	0.004156	0.004156
9.590000	0.004147	0.004147
9.600000	0.004138	0.004138
9.610000	0.004129	0.004129
9.620000	0.004121	0.004121
9.630000	0.004112	0.004112
9.640000	0.004103	0.004103
9.650000	0.004095	0.004095
9.660000	0.004086	0.004086
9.670000	0.004077	0.004077
9.680000	0.004069	0.004069
9.690000	0.004060	0.004060
9.700000	0.004052	0.004052
9.710000	0.004043	0.004043
9.720000	0.004034	0.004034
9.730000	0.004026	0.004026
9.740000	0.004017	0.004017
9.750000	0.004009	0.004009
9.760000	0.004001	0.004001
9.770000	0.003992	0.003992
9.780000	0.003984	0.003984
9.790000	0.003975	0.003975
9.800000	0.003967	0.003967
9.810000	0.003959	0.003959
9.820000	0.003950	0.003950
9.830000	0.003942	0.003942
9.840000	0.003934	0.003934
9.850000	0.003925	0.003925
9.860000	0.003917	0.003917
9.870000	0.003909	0.003909
9.880000	0.003901	0.003901
9.890000	0.003892	0.003892
9.900000	0.003884	0.003884
9.910000	0.003876	0.003876
9.920000	0.003868	0.003868
9.930000	0.003860	0.003860
9.940000	0.003852	0.003852
9.950000	0.003844	0.003844
9.960000	0.003836	0.003836
9.970000	0.003827	0.003827
9.980000	0.003819	0.003819
9.990000	0.003811	0.003811
10.000000	0.003803	0.003803
