-5.000000	0.000000	0.000000	0.000000
-4.960784	0.000000	0.000000	0.000000
-4.921568	0.000000	0.000000	0.000000
-4.882353	0.000000	0.000000	0.000000
-4.843137	0.000000	0.000000	0.000000
-4.803922	0.000000	0.000000	0.000000
-4.764706	0.000000	0.000000	0.000000
-4.725490	0.000000	0.000000	0.000000
-4.686275	0.000000	0.000000	0.000000
-4.647059	0.000000	0.000000	0.000000
-4.607843	0.000000	0.000000	0.000000
-4.568627	0.000000	0.000000	0.000000
-4.529412	0.000000	0.000000	0.000000
-4.490196	0.000000	0.000000	0.000000
-4.450980	0.000000	0.000000	0.000000
-4.411765	0.000000	0.000000	0.000000
-4.372549	0.000000	0.000000	0.000000
-4.333333	0.000000	0.000000	0.000000
-4.294117	0.000000	0.000000	0.000000
-4.254902	0.000000	0.000000	0.000000
-4.215686	0.000000	0.000000	0.000000
-4.176471	0.000000	0.000000	0.000000
-4.137255	0.000000	0.000000	0.000000
-4.098039	0.000000	0.000000	0.000000
-4.058824	0.000000	0.000000	0.000000
-4.019608	0.000000	0.000001	0.000000
-3.980392	0.000000	0.000001	0.000000
-3.941176	0.000000	0.000001	0.000000
-3.901961	0.000001	0.000001	0.000000
-3.862745	0.000001	0.000001	0.000000
-3.823529	0.000001	0.000001	0.000000
-3.784314	0.000001	0.000001	0.000000
-3.745098	0.000001	0.000001	0.000001
-3.705882	0.000001	0.000001	0.000001
-3.666667	0.000001	0.000001	0.000001
-3.627451	0.000001	0.000001	0.000002
-3.588235	0.000002	0.000002	0.000002
-3.549020	0.000002	0.000002	0.000003
-3.509804	0.000003	0.000003	0.000004
-3.470588	0.000005	0.000004	0.000006
-3.431373	0.000007	0.000006	0.000008
-3.392157	0.000010	0.000009	0.000010
-3.352941	0.000014	0.000014	0.000014
-3.313725	0.000019	0.000019	0.000018
-3.274510	0.000025	0.000027	0.000024
-3.235294	0.000033	0.000037	0.000031
-3.196078	0.000044	0.000049	0.000041
-3.156863	0.000057	0.000064	0.000054
-3.117647	0.000072	0.000082	0.000070
-3.078431	0.000092	0.000104	0.000091
-3.039216	0.000116	0.000131	0.000117
-3.000000	0.000146	0.000162	0.000151
-2.960784	0.000182	0.000200	0.000194
-2.921569	0.000228	0.000247	0.000249
-2.882353	0.000284	0.000303	0.000318
-2.843137	0.000355	0.000372	0.000406
-2.803921	0.000444	0.000457	0.000517
-2.764706	0.000554	0.000564	0.000656
-2.725490	0.000692	0.000696	0.000830
-2.686275	0.000864	0.000861	0.001048
-2.647059	0.001078	0.001066	0.001320
-2.607843	0.001342	0.001320	0.001657
-2.568627	0.001667	0.001633	0.002075
-2.529412	0.002064	0.002016	0.002590
-2.490196	0.002546	0.002483	0.003225
-2.450980	0.003130	0.003046	0.004004
-2.411765	0.003833	0.003720	0.004957
-2.372549	0.004674	0.004522	0.006120
-2.333333	0.005675	0.005470	0.007535
-2.294117	0.006864	0.006583	0.009251
-2.254902	0.008268	0.007884	0.011324
-2.215686	0.009924	0.009397	0.013823
-2.176471	0.011869	0.011153	0.016824
-2.137255	0.014149	0.013184	0.020415
-2.098039	0.016815	0.015529	0.024700
-2.058823	0.019925	0.018232	0.029793
-2.019608	0.023543	0.021346	0.035829
-1.980392	0.027742	0.024926	0.042956
-1.941176	0.032602	0.029036	0.051343
-1.901961	0.038206	0.033746	0.061177
-1.862745	0.044644	0.039127	0.072667
-1.823529	0.052011	0.045256	0.086041
-1.784314	0.060400	0.052206	0.101545
-1.745098	0.069904	0.060052	0.119445
-1.705882	0.080611	0.068860	0.140015
-1.666667	0.092601	0.078689	0.163538
-1.627451	0.105939	0.089583	0.190288
-1.588235	0.120675	0.101576	0.220527
-1.549020	0.136837	0.114681	0.254478
-1.509804	0.154424	0.128894	0.292312
-1.470588	0.173406	0.144192	0.334120
-1.431372	0.193711	0.160531	0.379891
-1.392157	0.215231	0.177844	0.429478
-1.352941	0.237806	0.196047	0.482577
-1.313725	0.261229	0.215034	0.538695
-1.274510	0.285241	0.234677	0.597138
-1.235294	0.309526	0.254825	0.656998
-1.196078	0.333717	0.275302	0.717149
-1.156862	0.357396	0.295906	0.776274
-1.117647	0.380102	0.316402	0.832884
-1.078431	0.401339	0.336523	0.885379
-1.039216	0.420590	0.355965	0.932105
-1.000000	0.437336	0.374392	0.971440
-0.960784	0.451074	0.391433	1.001879
-0.921568	0.461341	0.406696	1.022124
-0.882353	0.467742	0.419773	1.031178
-0.843137	0.469969	0.430262	1.028415
-0.803921	0.467829	0.437785	1.013639
-0.764706	0.461263	0.442010	0.987115
-0.725490	0.450353	0.442685	0.949567
-0.686275	0.435337	0.439655	0.902151
-0.647058	0.416594	0.432890	0.846390
-0.607843	0.394641	0.422496	0.784090
-0.568627	0.370104	0.408730	0.717232
-0.529412	0.343693	0.391989	0.647859
-0.490196	0.316161	0.372800	0.577960
-0.450980	0.288273	0.351793	0.509368
-0.411765	0.260764	0.329669	0.443671
-0.372549	0.234304	0.307157	0.382151
-0.333333	0.209477	0.284974	0.325751
-0.294117	0.186759	0.263790	0.275073
-0.254902	0.166511	0.244197	0.230389
-0.215686	0.148984	0.226685	0.191685
-0.176470	0.134327	0.211641	0.158712
-0.137255	0.122612	0.199347	0.131052
-0.098039	0.113855	0.189996	0.108169
-0.058824	0.108039	0.183708	0.089470
-0.019608	0.105139	0.180550	0.074350
0.019608	0.105139	0.180550	0.062227
0.058824	0.108039	0.183708	0.052567
0.098040	0.113855	0.189996	0.044895
0.137255	0.122613	0.199347	0.038806
0.176471	0.134327	0.211641	0.033956
0.215686	0.148984	0.226685	0.030064
0.254902	0.166511	0.244197	0.026901
0.294118	0.186759	0.263791	0.024286
0.333333	0.209477	0.284974	0.022076
0.372549	0.234304	0.307157	0.020160
0.411765	0.260764	0.329669	0.018458
0.450981	0.288274	0.351793	0.016909
0.490196	0.316162	0.372800	0.015475
0.529412	0.343693	0.391989	0.014131
0.568628	0.370105	0.408730	0.012863
0.607843	0.394641	0.422496	0.011667
0.647059	0.416594	0.432890	0.010542
0.686275	0.435337	0.439655	0.009492
0.725491	0.450354	0.442685	0.008518
0.764706	0.461263	0.442010	0.007624
0.803922	0.467829	0.437784	0.006809
0.843137	0.469969	0.430262	0.006074
0.882353	0.467742	0.419773	0.005413
0.921569	0.461341	0.406696	0.004822
0.960784	0.451074	0.391433	0.004295
1.000000	0.437336	0.374392	0.003825
1.039216	0.420590	0.355965	0.003406
1.078432	0.401339	0.336522	0.003030
1.117647	0.380102	0.316402	0.002692
1.156863	0.357396	0.295906	0.002387
1.196079	0.333717	0.275302	0.002111
1.235294	0.309526	0.254825	0.001860
1.274510	0.285241	0.234677	0.001632
1.313726	0.261229	0.215034	0.001425
1.352942	0.237806	0.196047	0.001238
1.392157	0.215230	0.177844	0.001070
1.431373	0.193711	0.160530	0.000920
1.470589	0.173405	0.144192	0.000788
1.509804	0.154424	0.128894	0.000672
1.549020	0.136837	0.114681	0.000571
1.588235	0.120675	0.101576	0.000485
1.627451	0.105939	0.089583	0.000411
1.666667	0.092601	0.078689	0.000349
1.705883	0.080611	0.068860	0.000296
1.745098	0.069904	0.060052	0.000252
1.784314	0.060400	0.052206	0.000214
1.823530	0.052011	0.045256	0.000183
1.862745	0.044644	0.039127	0.000156
1.901961	0.038206	0.033746	0.000133
1.941177	0.032602	0.029036	0.000114
1.980392	0.027742	0.024926	0.000096
2.019608	0.023543	0.021346	0.000081
2.058824	0.019925	0.018232	0.000068
2.098040	0.016815	0.015529	0.000057
2.137255	0.014149	0.013184	0.000047
2.176471	0.011869	0.011153	0.000038
2.215686	0.009924	0.009397	0.000031
2.254902	0.008268	0.007884	0.000024
2.294118	0.006864	0.006583	0.000019
2.333333	0.005675	0.005470	0.000015
2.372549	0.004674	0.004522	0.000012
2.411765	0.003833	0.003720	0.000009
2.450981	0.003130	0.003046	0.000007
2.490196	0.002546	0.002483	0.000006
2.529412	0.002064	0.002016	0.000005
2.568628	0.001667	0.001633	0.000004
2.607843	0.001342	0.001320	0.000003
2.647059	0.001078	0.001066	0.000003
2.686275	0.000864	0.000861	0.000002
2.725491	0.000692	0.000696	0.000002
2.764706	0.000554	0.000564	0.000002
2.803922	0.000444	0.000457	0.000001
2.843138	0.000355	0.000372	0.000001
2.882353	0.000284	0.000303	0.000001
2.921569	0.000228	0.000247	0.000001
2.960784	0.000182	0.000200	0.000001
3.000000	0.000146	0.000162	0.000000
3.039216	0.000116	0.000131	0.000000
3.078432	0.000092	0.000104	0.000000
3.117647	0.000072	0.000082	0.000000
3.156863	0.000057	0.000064	0.000000
3.196078	0.000044	0.000049	0.000000
3.235294	0.000033	0.000037	0.000000
3.274510	0.000025	0.000027	0.000000
3.313725	0.000019	0.000019	0.000000
3.352942	0.000014	0.000014	0.000000
3.392158	0.000010	0.000009	0.000000
3.431373	0.000007	0.000006	0.000000
3.470589	0.000005	0.000004	0.000000
3.509804	0.000003	0.000003	0.000000
3.549020	0.000002	0.000002	0.000000
3.588236	0.000002	0.000002	0.000000
3.627451	0.000001	0.000001	0.000000
3.666667	0.000001	0.000001	0.000000
3.705883	0.000001	0.000001	0.000000
3.745098	0.000001	0.000001	0.000000
3.784314	0.000001	0.000001	0.000000
3.823530	0.000001	0.000001	0.000000
3.862745	0.000001	0.000001	0.000000
3.901961	0.000001	0.000001	0.000000
3.941176	0.000000	0.000001	0.000000
3.980392	0.000000	0.000001	0.000000
4.019608	0.000000	0.000001	0.000000
4.058824	0.000000	0.000000	0.000000
4.098040	0.000000	0.000000	0.000000
4.137256	0.000000	0.000000	0.000000
4.176471	0.000000	0.000000	0.000000
4.215687	0.000000	0.000000	0.000000
4.254902	0.000000	0.000000	0.000000
4.294118	0.000000	0.000000	0.000000
4.333334	0.000000	0.000000	0.000000
4.372549	0.000000	0.000000	0.000000
4.411765	0.000000	0.000000	0.000000
4.450981	0.000000	0.000000	0.000000
4.490196	0.000000	0.000000	0.000000
4.529412	0.000000	0.000000	0.000000
4.568627	0.000000	0.000000	0.000000
4.607843	0.000000	0.000000	0.000000
4.647059	0.000000	0.000000	0.000000
4.686275	0.000000	0.000000	0.000000
4.725491	0.000000	0.000000	0.000000
4.764707	0.000000	0.000000	0.000000
4.803922	0.000000	0.000000	0.000000
4.843138	0.000000	0.000000	0.000000
4.882353	0.000000	0.000000	0.000000
4.921569	0.000000	0.000000	0.000000
4.960785	0.000000	0.000000	0.000000
5.000000	0.000000	0.000000	0.000000
