# x	potential	default	random
-3.000000	4.500000	1.486138	1.398300
-2.990000	4.470050	1.486172	1.398367
-2.980000	4.440200	1.486209	1.398437
-2.970000	4.410450	1.486247	1.398511
-2.960000	4.380800	1.486287	1.398588
-2.950000	4.351250	1.486329	1.398670
-2.940000	4.321800	1.486373	1.398756
-2.930000	4.292450	1.486420	1.398847
-2.920000	4.263200	1.486469	1.398942
-2.910000	4.234050	1.486520	1.399043
-2.900000	4.205000	1.486575	1.399149
-2.890000	4.176050	1.486632	1.399261
-2.880000	4.147200	1.486692	1.399379
-2.870000	4.118450	1.486756	1.399504
-2.860000	4.089800	1.486822	1.399635
-2.850000	4.061250	1.486893	1.399773
-2.840000	4.032800	1.486967	1.399918
-2.830000	4.004450	1.487045	1.400072
-2.820000	3.976200	1.487128	1.400233
-2.810000	3.948050	1.487214	1.400403
-2.800000	3.920000	1.487306	1.400583
-2.790000	3.892050	1.487402	1.400771
-2.780000	3.864200	1.487504	1.400970
-2.770000	3.836450	1.487611	1.401179
-2.760000	3.808800	1.487723	1.401399
-2.750000	3.781250	1.487842	1.401630
-2.740000	3.753800	1.487966	1.401874
-2.730000	3.726450	1.488098	1.402130
-2.720000	3.699200	1.488236	1.402399
-2.710000	3.672050	1.488381	1.402682
-2.700000	3.645000	1.488534	1.402979
-2.690000	3.618050	1.488695	1.403291
-2.680000	3.591200	1.488864	1.403618
-2.670000	3.564450	1.489041	1.403962
-2.660000	3.537800	1.489228	1.404322
-2.650000	3.511250	1.489424	1.404700
-2.640000	3.484800	1.489629	1.405097
-2.630000	3.458450	1.489845	1.405512
-2.620000	3.432200	1.490071	1.405947
-2.610000	3.406050	1.490308	1.406402
-2.600000	3.380000	1.490556	1.406879
-2.590000	3.354050	1.490816	1.407377
-2.580000	3.328200	1.491089	1.407899
-2.570000	3.302450	1.491374	1.408443
-2.560000	3.276800	1.491672	1.409013
-2.550000	3.251250	1.491984	1.409607
-2.540000	3.225800	1.492310	1.410227
-2.530000	3.200450	1.492650	1.410874
-2.520000	3.175200	1.493006	1.411549
-2.510000	3.150050	1.493377	1.412253
-2.500000	3.125000	1.493763	1.412986
-2.490000	3.100050	1.494167	1.413749
-2.480000	3.075200	1.494587	1.414543
-2.470000	3.050450	1.495024	1.415370
-2.460000	3.025800	1.495480	1.416229
-2.450000	3.001250	1.495953	1.417122
-2.440000	2.976800	1.496446	1.418050
-2.430000	2.952450	1.496958	1.419013
-2.420000	2.928200	1.497489	1.420013
-2.410000	2.904050	1.498041	1.421051
-2.400000	2.880000	1.498613	1.422126
-2.390000	2.856050	1.499207	1.423241
-2.380000	2.832200	1.499822	1.424396
-2.370000	2.808450	1.500459	1.425592
-2.360000	2.784800	1.501119	1.426829
-2.350000	2.761250	1.501802	1.428110
-2.340000	2.737800	1.502508	1.429433
-2.330000	2.714450	1.503237	1.430801
-2.320000	2.691200	1.503991	1.432215
-2.310000	2.668050	1.504769	1.433674
-2.300000	2.645000	1.505572	1.435180
-2.290000	2.622050	1.506400	1.436734
-2.280000	2.599200	1.507254	1.438336
-2.270000	2.576450	1.508134	1.439987
-2.260000	2.553800	1.509040	1.441689
-2.250000	2.531250	1.509973	1.443441
-2.240000	2.508800	1.510932	1.445244
-2.230000	2.486450	1.511919	1.447100
-2.220000	2.464200	1.512932	1.449009
-2.210000	2.442050	1.513974	1.450972
-2.200000	2.420000	1.515043	1.452989
-2.190000	2.398050	1.516141	1.455061
-2.180000	2.376200	1.517267	1.457189
-2.170000	2.354450	1.518421	1.459374
-2.160000	2.332800	1.519604	1.461615
-2.150000	2.311250	1.520816	1.463914
-2.140000	2.289800	1.522057	1.466272
-2.130000	2.268450	1.523327	1.468689
-2.120000	2.247200	1.524627	1.471165
-2.110000	2.226050	1.525956	1.473701
-2.100000	2.205000	1.527315	1.476298
-2.090000	2.184050	1.528703	1.478957
-2.080000	2.163200	1.530121	1.481677
-2.070000	2.142450	1.531569	1.484460
-2.060000	2.121800	1.533047	1.487305
-2.050000	2.101250	1.534556	1.490215
-2.040000	2.080800	1.536094	1.493188
-2.030000	2.060450	1.537663	1.496226
-2.020000	2.040200	1.539262	1.499329
-2.010000	2.020050	1.540891	1.502498
-2.000000	2.000000	1.542551	1.505733
-1.990000	1.980050	1.544241	1.509035
-1.980000	1.960200	1.545962	1.512404
-1.970000	1.940450	1.547714	1.515840
-1.960000	1.920800	1.549496	1.519344
-1.950000	1.901250	1.551310	1.522917
-1.940000	1.881800	1.553154	1.526560
-1.930000	1.862450	1.555030	1.530271
-1.920000	1.843200	1.556936	1.534053
-1.910000	1.824050	1.558874	1.537905
-1.900000	1.805000	1.560843	1.541828
-1.890000	1.786050	1.562844	1.545822
-1.880000	1.767200	1.564876	1.549889
-1.870000	1.748450	1.566940	1.554027
-1.860000	1.729800	1.569036	1.558238
-1.850000	1.711250	1.571164	1.562522
-1.840000	1.692800	1.573324	1.566879
-1.830000	1.674450	1.575517	1.571310
-1.820000	1.656200	1.577742	1.575815
-1.810000	1.638050	1.580000	1.580395
-1.800000	1.620000	1.582290	1.585049
-1.790000	1.602050	1.584615	1.589779
-1.780000	1.584200	1.586972	1.594584
-1.770000	1.566450	1.589363	1.599464
-1.760000	1.548800	1.591788	1.604420
-1.750000	1.531250	1.594247	1.609452
-1.740000	1.513800	1.596740	1.614559
-1.730000	1.496450	1.599268	1.619743
-1.720000	1.479200	1.601830	1.625003
-1.710000	1.462050	1.604428	1.630339
-1.700000	1.445000	1.607060	1.635752
-1.690000	1.428050	1.609729	1.641240
-1.680000	1.411200	1.612433	1.646803
-1.670000	1.394450	1.615173	1.652443
-1.660000	1.377800	1.617949	1.658157
-1.650000	1.361250	1.620761	1.663946
-1.640000	1.344800	1.623610	1.669809
-1.630000	1.328450	1.626495	1.675746
-1.620000	1.312200	1.629417	1.681755
-1.610000	1.296050	1.632376	1.687837
-1.600000	1.280000	1.635372	1.693990
-1.590000	1.264050	1.638405	1.700213
-1.580000	1.248200	1.641475	1.706506
-1.570000	1.232450	1.644582	1.712866
-1.560000	1.216800	1.647726	1.719292
-1.550000	1.201250	1.650906	1.725784
-1.540000	1.185800	1.654124	1.732339
-1.530000	1.170450	1.657377	1.738956
-1.520000	1.155200	1.660667	1.745632
-1.510000	1.140050	1.663993	1.752365
-1.500000	1.125000	1.667353	1.759154
-1.490000	1.110050	1.670749	1.765996
-1.480000	1.095200	1.674179	1.772888
-1.470000	1.080450	1.677643	1.779827
-1.460000	1.065800	1.681140	1.786811
-1.450000	1.051250	1.684669	1.793836
-1.440000	1.036800	1.688230	1.800899
-1.430000	1.022450	1.691821	1.807997
-1.420000	1.008200	1.695441	1.815125
-1.410000	0.994050	1.699089	1.822280
-1.400000	0.980000	1.702765	1.829458
-1.390000	0.966050	1.706465	1.836654
-1.380000	0.952200	1.710190	1.843864
-1.370000	0.938450	1.713937	1.851083
-1.360000	0.924800	1.717705	1.858306
-1.350000	0.911250	1.721492	1.865528
-1.340000	0.897800	1.725295	1.872743
-1.330000	0.884450	1.729113	1.879947
-1.320000	0.871200	1.732944	1.887133
-1.310000	0.858050	1.736786	1.894295
-1.300000	0.845000	1.740635	1.901427
-1.290000	0.832050	1.744489	1.908523
-1.280000	0.819200	1.748346	1.915576
-1.270000	0.806450	1.752203	1.922580
-1.260000	0.793800	1.756056	1.929528
-1.250000	0.781250	1.759904	1.936413
-1.240000	0.768800	1.763741	1.943227
-1.230000	0.756450	1.767566	1.949963
-1.220000	0.744200	1.771375	1.956614
-1.210000	0.732050	1.775164	1.963172
-1.200000	0.720000	1.778930	1.969630
-1.190000	0.708050	1.782668	1.975979
-1.180000	0.696200	1.786376	1.982212
-1.170000	0.684450	1.790048	1.988321
-1.160000	0.672800	1.793682	1.994298
-1.150000	0.661250	1.797273	2.000135
-1.140000	0.649800	1.800816	2.005824
-1.130000	0.638450	1.804308	2.011357
-1.120000	0.627201	1.807744	2.016725
-1.110000	0.616051	1.811119	2.021922
-1.100000	0.605001	1.814431	2.026938
-1.090000	0.594051	1.817673	2.031766
-1.080000	0.583202	1.820842	2.036399
-1.070000	0.572452	1.823932	2.040828
-1.060000	0.561803	1.826941	2.045046
-1.050000	0.551254	1.829863	2.049046
-1.040000	0.540805	1.832693	2.052820
-1.030000	0.530457	1.835428	2.056362
-1.020000	0.520209	1.838063	2.059665
-1.010000	0.510062	1.840594	2.062722
-1.000000	0.500015	1.843017	2.065526
-0.990000	0.490069	1.845327	2.068073
-0.980000	0.480224	1.847521	2.070356
-0.970000	0.470481	1.849594	2.072369
-0.960000	0.460840	1.851543	2.074109
-0.950000	0.451300	1.853365	2.075569
-0.940000	0.441864	1.855056	2.076747
-0.930000	0.432530	1.856612	2.077637
-0.920000	0.423301	1.858030	2.078237
-0.910000	0.414177	1.859309	2.078542
-0.900000	0.405160	1.860444	2.078552
-0.890000	0.396250	1.861433	2.078263
-0.880000	0.387449	1.862275	2.077674
-0.870000	0.378760	1.862967	2.076784
-0.860000	0.370185	1.863507	2.075591
-0.850000	0.361727	1.863894	2.074096
-0.840000	0.353389	1.864126	2.072299
-0.830000	0.345176	1.864203	2.070200
-0.820000	0.337093	1.864124	2.067801
-0.810000	0.329144	1.863888	2.065104
-0.800000	0.321338	1.863496	2.062111
-0.790000	0.313683	1.862947	2.058824
-0.780000	0.306187	1.862242	2.055248
-0.770000	0.298861	1.861381	2.051386
-0.760000	0.291719	1.860367	2.047242
-0.750000	0.284776	1.859199	2.042821
-0.740000	0.278048	1.857881	2.038128
-0.730000	0.271555	1.856413	2.033170
-0.720000	0.265319	1.854798	2.027953
-0.710000	0.259367	1.853038	2.022482
-0.700000	0.253727	1.851138	2.016767
-0.690000	0.248433	1.849098	2.010813
-0.680000	0.243522	1.846924	2.004629
-0.670000	0.239037	1.844619	1.998223
-0.660000	0.235026	1.842186	1.991605
-0.650000	0.231540	1.839630	1.984783
-0.640000	0.228641	1.836955	1.977766
-0.630000	0.226393	1.834166	1.970564
-0.620000	0.224868	1.831268	1.963188
-0.610000	0.224148	1.828266	1.955647
-0.600000	0.224318	1.825165	1.947951
-0.590000	0.225476	1.821971	1.940112
-0.580000	0.227725	1.818689	1.932140
-0.570000	0.231178	1.815325	1.924045
-0.560000	0.235955	1.811885	1.915840
-0.550000	0.242186	1.808374	1.907534
-0.540000	0.250009	1.804800	1.899140
-0.530000	0.259572	1.801168	1.890667
-0.520000	0.271030	1.797484	1.882128
-0.510000	0.284543	1.793755	1.873533
-0.500000	0.300283	1.789986	1.864894
-0.490000	0.318424	1.786185	1.856221
-0.480000	0.339145	1.782358	1.847524
-0.470000	0.362632	1.778511	1.838816
-0.460000	0.389070	1.774649	1.830106
-0.450000	0.418647	1.770781	1.821404
-0.440000	0.451546	1.766910	1.812720
-0.430000	0.487950	1.763045	1.804066
-0.420000	0.528036	1.759190	1.795449
-0.410000	0.571970	1.755352	1.786879
-0.400000	0.619910	1.751536	1.778365
-0.390000	0.671997	1.747748	1.769917
-0.380000	0.728358	1.743993	1.761542
-0.370000	0.789099	1.740278	1.753248
-0.360000	0.854302	1.736606	1.745043
-0.350000	0.924023	1.732984	1.736935
-0.340000	0.998291	1.729416	1.728929
-0.330000	1.077099	1.725906	1.721034
-0.320000	1.160408	1.722460	1.713254
-0.310000	1.248140	1.719081	1.705597
-0.300000	1.340176	1.715774	1.698066
-0.290000	1.436356	1.712543	1.690667
-0.280000	1.536475	1.709392	1.683405
-0.270000	1.640283	1.706323	1.676284
-0.260000	1.747486	1.703341	1.669308
-0.250000	1.857741	1.700449	1.662479
-0.240000	1.970661	1.697650	1.655802
-0.230000	2.085813	1.694946	1.649278
-0.220000	2.202722	1.692341	1.642910
-0.210000	2.320871	1.689836	1.636700
-0.200000	2.439707	1.687435	1.630650
-0.190000	2.558641	1.685139	1.624760
-0.180000	2.677052	1.682950	1.619031
-0.170000	2.794299	1.680870	1.613465
-0.160000	2.909716	1.678901	1.608061
-0.150000	3.022624	1.677045	1.602819
-0.140000	3.132339	1.675302	1.597740
-0.130000	3.238174	1.673674	1.592821
-0.120000	3.339446	1.672163	1.588064
-0.110000	3.435489	1.670769	1.583465
-0.100000	3.525653	1.669494	1.579025
-0.090000	3.609320	1.668337	1.574742
-0.080000	3.685901	1.667300	1.570614
-0.070000	3.754853	1.666384	1.566639
-0.060000	3.815678	1.665589	1.562815
-0.050000	3.867931	1.664916	1.559140
-0.040000	3.911227	1.664364	1.555612
-0.030000	3.945243	1.663935	1.552228
-0.020000	3.969725	1.663628	1.548986
-0.010000	3.984489	1.663444	1.545882
-0.000000	3.989423	1.663382	1.542916
0.010000	3.984489	1.663444	1.540082
0.020000	3.969725	1.663628	1.537380
0.030000	3.945243	1.663935	1.534805
0.040000	3.911227	1.664364	1.532355
0.050000	3.867931	1.664916	1.530026
0.060000	3.815678	1.665589	1.527817
0.070000	3.754853	1.666384	1.525723
0.080000	3.685901	1.667300	1.523742
0.090000	3.609320	1.668337	1.521871
0.100000	3.525653	1.669494	1.520106
0.110000	3.435489	1.670769	1.518444
0.120000	3.339446	1.672163	1.516883
0.130000	3.238174	1.673674	1.515419
0.140000	3.132339	1.675302	1.514049
0.150000	3.022624	1.677045	1.512771
0.160000	2.909716	1.678901	1.511581
0.170000	2.794299	1.680870	1.510476
0.180000	2.677052	1.682950	1.509453
0.190000	2.558641	1.685139	1.508509
0.200000	2.439707	1.687435	1.507642
0.210000	2.320871	1.689836	1.506848
0.220000	2.202722	1.692341	1.506124
0.230000	2.085813	1.694946	1.505468
0.240000	1.970661	1.697650	1.504876
0.250000	1.857741	1.700449	1.504346
0.260000	1.747486	1.703341	1.503875
0.270000	1.640283	1.706323	1.503460
0.280000	1.536475	1.709392	1.503099
0.290000	1.436356	1.712543	1.502787
0.300000	1.340176	1.715774	1.502524
0.310000	1.248140	1.719081	1.502305
0.320000	1.160408	1.722460	1.502128
0.330000	1.077099	1.725906	1.501991
0.340000	0.998291	1.729416	1.501890
0.350000	0.924023	1.732984	1.501822
0.360000	0.854302	1.736606	1.501786
0.370000	0.789099	1.740278	1.501778
0.380000	0.728358	1.743993	1.501796
0.390000	0.671997	1.747748	1.501837
0.400000	0.619910	1.751536	1.501898
0.410000	0.571970	1.755352	1.501977
0.420000	0.528036	1.759190	1.502071
0.430000	0.487950	1.763045	1.502178
0.440000	0.451546	1.766910	1.502294
0.450000	0.418647	1.770781	1.502418
0.460000	0.389070	1.774649	1.502547
0.470000	0.362632	1.778511	1.502678
0.480000	0.339145	1.782358	1.502810
0.490000	0.318424	1.786185	1.502939
0.500000	0.300283	1.789986	1.503063
0.510000	0.284543	1.793755	1.503181
0.520000	0.271030	1.797484	1.503290
0.530000	0.259572	1.801168	1.503388
0.540000	0.250009	1.804800	1.503472
0.550000	0.242186	1.808374	1.503542
0.560000	0.235955	1.811885	1.503594
0.570000	0.231178	1.815325	1.503627
0.580000	0.227725	1.818689	1.503640
0.590000	0.225476	1.821971	1.503631
0.600000	0.224318	1.825165	1.503597
0.610000	0.224148	1.828266	1.503538
0.620000	0.224868	1.831268	1.503453
0.630000	0.226393	1.834166	1.503339
0.640000	0.228641	1.836955	1.503196
0.650000	0.231540	1.839630	1.503023
0.660000	0.235026	1.842186	1.502819
0.670000	0.239037	1.844619	1.502583
0.680000	0.243522	1.846924	1.502314
0.690000	0.248433	1.849098	1.502011
0.700000	0.253727	1.851138	1.501674
0.710000	0.259367	1.853038	1.501303
0.720000	0.265319	1.854798	1.500897
0.730000	0.271555	1.856413	1.500456
0.740000	0.278048	1.857881	1.499981
0.750000	0.284776	1.859199	1.499470
0.760000	0.291719	1.860367	1.498924
0.770000	0.298861	1.861381	1.498343
0.780000	0.306187	1.862242	1.497729
0.790000	0.313683	1.862947	1.497080
0.800000	0.321338	1.863496	1.496397
0.810000	0.329144	1.863888	1.495682
0.820000	0.337093	1.864124	1.494935
0.830000	0.345176	1.864203	1.494156
0.840000	0.353389	1.864126	1.493346
0.850000	0.361727	1.863894	1.492507
0.860000	0.370185	1.863507	1.491639
0.870000	0.378760	1.862967	1.490744
0.880000	0.387449	1.862275	1.489822
0.890000	0.396250	1.861433	1.488874
0.900000	0.405160	1.860444	1.487903
0.910000	0.414177	1.859309	1.486908
0.920000	0.423301	1.858030	1.485892
0.930000	0.432530	1.856612	1.484855
0.940000	0.441864	1.855056	1.483800
0.950000	0.451300	1.853365	1.482727
0.960000	0.460840	1.851543	1.481637
0.970000	0.470481	1.849594	1.480533
0.980000	0.480224	1.847521	1.479415
0.990000	0.490069	1.845327	1.478285
1.000000	0.500015	1.843017	1.477145
1.010000	0.510062	1.840594	1.475995
1.020000	0.520209	1.838063	1.474838
1.030000	0.530457	1.835428	1.473674
1.040000	0.540805	1.832693	1.472504
1.050000	0.551254	1.829863	1.471331
1.060000	0.561803	1.826941	1.470156
1.070000	0.572452	1.823932	1.468979
1.080000	0.583202	1.820842	1.467802
1.090000	0.594051	1.817673	1.466626
1.100000	0.605001	1.814431	1.465453
1.110000	0.616051	1.811119	1.464283
1.120000	0.627201	1.807744	1.463117
1.130000	0.638450	1.804308	1.461957
1.140000	0.649800	1.800816	1.460803
1.150000	0.661250	1.797273	1.459657
1.160000	0.672800	1.793682	1.458520
1.170000	0.684450	1.790048	1.457391
1.180000	0.696200	1.786376	1.456273
1.190000	0.708050	1.782668	1.455165
1.200000	0.720000	1.778930	1.454068
1.210000	0.732050	1.775164	1.452984
1.220000	0.744200	1.771375	1.451912
1.230000	0.756450	1.767566	1.450853
1.240000	0.768800	1.763741	1.449808
1.250000	0.781250	1.759904	1.448777
1.260000	0.793800	1.756056	1.447761
1.270000	0.806450	1.752203	1.446759
1.280000	0.819200	1.748346	1.445773
1.290000	0.832050	1.744489	1.444801
1.300000	0.845000	1.740635	1.443846
1.310000	0.858050	1.736786	1.442906
1.320000	0.871200	1.732944	1.441982
1.330000	0.884450	1.729113	1.441074
1.340000	0.897800	1.725295	1.440182
1.350000	0.911250	1.721492	1.439307
1.360000	0.924800	1.717705	1.438447
1.370000	0.938450	1.713937	1.437603
1.380000	0.952200	1.710190	1.436775
1.390000	0.966050	1.706465	1.435963
1.400000	0.980000	1.702765	1.435167
1.410000	0.994050	1.699089	1.434386
1.420000	1.008200	1.695441	1.433621
1.430000	1.022450	1.691821	1.432871
1.440000	1.036800	1.688230	1.432136
1.450000	1.051250	1.684669	1.431415
1.460000	1.065800	1.681140	1.430709
1.470000	1.080450	1.677643	1.430017
1.480000	1.095200	1.674179	1.429340
1.490000	1.110050	1.670749	1.428676
1.500000	1.125000	1.667353	1.428025
1.510000	1.140050	1.663993	1.427387
1.520000	1.155200	1.660667	1.426762
1.530000	1.170450	1.657377	1.426150
1.540000	1.185800	1.654124	1.425550
1.550000	1.201250	1.650906	1.424961
1.560000	1.216800	1.647726	1.424384
1.570000	1.232450	1.644582	1.423818
1.580000	1.248200	1.641475	1.423263
1.590000	1.264050	1.638405	1.422719
1.600000	1.280000	1.635372	1.422185
1.610000	1.296050	1.632376	1.421660
1.620000	1.312200	1.629417	1.421145
1.630000	1.328450	1.626495	1.420640
1.640000	1.344800	1.623610	1.420143
1.650000	1.361250	1.620761	1.419655
1.660000	1.377800	1.617949	1.419175
1.670000	1.394450	1.615173	1.418704
1.680000	1.411200	1.612433	1.418240
1.690000	1.428050	1.609729	1.417784
1.700000	1.445000	1.607060	1.417335
1.710000	1.462050	1.604428	1.416894
1.720000	1.479200	1.601830	1.416459
1.730000	1.496450	1.599268	1.416031
1.740000	1.513800	1.596740	1.415609
1.750000	1.531250	1.594247	1.415193
1.760000	1.548800	1.591788	1.414784
1.770000	1.566450	1.589363	1.414380
1.780000	1.584200	1.586972	1.413982
1.790000	1.602050	1.584615	1.413590
1.800000	1.620000	1.582290	1.413203
1.810000	1.638050	1.580000	1.412821
1.820000	1.656200	1.577742	1.412445
1.830000	1.674450	1.575517	1.412073
1.840000	1.692800	1.573324	1.411707
1.850000	1.711250	1.571164	1.411345
1.860000	1.729800	1.569036	1.410989
1.870000	1.748450	1.566940	1.410637
1.880000	1.767200	1.564876	1.410289
1.890000	1.786050	1.562844	1.409947
1.900000	1.805000	1.560843	1.409609
1.910000	1.824050	1.558874	1.409275
1.920000	1.843200	1.556936	1.408946
1.930000	1.862450	1.555030	1.408622
1.940000	1.881800	1.553154	1.408302
1.950000	1.901250	1.551310	1.407987
1.960000	1.920800	1.549496	1.407676
1.970000	1.940450	1.547714	1.407370
1.980000	1.960200	1.545962	1.407068
1.990000	1.980050	1.544241	1.406771
2.000000	2.000000	1.542551	1.406479
2.010000	2.020050	1.540891	1.406191
2.020000	2.040200	1.539262	1.405908
2.030000	2.060450	1.537663	1.405630
2.040000	2.080800	1.536094	1.405356
2.050000	2.101250	1.534556	1.405088
2.060000	2.121800	1.533047	1.404824
2.070000	2.142450	1.531569	1.404565
2.080000	2.163200	1.530121	1.404311
2.090000	2.184050	1.528703	1.404062
2.100000	2.205000	1.527315	1.403817
2.110000	2.226050	1.525956	1.403578
2.120000	2.247200	1.524627	1.403344
2.130000	2.268450	1.523327	1.403115
2.140000	2.289800	1.522057	1.402891
2.150000	2.311250	1.520816	1.402672
2.160000	2.332800	1.519604	1.402458
2.170000	2.354450	1.518421	1.402250
2.180000	2.376200	1.517267	1.402046
2.190000	2.398050	1.516141	1.401848
2.200000	2.420000	1.515043	1.401655
2.210000	2.442050	1.513974	1.401467
2.220000	2.464200	1.512932	1.401284
2.230000	2.486450	1.511919	1.401106
2.240000	2.508800	1.510932	1.400933
2.250000	2.531250	1.509973	1.400766
2.260000	2.553800	1.509040	1.400603
2.270000	2.576450	1.508134	1.400446
2.280000	2.599200	1.507254	1.400293
2.290000	2.622050	1.506400	1.400145
2.300000	2.645000	1.505572	1.400003
2.310000	2.668050	1.504769	1.399865
2.320000	2.691200	1.503991	1.399731
2.330000	2.714450	1.503237	1.399603
2.340000	2.737800	1.502508	1.399479
2.350000	2.761250	1.501802	1.399359
2.360000	2.784800	1.501119	1.399245
2.370000	2.808450	1.500459	1.399134
2.380000	2.832200	1.499822	1.399028
2.390000	2.856050	1.499207	1.398926
2.400000	2.880000	1.498613	1.398828
2.410000	2.904050	1.498041	1.398734
2.420000	2.928200	1.497489	1.398644
2.430000	2.952450	1.496958	1.398557
2.440000	2.976800	1.496446	1.398475
2.450000	3.001250	1.495953	1.398396
2.460000	3.025800	1.495480	1.398321
2.470000	3.050450	1.495024	1.398249
2.480000	3.075200	1.494587	1.398180
2.490000	3.100050	1.494167	1.398114
2.500000	3.125000	1.493763	1.398052
2.510000	3.150050	1.493377	1.397993
2.520000	3.175200	1.493006	1.397936
2.530000	3.200450	1.492650	1.397882
2.540000	3.225800	1.492310	1.397831
2.550000	3.251250	1.491984	1.397783
2.560000	3.276800	1.491672	1.397737
2.570000	3.302450	1.491374	1.397693
2.580000	3.328200	1.491089	1.397652
2.590000	3.354050	1.490816	1.397613
2.600000	3.380000	1.490556	1.397576
2.610000	3.406050	1.490308	1.397541
2.620000	3.432200	1.490071	1.397507
2.630000	3.458450	1.489845	1.397476
2.640000	3.484800	1.489629	1.397446
2.650000	3.511250	1.489424	1.397418
2.660000	3.537800	1.489228	1.397392
2.670000	3.564450	1.489041	1.397367
2.680000	3.591200	1.488864	1.397344
2.690000	3.618050	1.488695	1.397321
2.700000	3.645000	1.488534	1.397301
2.710000	3.672050	1.488381	1.397281
2.720000	3.699200	1.488236	1.397262
2.730000	3.726450	1.488098	1.397245
2.740000	3.753800	1.487966	1.397228
2.750000	3.781250	1.487842	1.397213
2.760000	3.808800	1.487723	1.397198
2.770000	3.836450	1.487611	1.397185
2.780000	3.864200	1.487504	1.397172
2.790000	3.892050	1.487402	1.397159
2.800000	3.920000	1.487306	1.397148
2.810000	3.948050	1.487214	1.397137
2.820000	3.976200	1.487128	1.397127
2.830000	4.004450	1.487045	1.397117
2.840000	4.032800	1.486967	1.397108
2.850000	4.061250	1.486893	1.397100
2.860000	4.089800	1.486822	1.397092
2.870000	4.118450	1.486756	1.397084
2.880000	4.147200	1.486692	1.397077
2.890000	4.176050	1.486632	1.397070
2.900000	4.205000	1.486575	1.397064
2.910000	4.234050	1.486520	1.397058
2.920000	4.263200	1.486469	1.397052
2.930000	4.292450	1.486420	1.397047
2.940000	4.321800	1.486373	1.397042
2.950000	4.351250	1.486329	1.397037
2.960000	4.380800	1.486287	1.397032
2.970000	4.410450	1.486247	1.397028
2.980000	4.440200	1.486209	1.397024
2.990000	4.470050	1.486172	1.397019
3.000000	4.500000	1.486138	1.397016
