-10.000000	0.015958	0.015958
-9.990000	0.016000	0.016000
-9.980000	0.016043	0.016043
-9.970000	0.016086	0.016086
-9.960000	0.016129	0.016129
-9.950000	0.016172	0.016172
-9.940000	0.016215	0.016215
-9.930000	0.016259	0.016259
-9.920000	0.016302	0.016302
-9.910000	0.016345	0.016345
-9.900000	0.016389	0.016389
-9.890000	0.016432	0.016432
-9.880000	0.016476	0.016476
-9.870000	0.016520	0.016520
-9.860000	0.016564	0.016564
-9.850000	0.016608	0.016608
-9.840000	0.016652	0.016652
-9.830000	0.016696	0.016696
-9.820000	0.016740	0.016740
-9.810000	0.016784	0.016784
-9.800000	0.016828	0.016828
-9.790000	0.016873	0.016873
-9.780000	0.016917	0.016917
-9.770000	0.016962	0.016962
-9.760000	0.017007	0.017007
-9.750000	0.017051	0.017051
-9.740000	0.017096	0.017096
-9.730000	0.017141	0.017141
-9.720000	0.017186	0.017186
-9.710000	0.017231	0.017231
-9.700000	0.017276	0.017276
-9.690000	0.017322	0.017322
-9.680000	0.017367	0.017367
-9.670000	0.017412	0.017412
-9.660000	0.017458	0.017458
-9.650000	0.017503	0.017503
-9.640000	0.017549	0.017549
-9.630000	0.017595	0.017595
-9.620000	0.017641	0.017641
-9.610000	0.017686	0.017686
-9.600000	0.017732	0.017732
-9.590000	0.017778	0.017778
-9.580000	0.017825	0.017825
-9.570000	0.017871	0.017871
-9.560000	0.017917	0.017917
-9.550000	0.017964	0.017964
-9.540000	0.018010	0.018010
-9.530000	0.018057	0.018057
-9.520000	0.018103	0.018103
-9.510000	0.018150	0.018150
-9.500000	0.018197	0.018197
-9.490000	0.018244	0.018244
-9.480000	0.018291	0.018291
-9.470000	0.018338	0.018338
-9.460000	0.018385	0.018385
-9.450000	0.018432	0.018432
-9.440000	0.018480	0.018480
-9.430000	0.018527	0.018527
-9.420000	0.018574	0.018574
-9.410000	0.018622	0.018622
-9.400000	0.018670	0.018670
-9.390000	0.018717	0.018717
-9.380000	0.018765	0.018765
-9.370000	0.018813	0.018813
-9.360000	0.018861	0.018861
-9.350000	0.018909	0.018909
-9.340000	0.018957	0.018957
-9.330000	0.019005	0.019005
-9.320000	0.019054	0.019054
-9.310000	0.019102	0.019102
-9.300000	0.019151	0.019151
-9.290000	0.019199	0.019199
-9.280000	0.019248	0.019248
-9.270000	0.019297	0.019297
-9.260000	0.019345	0.019345
-9.250000	0.019394	0.019394
-9.240000	0.019443	0.019443
-9.230000	0.019492	0.019492
-9.220000	0.019541	0.019541
-9.210000	0.019591	0.019591
-9.200000	0.019640	0.019640
-9.190000	0.019689	0.019689
-9.180000	0.019739	0.019739
-9.170000	0.019788	0.019788
-9.160000	0.019838	0.019838
-9.150000	0.019888	0.019888
-9.140000	0.019938	0.019938
-9.130000	0.019987	0.019987
-9.120000	0.020037	0.020037
-9.110000	0.020087	0.020087
-9.100000	0.020138	0.020138
-9.090000	0.020188	0.020188
-9.080000	0.020238	0.020238
-9.070000	0.020288	0.020288
-9.060000	0.020339	0.020339
-9.050000	0.020389	0.020389
-9.040000	0.020440	0.020440
-9.030000	0.020491	0.020491
-9.020000	0.020542	0.020542
-9.010000	0.020592	0.020592
-9.000000	0.020643	0.020643
-8.990000	0.020694	0.020694
-8.980000	0.020746	0.020746
-8.970000	0.020797	0.020797
-8.960000	0.020848	0.020848
-8.950000	0.020899	0.020899
-8.940000	0.020951	0.020951
-8.930000	0.021002	0.021002
-8.920000	0.021054	0.021054
-8.910000	0.021106	0.021106
-8.900000	0.021158	0.021158
-8.890000	0.021209	0.021209
-8.880000	0.021261	0.021261
-8.870000	0.021313	0.021313
-8.860000	0.021365	0.021365
-8.850000	0.021418	0.021418
-8.840000	0.021470	0.021470
-8.830000	0.021522	0.021522
-8.820000	0.021575	0.021575
-8.810000	0.021627	0.021627
-8.800000	0.021680	0.021680
-8.790000	0.021732	0.021732
-8.780000	0.021785	0.021785
-8.770000	0.021838	0.021838
-8.760000	0.021891	0.021891
-8.750000	0.021944	0.021944
-8.740000	0.021997	0.021997
-8.730000	0.022050	0.022050
-8.720000	0.022103	0.022103
-8.710000	0.022157	0.022157
-8.700000	0.022210	0.022210
-8.690000	0.022264	0.022264
-8.680000	0.022317	0.022317
-8.670000	0.022371	0.022371
-8.660000	0.022425	0.022425
-8.650000	0.022478	0.022478
-8.640000	0.022532	0.022532
-8.630000	0.022586	0.022586
-8.620000	0.022640	0.022640
-8.610000	0.022694	0.022694
-8.600000	0.022749	0.022749
-8.590000	0.022803	0.022803
-8.580000	0.022857	0.022857
-8.570000	0.022912	0.022912
-8.560000	0.022966	0.022966
-8.550000	0.023021	0.023021
-8.540000	0.023076	0.023076
-8.530000	0.023130	0.023130
-8.520000	0.023185	0.023185
-8.510000	0.023240	0.023240
-8.500000	0.023295	0.023295
-8.490000	0.023350	0.023350
-8.480000	0.023405	0.023405
-8.470000	0.023461	0.023461
-8.460000	0.023516	0.023516
-8.450000	0.023571	0.023571
-8.440000	0.023627	0.023627
-8.430000	0.023682	0.023682
-8.420000	0.023738	0.023738
-8.410000	0.023794	0.023794
-8.400000	0.023850	0.023850
-8.390000	0.023906	0.023906
-8.380000	0.023961	0.023961
-8.370000	0.024018	0.024018
-8.360000	0.024074	0.024074
-8.350000	0.024130	0.024130
-8.340000	0.024186	0.024186
-8.330000	0.024242	0.024242
-8.320000	0.024299	0.024299
-8.310000	0.024355	0.024355
-8.300000	0.024412	0.024412
-8.290000	0.024469	0.024469
-8.280000	0.024525	0.024525
-8.270000	0.024582	0.024582
-8.260000	0.024639	0.024639
-8.250000	0.024696	0.024696
-8.240000	0.024753	0.024753
-8.230000	0.024810	0.024810
-8.220000	0.024867	0.024867
-8.210000	0.024925	0.024925
-8.200000	0.024982	0.024982
-8.190000	0.025039	0.025039
-8.180000	0.025097	0.025097
-8.170000	0.025155	0.025155
-8.160000	0.025212	0.025212
-8.150000	0.025270	0.025270
-8.140000	0.025328	0.025328
-8.130000	0.025386	0.025386
-8.120000	0.025444	0.025444
-8.110000	0.025502	0.025502
-8.100000	0.025560	0.025560
-8.090000	0.025618	0.025618
-8.080000	0.025676	0.025676
-8.070000	0.025735	0.025735
-8.060000	0.025793	0.025793
-8.050000	0.025851	0.025851
-8.040000	0.025910	0.025910
-8.030000	0.025969	0.025969
-8.020000	0.026027	0.026027
-8.010000	0.026086	0.026086
-8.000000	0.026145	0.026145
-7.990000	0.026204	0.026204
-7.980000	0.026263	0.026263
-7.970000	0.026322	0.026322
-7.960000	0.026381	0.026381
-7.950000	0.026440	0.026440
-7.940000	0.026500	0.026500
-7.930000	0.026559	0.026559
-7.920000	0.026619	0.026619
-7.910000	0.026678	0.026678
-7.900000	0.026738	0.026738
-7.890000	0.026797	0.026797
-7.880000	0.026857	0.026857
-7.870000	0.026917	0.026917
-7.860000	0.026977	0.026977
-7.850000	0.027037	0.027037
-7.840000	0.027097	0.027097
-7.830000	0.027157	0.027157
-7.820000	0.027217	0.027217
-7.810000	0.027277	0.027277
-7.800000	0.027338	0.027338
-7.790000	0.027398	0.027398
-7.780000	0.027458	0.027458
-7.770000	0.027519	0.027519
-7.760000	0.027580	0.027580
-7.750000	0.027640	0.027640
-7.740000	0.027701	0.027701
-7.730000	0.027762	0.027762
-7.720000	0.027823	0.027823
-7.710000	0.027884	0.027884
-7.700000	0.027945	0.027945
-7.690000	0.028006	0.028006
-7.680000	0.028067	0.028067
-7.670000	0.028128	0.028128
-7.660000	0.028190	0.028190
-7.650000	0.028251	0.028251
-7.640000	0.028312	0.028312
-7.630000	0.028374	0.028374
-7.620000	0.028435	0.028435
-7.610000	0.028497	0.028497
-7.600000	0.028559	0.028559
-7.590000	0.028621	0.028621
-7.580000	0.028682	0.028682
-7.570000	0.028744	0.028744
-7.560000	0.028806	0.028806
-7.550000	0.028868	0.028868
-7.540000	0.028930	0.028930
-7.530000	0.028993	0.028993
-7.520000	0.029055	0.029055
-7.510000	0.029117	0.029117
-7.500000	0.029180	0.029180
-7.490000	0.029242	0.029242
-7.480000	0.029305	0.029305
-7.470000	0.029367	0.029367
-7.460000	0.029430	0.029430
-7.450000	0.029493	0.029493
-7.440000	0.029555	0.029555
-7.430000	0.029618	0.029618
-7.420000	0.029681	0.029681
-7.410000	0.029744	0.029744
-7.400000	0.029807	0.029807
-7.390000	0.029870	0.029870
-7.380000	0.029933	0.029933
-7.370000	0.029997	0.029997
-7.360000	0.030060	0.030060
-7.350000	0.030123	0.030123
-7.340000	0.030187	0.030187
-7.330000	0.030250	0.030250
-7.320000	0.030314	0.030314
-7.310000	0.030377	0.030377
-7.300000	0.030441	0.030441
-7.290000	0.030505	0.030505
-7.280000	0.030569	0.030569
-7.270000	0.030633	0.030633
-7.260000	0.030696	0.030696
-7.250000	0.030760	0.030760
-7.240000	0.030824	0.030824
-7.230000	0.030889	0.030889
-7.220000	0.030953	0.030953
-7.210000	0.031017	0.031017
-7.200000	0.031081	0.031081
-7.190000	0.031146	0.031146
-7.180000	0.031210	0.031210
-7.170000	0.031274	0.031274
-7.160000	0.031339	0.031339
-7.150000	0.031404	0.031404
-7.140000	0.031468	0.031468
-7.130000	0.031533	0.031533
-7.120000	0.031598	0.031598
-7.110000	0.031663	0.031663
-7.100000	0.031727	0.031727
-7.090000	0.031792	0.031792
-7.080000	0.031857	0.031857
-7.070000	0.031922	0.031922
-7.060000	0.031988	0.031988
-7.050000	0.032053	0.032053
-7.040000	0.032118	0.032118
-7.030000	0.032183	0.032183
-7.020000	0.032249	0.032249
-7.010000	0.032314	0.032314
-7.000000	0.032379	0.032379
-6.990000	0.032445	0.032445
-6.980000	0.032510	0.032510
-6.970000	0.032576	0.032576
-6.960000	0.032642	0.032642
-6.950000	0.032707	0.032707
-6.940000	0.032773	0.032773
-6.930000	0.032839	0.032839
-6.920000	0.032905	0.032905
-6.910000	0.032971	0.032971
-6.900000	0.033037	0.033037
-6.890000	0.033103	0.033103
-6.880000	0.033169	0.033169
-6.870000	0.033235	0.033235
-6.860000	0.033301	0.033301
-6.850000	0.033368	0.033368
-6.840000	0.033434	0.033434
-6.830000	0.033500	0.033500
-6.820000	0.033567	0.033567
-6.810000	0.033633	0.033633
-6.800000	0.033700	0.033700
-6.790000	0.033766	0.033766
-6.780000	0.033833	0.033833
-6.770000	0.033900	0.033900
-6.760000	0.033966	0.033966
-6.750000	0.034033	0.034033
-6.740000	0.034100	0.034100
-6.730000	0.034167	0.034167
-6.720000	0.034234	0.034234
-6.710000	0.034301	0.034301
-6.700000	0.034368	0.034368
-6.690000	0.034435	0.034435
-6.680000	0.034502	0.034502
-6.670000	0.034569	0.034569
-6.660000	0.034636	0.034636
-6.650000	0.034703	0.034703
-6.640000	0.034771	0.034771
-6.630000	0.034838	0.034838
-6.620000	0.034905	0.034905
-6.610000	0.034973	0.034973
-6.600000	0.035040	0.035040
-6.590000	0.035108	0.035108
-6.580000	0.035175	0.035175
-6.570000	0.035243	0.035243
-6.560000	0.035310	0.035310
-6.550000	0.035378	0.035378
-6.540000	0.035446	0.035446
-6.530000	0.035514	0.035514
-6.520000	0.035581	0.035581
-6.510000	0.035649	0.035649
-6.500000	0.035717	0.035717
-6.490000	0.035785	0.035785
-6.480000	0.035853	0.035853
-6.470000	0.035921	0.035921
-6.460000	0.035989	0.035989
-6.450000	0.036057	0.036057
-6.440000	0.036125	0.036125
-6.430000	0.036194	0.036194
-6.420000	0.036262	0.036262
-6.410000	0.036330	0.036330
-6.400000	0.036398	0.036398
-6.390000	0.036467	0.036467
-6.380000	0.036535	0.036535
-6.370000	0.036603	0.036603
-6.360000	0.036672	0.036672
-6.350000	0.036740	0.036740
-6.340000	0.036809	0.036809
-6.330000	0.036877	0.036877
-6.320000	0.036946	0.036946
-6.310000	0.037015	0.037015
-6.300000	0.037083	0.037083
-6.290000	0.037152	0.037152
-6.280000	0.037221	0.037221
-6.270000	0.037290	0.037290
-6.260000	0.037358	0.037358
-6.250000	0.037427	0.037427
-6.240000	0.037496	0.037496
-6.230000	0.037565	0.037565
-6.220000	0.037634	0.037634
-6.210000	0.037703	0.037703
-6.200000	0.037772	0.037772
-6.190000	0.037841	0.037841
-6.180000	0.037910	0.037910
-6.170000	0.037979	0.037979
-6.160000	0.038048	0.038048
-6.150000	0.038117	0.038117
-6.140000	0.038187	0.038187
-6.130000	0.038256	0.038256
-6.120000	0.038325	0.038325
-6.110000	0.038394	0.038394
-6.100000	0.038464	0.038464
-6.090000	0.038533	0.038533
-6.080000	0.038602	0.038602
-6.070000	0.038672	0.038672
-6.060000	0.038741	0.038741
-6.050000	0.038810	0.038810
-6.040000	0.038880	0.038880
-6.030000	0.038949	0.038949
-6.020000	0.039019	0.039019
-6.010000	0.039088	0.039088
-6.000000	0.039158	0.039158
-5.990000	0.039228	0.039228
-5.980000	0.039297	0.039297
-5.970000	0.039367	0.039367
-5.960000	0.039437	0.039437
-5.950000	0.039506	0.039506
-5.940000	0.039576	0.039576
-5.930000	0.039646	0.039646
-5.920000	0.039715	0.039715
-5.910000	0.039785	0.039785
-5.900000	0.039855	0.039855
-5.890000	0.039925	0.039925
-5.880000	0.039995	0.039995
-5.870000	0.040064	0.040064
-5.860000	0.040134	0.040134
-5.850000	0.040204	0.040204
-5.840000	0.040274	0.040274
-5.830000	0.040344	0.040344
-5.820000	0.040414	0.040414
-5.810000	0.040484	0.040484
-5.800000	0.040554	0.040554
-5.790000	0.040624	0.040624
-5.780000	0.040694	0.040694
-5.770000	0.040764	0.040764
-5.760000	0.040834	0.040834
-5.750000	0.040904	0.040904
-5.740000	0.040974	0.040974
-5.730000	0.041044	0.041044
-5.720000	0.041114	0.041114
-5.710000	0.041185	0.041185
-5.700000	0.041255	0.041255
-5.690000	0.041325	0.041325
-5.680000	0.041395	0.041395
-5.670000	0.041465	0.041465
-5.660000	0.041535	0.041535
-5.650000	0.041606	0.041606
-5.640000	0.041676	0.041676
-5.630000	0.041746	0.041746
-5.620000	0.041816	0.041816
-5.610000	0.041886	0.041886
-5.600000	0.041957	0.041957
-5.590000	0.042027	0.042027
-5.580000	0.042097	0.042097
-5.570000	0.042167	0.042167
-5.560000	0.042238	0.042238
-5.550000	0.042308	0.042308
-5.540000	0.042378	0.042378
-5.530000	0.042449	0.042449
-5.520000	0.042519	0.042519
-5.510000	0.042589	0.042589
-5.500000	0.042660	0.042660
-5.490000	0.042730	0.042730
-5.480000	0.042800	0.042800
-5.470000	0.042870	0.042870
-5.460000	0.042941	0.042941
-5.450000	0.043011	0.043011
-5.440000	0.043081	0.043081
-5.430000	0.043152	0.043152
-5.420000	0.043222	0.043222
-5.410000	0.043292	0.043292
-5.400000	0.043363	0.043363
-5.390000	0.043433	0.043433
-5.380000	0.043503	0.043503
-5.370000	0.043574	0.043574
-5.360000	0.043644	0.043644
-5.350000	0.043714	0.043714
-5.340000	0.043785	0.043785
-5.330000	0.043855	0.043855
-5.320000	0.043925	0.043925
-5.310000	0.043996	0.043996
-5.300000	0.044066	0.044066
-5.290000	0.044136	0.044136
-5.280000	0.044207	0.044207
-5.270000	0.044277	0.044277
-5.260000	0.044347	0.044347
-5.250000	0.044418	0.044418
-5.240000	0.044488	0.044488
-5.230000	0.044558	0.044558
-5.220000	0.044628	0.044628
-5.210000	0.044699	0.044699
-5.200000	0.044769	0.044769
-5.190000	0.044839	0.044839
-5.180000	0.044909	0.044909
-5.170000	0.044980	0.044980
-5.160000	0.045050	0.045050
-5.150000	0.045120	0.045120
-5.140000	0.045190	0.045190
-5.130000	0.045260	0.045260
-5.120000	0.045331	0.045331
-5.110000	0.045401	0.045401
-5.100000	0.045471	0.045471
-5.090000	0.045541	0.045541
-5.080000	0.045611	0.045611
-5.070000	0.045681	0.045681
-5.060000	0.045751	0.045751
-5.050000	0.045821	0.045821
-5.040000	0.045891	0.045891
-5.030000	0.045961	0.045961
-5.020000	0.046031	0.046031
-5.010000	0.046101	0.046101
-5.000000	0.046171	0.046171
-4.990000	0.046241	0.046241
-4.980000	0.046311	0.046311
-4.970000	0.046381	0.046381
-4.960000	0.046451	0.046451
-4.950000	0.046521	0.046521
-4.940000	0.046591	0.046591
-4.930000	0.046661	0.046661
-4.920000	0.046731	0.046731
-4.910000	0.046800	0.046800
-4.900000	0.046870	0.046870
-4.890000	0.046940	0.046940
-4.880000	0.047010	0.047010
-4.870000	0.047079	0.047079
-4.860000	0.047149	0.047149
-4.850000	0.047219	0.047219
-4.840000	0.047288	0.047288
-4.830000	0.047358	0.047358
-4.820000	0.047427	0.047427
-4.810000	0.047497	0.047497
-4.800000	0.047566	0.047566
-4.790000	0.047636	0.047636
-4.780000	0.047705	0.047705
-4.770000	0.047775	0.047775
-4.760000	0.047844	0.047844
-4.750000	0.047914	0.047914
-4.740000	0.047983	0.047983
-4.730000	0.048052	0.048052
-4.720000	0.048122	0.048122
-4.710000	0.048191	0.048191
-4.700000	0.048260	0.048260
-4.690000	0.048329	0.048329
-4.680000	0.048398	0.048398
-4.670000	0.048467	0.048467
-4.660000	0.048537	0.048537
-4.650000	0.048606	0.048606
-4.640000	0.048675	0.048675
-4.630000	0.048744	0.048744
-4.620000	0.048813	0.048813
-4.610000	0.048881	0.048881
-4.600000	0.048950	0.048950
-4.590000	0.049019	0.049019
-4.580000	0.049088	0.049088
-4.570000	0.049157	0.049157
-4.560000	0.049225	0.049225
-4.550000	0.049294	0.049294
-4.540000	0.049363	0.049363
-4.530000	0.049431	0.049431
-4.520000	0.049500	0.049500
-4.510000	0.049568	0.049568
-4.500000	0.049637	0.049637
-4.490000	0.049705	0.049705
-4.480000	0.049773	0.049773
-4.470000	0.049842	0.049842
-4.460000	0.049910	0.049910
-4.450000	0.049978	0.049978
-4.440000	0.050046	0.050046
-4.430000	0.050115	0.050115
-4.420000	0.050183	0.050183
-4.410000	0.050251	0.050251
-4.400000	0.050319	0.050319
-4.390000	0.050387	0.050387
-4.380000	0.050455	0.050455
-4.370000	0.050522	0.050522
-4.360000	0.050590	0.050590
-4.350000	0.050658	0.050658
-4.340000	0.050726	0.050726
-4.330000	0.050793	0.050793
-4.320000	0.050861	0.050861
-4.310000	0.050928	0.050928
-4.300000	0.050996	0.050996
-4.290000	0.051063	0.051063
-4.280000	0.051131	0.051131
-4.270000	0.051198	0.051198
-4.260000	0.051265	0.051265
-4.250000	0.051332	0.051332
-4.240000	0.051400	0.051400
-4.230000	0.051467	0.051467
-4.220000	0.051534	0.051534
-4.210000	0.051601	0.051601
-4.200000	0.051668	0.051668
-4.190000	0.051734	0.051734
-4.180000	0.051801	0.051801
-4.170000	0.051868	0.051868
-4.160000	0.051935	0.051935
-4.150000	0.052001	0.052001
-4.140000	0.052068	0.052068
-4.130000	0.052134	0.052134
-4.120000	0.052201	0.052201
-4.110000	0.052267	0.052267
-4.100000	0.052333	0.052333
-4.090000	0.052400	0.052400
-4.080000	0.052466	0.052466
-4.070000	0.052532	0.052532
-4.060000	0.052598	0.052598
-4.050000	0.052664	0.052664
-4.040000	0.052730	0.052730
-4.030000	0.052796	0.052796
-4.020000	0.052861	0.052861
-4.010000	0.052927	0.052927
-4.000000	0.052993	0.052993
-3.990000	0.053058	0.053058
-3.980000	0.053124	0.053124
-3.970000	0.053189	0.053189
-3.960000	0.053255	0.053255
-3.950000	0.053320	0.053320
-3.940000	0.053385	0.053385
-3.930000	0.053450	0.053450
-3.920000	0.053515	0.053515
-3.910000	0.053580	0.053580
-3.900000	0.053645	0.053645
-3.890000	0.053710	0.053710
-3.880000	0.053775	0.053775
-3.870000	0.053839	0.053839
-3.860000	0.053904	0.053904
-3.850000	0.053968	0.053968
-3.840000	0.054033	0.054033
-3.830000	0.054097	0.054097
-3.820000	0.054161	0.054161
-3.810000	0.054226	0.054226
-3.800000	0.054290	0.054290
-3.790000	0.054354	0.054354
-3.780000	0.054418	0.054418
-3.770000	0.054482	0.054482
-3.760000	0.054545	0.054545
-3.750000	0.054609	0.054609
-3.740000	0.054673	0.054673
-3.730000	0.054736	0.054736
-3.720000	0.054800	0.054800
-3.710000	0.054863	0.054863
-3.700000	0.054926	0.054926
-3.690000	0.054990	0.054990
-3.680000	0.055053	0.055053
-3.670000	0.055116	0.055116
-3.660000	0.055179	0.055179
-3.650000	0.055241	0.055241
-3.640000	0.055304	0.055304
-3.630000	0.055367	0.055367
-3.620000	0.055429	0.055429
-3.610000	0.055492	0.055492
-3.600000	0.055554	0.055554
-3.590000	0.055617	0.055617
-3.580000	0.055679	0.055679
-3.570000	0.055741	0.055741
-3.560000	0.055803	0.055803
-3.550000	0.055865	0.055865
-3.540000	0.055927	0.055927
-3.530000	0.055988	0.055988
-3.520000	0.056050	0.056050
-3.510000	0.056112	0.056112
-3.500000	0.056173	0.056173
-3.490000	0.056234	0.056234
-3.480000	0.056296	0.056296
-3.470000	0.056357	0.056357
-3.460000	0.056418	0.056418
-3.450000	0.056479	0.056479
-3.440000	0.056540	0.056540
-3.430000	0.056600	0.056600
-3.420000	0.056661	0.056661
-3.410000	0.056721	0.056721
-3.400000	0.056782	0.056782
-3.390000	0.056842	0.056842
-3.380000	0.056902	0.056902
-3.370000	0.056963	0.056963
-3.360000	0.057023	0.057023
-3.350000	0.057082	0.057082
-3.340000	0.057142	0.057142
-3.330000	0.057202	0.057202
-3.320000	0.057262	0.057262
-3.310000	0.057321	0.057321
-3.300000	0.057380	0.057380
-3.290000	0.057440	0.057440
-3.280000	0.057499	0.057499
-3.270000	0.057558	0.057558
-3.260000	0.057617	0.057617
-3.250000	0.057676	0.057676
-3.240000	0.057734	0.057734
-3.230000	0.057793	0.057793
-3.220000	0.057852	0.057852
-3.210000	0.057910	0.057910
-3.200000	0.057968	0.057968
-3.190000	0.058026	0.058026
-3.180000	0.058084	0.058084
-3.170000	0.058142	0.058142
-3.160000	0.058200	0.058200
-3.150000	0.058258	0.058258
-3.140000	0.058315	0.058315
-3.130000	0.058373	0.058373
-3.120000	0.058430	0.058430
-3.110000	0.058487	0.058487
-3.100000	0.058545	0.058545
-3.090000	0.058602	0.058602
-3.080000	0.058658	0.058658
-3.070000	0.058715	0.058715
-3.060000	0.058772	0.058772
-3.050000	0.058828	0.058828
-3.040000	0.058885	0.058885
-3.030000	0.058941	0.058941
-3.020000	0.058997	0.058997
-3.010000	0.059053	0.059053
-3.000000	0.059109	0.059109
-2.990000	0.059165	0.059165
-2.980000	0.059220	0.059220
-2.970000	0.059276	0.059276
-2.960000	0.059331	0.059331
-2.950000	0.059386	0.059386
-2.940000	0.059442	0.059442
-2.930000	0.059497	0.059497
-2.920000	0.059551	0.059551
-2.910000	0.059606	0.059606
-2.900000	0.059661	0.059661
-2.890000	0.059715	0.059715
-2.880000	0.059770	0.059770
-2.870000	0.059824	0.059824
-2.860000	0.059878	0.059878
-2.850000	0.059932	0.059932
-2.840000	0.059986	0.059986
-2.830000	0.060039	0.060039
-2.820000	0.060093	0.060093
-2.810000	0.060146	0.060146
-2.800000	0.060200	0.060200
-2.790000	0.060253	0.060253
-2.780000	0.060306	0.060306
-2.770000	0.060359	0.060359
-2.760000	0.060411	0.060411
-2.750000	0.060464	0.060464
-2.740000	0.060517	0.060517
-2.730000	0.060569	0.060569
-2.720000	0.060621	0.060621
-2.710000	0.060673	0.060673
-2.700000	0.060725	0.060725
-2.690000	0.060777	0.060777
-2.680000	0.060828	0.060828
-2.670000	0.060880	0.060880
-2.660000	0.060931	0.060931
-2.650000	0.060982	0.060982
-2.640000	0.061033	0.061033
-2.630000	0.061084	0.061084
-2.620000	0.061135	0.061135
-2.610000	0.061186	0.061186
-2.600000	0.061236	0.061236
-2.590000	0.061287	0.061287
-2.580000	0.061337	0.061337
-2.570000	0.061387	0.061387
-2.560000	0.061437	0.061437
-2.550000	0.061486	0.061486
-2.540000	0.061536	0.061536
-2.530000	0.061586	0.061586
-2.520000	0.061635	0.061635
-2.510000	0.061684	0.061684
-2.500000	0.061733	0.061733
-2.490000	0.061782	0.061782
-2.480000	0.061831	0.061831
-2.470000	0.061879	0.061879
-2.460000	0.061927	0.061927
-2.450000	0.061976	0.061976
-2.440000	0.062024	0.062024
-2.430000	0.062072	0.062072
-2.420000	0.062120	0.062120
-2.410000	0.062167	0.062167
-2.400000	0.062215	0.062215
-2.390000	0.062262	0.062262
-2.380000	0.062309	0.062309
-2.370000	0.062356	0.062356
-2.360000	0.062403	0.062403
-2.350000	0.062450	0.062450
-2.340000	0.062496	0.062496
-2.330000	0.062543	0.062543
-2.320000	0.062589	0.062589
-2.310000	0.062635	0.062635
-2.300000	0.062681	0.062681
-2.290000	0.062727	0.062727
-2.280000	0.062772	0.062772
-2.270000	0.062818	0.062818
-2.260000	0.062863	0.062863
-2.250000	0.062908	0.062908
-2.240000	0.062953	0.062953
-2.230000	0.062998	0.062998
-2.220000	0.063042	0.063042
-2.210000	0.063087	0.063087
-2.200000	0.063131	0.063131
-2.190000	0.063175	0.063175
-2.180000	0.063219	0.063219
-2.170000	0.063263	0.063263
-2.160000	0.063306	0.063306
-2.150000	0.063350	0.063350
-2.140000	0.063393	0.063393
-2.130000	0.063436	0.063436
-2.120000	0.063479	0.063479
-2.110000	0.063522	0.063522
-2.100000	0.063564	0.063564
-2.090000	0.063607	0.063607
-2.080000	0.063649	0.063649
-2.070000	0.063691	0.063691
-2.060000	0.063733	0.063733
-2.050000	0.063775	0.063775
-2.040000	0.063817	0.063817
-2.030000	0.063858	0.063858
-2.020000	0.063899	0.063899
-2.010000	0.063940	0.063940
-2.000000	0.063981	0.063981
-1.990000	0.064022	0.064022
-1.980000	0.064062	0.064062
-1.970000	0.064103	0.064103
-1.960000	0.064143	0.064143
-1.950000	0.064183	0.064183
-1.940000	0.064223	0.064223
-1.930000	0.064263	0.064263
-1.920000	0.064302	0.064302
-1.910000	0.064341	0.064341
-1.900000	0.064380	0.064380
-1.890000	0.064419	0.064419
-1.880000	0.064458	0.064458
-1.870000	0.064497	0.064497
-1.860000	0.064535	0.064535
-1.850000	0.064573	0.064573
-1.840000	0.064612	0.064612
-1.830000	0.064649	0.064649
-1.820000	0.064687	0.064687
-1.810000	0.064725	0.064725
-1.800000	0.064762	0.064762
-1.790000	0.064799	0.064799
-1.780000	0.064836	0.064836
-1.770000	0.064873	0.064873
-1.760000	0.064910	0.064910
-1.750000	0.064946	0.064946
-1.740000	0.064982	0.064982
-1.730000	0.065018	0.065018
-1.720000	0.065054	0.065054
-1.710000	0.065090	0.065090
-1.700000	0.065125	0.065125
-1.690000	0.065161	0.065161
-1.680000	0.065196	0.065196
-1.670000	0.065231	0.065231
-1.660000	0.065265	0.065265
-1.650000	0.065300	0.065300
-1.640000	0.065334	0.065334
-1.630000	0.065369	0.065369
-1.620000	0.065403	0.065403
-1.610000	0.065436	0.065436
-1.600000	0.065470	0.065470
-1.590000	0.065504	0.065504
-1.580000	0.065537	0.065537
-1.570000	0.065570	0.065570
-1.560000	0.065603	0.065603
-1.550000	0.065635	0.065635
-1.540000	0.065668	0.065668
-1.530000	0.065700	0.065700
-1.520000	0.065732	0.065732
-1.510000	0.065764	0.065764
-1.500000	0.065796	0.065796
-1.490000	0.065827	0.065827
-1.480000	0.065859	0.065859
-1.470000	0.065890	0.065890
-1.460000	0.065921	0.065921
-1.450000	0.065952	0.065952
-1.440000	0.065982	0.065982
-1.430000	0.066012	0.066012
-1.420000	0.066043	0.066043
-1.410000	0.066073	0.066073
-1.400000	0.066102	0.066102
-1.390000	0.066132	0.066132
-1.380000	0.066161	0.066161
-1.370000	0.066190	0.066190
-1.360000	0.066219	0.066219
-1.350000	0.066248	0.066248
-1.340000	0.066277	0.066277
-1.330000	0.066305	0.066305
-1.320000	0.066333	0.066333
-1.310000	0.066361	0.066361
-1.300000	0.066389	0.066389
-1.290000	0.066417	0.066417
-1.280000	0.066444	0.066444
-1.270000	0.066471	0.066471
-1.260000	0.066498	0.066498
-1.250000	0.066525	0.066525
-1.240000	0.066552	0.066552
-1.230000	0.066578	0.066578
-1.220000	0.066604	0.066604
-1.210000	0.066630	0.066630
-1.200000	0.066656	0.066656
-1.190000	0.066682	0.066682
-1.180000	0.066707	0.066707
-1.170000	0.066732	0.066732
-1.160000	0.066757	0.066757
-1.150000	0.066782	0.066782
-1.140000	0.066807	0.066807
-1.130000	0.066831	0.066831
-1.120000	0.066855	0.066855
-1.110000	0.066879	0.066879
-1.100000	0.066903	0.066903
-1.090000	0.066926	0.066926
-1.080000	0.066950	0.066950
-1.070000	0.066973	0.066973
-1.060000	0.066996	0.066996
-1.050000	0.067018	0.067018
-1.040000	0.067041	0.067041
-1.030000	0.067063	0.067063
-1.020000	0.067085	0.067085
-1.010000	0.067107	0.067107
-1.000000	0.067129	0.067129
-0.990000	0.067150	0.067150
-0.980000	0.067172	0.067172
-0.970000	0.067193	0.067193
-0.960000	0.067214	0.067214
-0.950000	0.067234	0.067234
-0.940000	0.067255	0.067255
-0.930000	0.067275	0.067275
-0.920000	0.067295	0.067295
-0.910000	0.067315	0.067315
-0.900000	0.067334	0.067334
-0.890000	0.067354	0.067354
-0.880000	0.067373	0.067373
-0.870000	0.067392	0.067392
-0.860000	0.067411	0.067411
-0.850000	0.067429	0.067429
-0.840000	0.067447	0.067447
-0.830000	0.067466	0.067466
-0.820000	0.067483	0.067483
-0.810000	0.067501	0.067501
-0.800000	0.067519	0.067519
-0.790000	0.067536	0.067536
-0.780000	0.067553	0.067553
-0.770000	0.067570	0.067570
-0.760000	0.067586	0.067586
-0.750000	0.067603	0.067603
-0.740000	0.067619	0.067619
-0.730000	0.067635	0.067635
-0.720000	0.067651	0.067651
-0.710000	0.067666	0.067666
-0.700000	0.067682	0.067682
-0.690000	0.067697	0.067697
-0.680000	0.067712	0.067712
-0.670000	0.067727	0.067727
-0.660000	0.067741	0.067741
-0.650000	0.067755	0.067755
-0.640000	0.067770	0.067770
-0.630000	0.067783	0.067783
-0.620000	0.067797	0.067797
-0.610000	0.067810	0.067810
-0.600000	0.067824	0.067824
-0.590000	0.067837	0.067837
-0.580000	0.067849	0.067849
-0.570000	0.067862	0.067862
-0.560000	0.067874	0.067874
-0.550000	0.067886	0.067886
-0.540000	0.067898	0.067898
-0.530000	0.067910	0.067910
-0.520000	0.067922	0.067922
-0.510000	0.067933	0.067933
-0.500000	0.067944	0.067944
-0.490000	0.067955	0.067955
-0.480000	0.067965	0.067965
-0.470000	0.067976	0.067976
-0.460000	0.067986	0.067986
-0.450000	0.067996	0.067996
-0.440000	0.068006	0.068006
-0.430000	0.068015	0.068015
-0.420000	0.068024	0.068024
-0.410000	0.068034	0.068034
-0.400000	0.068042	0.068042
-0.390000	0.068051	0.068051
-0.380000	0.068060	0.068060
-0.370000	0.068068	0.068068
-0.360000	0.068076	0.068076
-0.350000	0.068084	0.068084
-0.340000	0.068091	0.068091
-0.330000	0.068099	0.068099
-0.320000	0.068106	0.068106
-0.310000	0.068113	0.068113
-0.300000	0.068119	0.068119
-0.290000	0.068126	0.068126
-0.280000	0.068132	0.068132
-0.270000	0.068138	0.068138
-0.260000	0.068144	0.068144
-0.250000	0.068149	0.068149
-0.240000	0.068155	0.068155
-0.230000	0.068160	0.068160
-0.220000	0.068165	0.068165
-0.210000	0.068170	0.068170
-0.200000	0.068174	0.068174
-0.190000	0.068178	0.068178
-0.180000	0.068183	0.068183
-0.170000	0.068186	0.068186
-0.160000	0.068190	0.068190
-0.150000	0.068193	0.068193
-0.140000	0.068197	0.068197
-0.130000	0.068200	0.068200
-0.120000	0.068202	0.068202
-0.110000	0.068205	0.068205
-0.100000	0.068207	0.068207
-0.090000	0.068209	0.068209
-0.080000	0.068211	0.068211
-0.070000	0.068213	0.068213
-0.060000	0.068214	0.068214
-0.050000	0.068215	0.068215
-0.040000	0.068216	0.068216
-0.030000	0.068217	0.068217
-0.020000	0.068218	0.068218
-0.010000	0.068218	0.068218
-0.000000	0.068218	0.068218
0.010000	0.068218	0.068218
0.020000	0.068218	0.068218
0.030000	0.068217	0.068217
0.040000	0.068216	0.068216
0.050000	0.068215	0.068215
0.060000	0.068214	0.068214
0.070000	0.068213	0.068213
0.080000	0.068211	0.068211
0.090000	0.068209	0.068209
0.100000	0.068207	0.068207
0.110000	0.068205	0.068205
0.120000	0.068202	0.068202
0.130000	0.068200	0.068200
0.140000	0.068197	0.068197
0.150000	0.068193	0.068193
0.160000	0.068190	0.068190
0.170000	0.068186	0.068186
0.180000	0.068183	0.068183
0.190000	0.068178	0.068178
0.200000	0.068174	0.068174
0.210000	0.068170	0.068170
0.220000	0.068165	0.068165
0.230000	0.068160	0.068160
0.240000	0.068155	0.068155
0.250000	0.068149	0.068149
0.260000	0.068144	0.068144
0.270000	0.068138	0.068138
0.280000	0.068132	0.068132
0.290000	0.068126	0.068126
0.300000	0.068119	0.068119
0.310000	0.068113	0.068113
0.320000	0.068106	0.068106
0.330000	0.068099	0.068099
0.340000	0.068091	0.068091
0.350000	0.068084	0.068084
0.360000	0.068076	0.068076
0.370000	0.068068	0.068068
0.380000	0.068060	0.068060
0.390000	0.068051	0.068051
0.400000	0.068042	0.068042
0.410000	0.068034	0.068034
0.420000	0.068024	0.068024
0.430000	0.068015	0.068015
0.440000	0.068006	0.068006
0.450000	0.067996	0.067996
0.460000	0.067986	0.067986
0.470000	0.067976	0.067976
0.480000	0.067965	0.067965
0.490000	0.067955	0.067955
0.500000	0.067944	0.067944
0.510000	0.067933	0.067933
0.520000	0.067922	0.067922
0.530000	0.067910	0.067910
0.540000	0.067898	0.067898
0.550000	0.067886	0.067886
0.560000	0.067874	0.067874
0.570000	0.067862	0.067862
0.580000	0.067849	0.067849
0.590000	0.067837	0.067837
0.600000	0.067824	0.067824
0.610000	0.067810	0.067810
0.620000	0.067797	0.067797
0.630000	0.067783	0.067783
0.640000	0.067770	0.067770
0.650000	0.067755	0.067755
0.660000	0.067741	0.067741
0.670000	0.067727	0.067727
0.680000	0.067712	0.067712
0.690000	0.067697	0.067697
0.700000	0.067682	0.067682
0.710000	0.067666	0.067666
0.720000	0.067651	0.067651
0.730000	0.067635	0.067635
0.740000	0.067619	0.067619
0.750000	0.067603	0.067603
0.760000	0.067586	0.067586
0.770000	0.067570	0.067570
0.780000	0.067553	0.067553
0.790000	0.067536	0.067536
0.800000	0.067519	0.067519
0.810000	0.067501	0.067501
0.820000	0.067483	0.067483
0.830000	0.067466	0.067466
0.840000	0.067447	0.067447
0.850000	0.067429	0.067429
0.860000	0.067411	0.067411
0.870000	0.067392	0.067392
0.880000	0.067373	0.067373
0.890000	0.067354	0.067354
0.900000	0.067334	0.067334
0.910000	0.067315	0.067315
0.920000	0.067295	0.067295
0.930000	0.067275	0.067275
0.940000	0.067255	0.067255
0.950000	0.067234	0.067234
0.960000	0.067214	0.067214
0.970000	0.067193	0.067193
0.980000	0.067172	0.067172
0.990000	0.067150	0.067150
1.000000	0.067129	0.067129
1.010000	0.067107	0.067107
1.020000	0.067085	0.067085
1.030000	0.067063	0.067063
1.040000	0.067041	0.067041
1.050000	0.067018	0.067018
1.060000	0.066996	0.066996
1.070000	0.066973	0.066973
1.080000	0.066950	0.066950
1.090000	0.066926	0.066926
1.100000	0.066903	0.066903
1.110000	0.066879	0.066879
1.120000	0.066855	0.066855
1.130000	0.066831	0.066831
1.140000	0.066807	0.066807
1.150000	0.066782	0.066782
1.160000	0.066757	0.066757
1.170000	0.066732	0.066732
1.180000	0.066707	0.066707
1.190000	0.066682	0.066682
1.200000	0.066656	0.066656
1.210000	0.066630	0.066630
1.220000	0.066604	0.066604
1.230000	0.066578	0.066578
1.240000	0.066552	0.066552
1.250000	0.066525	0.066525
1.260000	0.066498	0.066498
1.270000	0.066471	0.066471
1.280000	0.066444	0.066444
1.290000	0.066417	0.066417
1.300000	0.066389	0.066389
1.310000	0.066361	0.066361
1.320000	0.066333	0.066333
1.330000	0.066305	0.066305
1.340000	0.066277	0.066277
1.350000	0.066248	0.066248
1.360000	0.066219	0.066219
1.370000	0.066190	0.066190
1.380000	0.066161	0.066161
1.390000	0.066132	0.066132
1.400000	0.066102	0.066102
1.410000	0.066073	0.066073
1.420000	0.066043	0.066043
1.430000	0.066012	0.066012
1.440000	0.065982	0.065982
1.450000	0.065952	0.065952
1.460000	0.065921	0.065921
1.470000	0.065890	0.065890
1.480000	0.065859	0.065859
1.490000	0.065827	0.065827
1.500000	0.065796	0.065796
1.510000	0.065764	0.065764
1.520000	0.065732	0.065732
1.530000	0.065700	0.065700
1.540000	0.065668	0.065668
1.550000	0.065635	0.065635
1.560000	0.065603	0.065603
1.570000	0.065570	0.065570
1.580000	0.065537	0.065537
1.590000	0.065504	0.065504
1.600000	0.065470	0.065470
1.610000	0.065436	0.065436
1.620000	0.065403	0.065403
1.630000	0.065369	0.065369
1.640000	0.065334	0.065334
1.650000	0.065300	0.065300
1.660000	0.065265	0.065265
1.670000	0.065231	0.065231
1.680000	0.065196	0.065196
1.690000	0.065161	0.065161
1.700000	0.065125	0.065125
1.710000	0.065090	0.065090
1.720000	0.065054	0.065054
1.730000	0.065018	0.065018
1.740000	0.064982	0.064982
1.750000	0.064946	0.064946
1.760000	0.064910	0.064910
1.770000	0.064873	0.064873
1.780000	0.064836	0.064836
1.790000	0.064799	0.064799
1.800000	0.064762	0.064762
1.810000	0.064725	0.064725
1.820000	0.064687	0.064687
1.830000	0.064649	0.064649
1.840000	0.064612	0.064612
1.850000	0.064573	0.064573
1.860000	0.064535	0.064535
1.870000	0.064497	0.064497
1.880000	0.064458	0.064458
1.890000	0.064419	0.064419
1.900000	0.064380	0.064380
1.910000	0.064341	0.064341
1.920000	0.064302	0.064302
1.930000	0.064263	0.064263
1.940000	0.064223	0.064223
1.950000	0.064183	0.064183
1.960000	0.064143	0.064143
1.970000	0.064103	0.064103
1.980000	0.064062	0.064062
1.990000	0.064022	0.064022
2.000000	0.063981	0.063981
2.010000	0.063940	0.063940
2.020000	0.063899	0.063899
2.030000	0.063858	0.063858
2.040000	0.063817	0.063817
2.050000	0.063775	0.063775
2.060000	0.063733	0.063733
2.070000	0.063691	0.063691
2.080000	0.063649	0.063649
2.090000	0.063607	0.063607
2.100000	0.063564	0.063564
2.110000	0.063522	0.063522
2.120000	0.063479	0.063479
2.130000	0.063436	0.063436
2.140000	0.063393	0.063393
2.150000	0.063350	0.063350
2.160000	0.063306	0.063306
2.170000	0.063263	0.063263
2.180000	0.063219	0.063219
2.190000	0.063175	0.063175
2.200000	0.063131	0.063131
2.210000	0.063087	0.063087
2.220000	0.063042	0.063042
2.230000	0.062998	0.062998
2.240000	0.062953	0.062953
2.250000	0.062908	0.062908
2.260000	0.062863	0.062863
2.270000	0.062818	0.062818
2.280000	0.062772	0.062772
2.290000	0.062727	0.062727
2.300000	0.062681	0.062681
2.310000	0.062635	0.062635
2.320000	0.062589	0.062589
2.330000	0.062543	0.062543
2.340000	0.062496	0.062496
2.350000	0.062450	0.062450
2.360000	0.062403	0.062403
2.370000	0.062356	0.062356
2.380000	0.062309	0.062309
2.390000	0.062262	0.062262
2.400000	0.062215	0.062215
2.410000	0.062167	0.062167
2.420000	0.062120	0.062120
2.430000	0.062072	0.062072
2.440000	0.062024	0.062024
2.450000	0.061976	0.061976
2.460000	0.061927	0.061927
2.470000	0.061879	0.061879
2.480000	0.061831	0.061831
2.490000	0.061782	0.061782
2.500000	0.061733	0.061733
2.510000	0.061684	0.061684
2.520000	0.061635	0.061635
2.530000	0.061586	0.061586
2.540000	0.061536	0.061536
2.550000	0.061486	0.061486
2.560000	0.061437	0.061437
2.570000	0.061387	0.061387
2.580000	0.061337	0.061337
2.590000	0.061287	0.061287
2.600000	0.061236	0.061236
2.610000	0.061186	0.061186
2.620000	0.061135	0.061135
2.630000	0.061084	0.061084
2.640000	0.061033	0.061033
2.650000	0.060982	0.060982
2.660000	0.060931	0.060931
2.670000	0.060880	0.060880
2.680000	0.060828	0.060828
2.690000	0.060777	0.060777
2.700000	0.060725	0.060725
2.710000	0.060673	0.060673
2.720000	0.060621	0.060621
2.730000	0.060569	0.060569
2.740000	0.060517	0.060517
2.750000	0.060464	0.060464
2.760000	0.060411	0.060411
2.770000	0.060359	0.060359
2.780000	0.060306	0.060306
2.790000	0.060253	0.060253
2.800000	0.060200	0.060200
2.810000	0.060146	0.060146
2.820000	0.060093	0.060093
2.830000	0.060039	0.060039
2.840000	0.059986	0.059986
2.850000	0.059932	0.059932
2.860000	0.059878	0.059878
2.870000	0.059824	0.059824
2.880000	0.059770	0.059770
2.890000	0.059715	0.059715
2.900000	0.059661	0.059661
2.910000	0.059606	0.059606
2.920000	0.059551	0.059551
2.930000	0.059497	0.059497
2.940000	0.059442	0.059442
2.950000	0.059386	0.059386
2.960000	0.059331	0.059331
2.970000	0.059276	0.059276
2.980000	0.059220	0.059220
2.990000	0.059165	0.059165
3.000000	0.059109	0.059109
3.010000	0.059053	0.059053
3.020000	0.058997	0.058997
3.030000	0.058941	0.058941
3.040000	0.058885	0.058885
3.050000	0.058828	0.058828
3.060000	0.058772	0.058772
3.070000	0.058715	0.058715
3.080000	0.058658	0.058658
3.090000	0.058602	0.058602
3.100000	0.058545	0.058545
3.110000	0.058487	0.058487
3.120000	0.058430	0.058430
3.130000	0.058373	0.058373
3.140000	0.058315	0.058315
3.150000	0.058258	0.058258
3.160000	0.058200	0.058200
3.170000	0.058142	0.058142
3.180000	0.058084	0.058084
3.190000	0.058026	0.058026
3.200000	0.057968	0.057968
3.210000	0.057910	0.057910
3.220000	0.057852	0.057852
3.230000	0.057793	0.057793
3.240000	0.057734	0.057734
3.250000	0.057676	0.057676
3.260000	0.057617	0.057617
3.270000	0.057558	0.057558
3.280000	0.057499	0.057499
3.290000	0.057440	0.057440
3.300000	0.057380	0.057380
3.310000	0.057321	0.057321
3.320000	0.057262	0.057262
3.330000	0.057202	0.057202
3.340000	0.057142	0.057142
3.350000	0.057082	0.057082
3.360000	0.057023	0.057023
3.370000	0.056963	0.056963
3.380000	0.056902	0.056902
3.390000	0.056842	0.056842
3.400000	0.056782	0.056782
3.410000	0.056721	0.056721
3.420000	0.056661	0.056661
3.430000	0.056600	0.056600
3.440000	0.056540	0.056540
3.450000	0.056479	0.056479
3.460000	0.056418	0.056418
3.470000	0.056357	0.056357
3.480000	0.056296	0.056296
3.490000	0.056234	0.056234
3.500000	0.056173	0.056173
3.510000	0.056112	0.056112
3.520000	0.056050	0.056050
3.530000	0.055988	0.055988
3.540000	0.055927	0.055927
3.550000	0.055865	0.055865
3.560000	0.055803	0.055803
3.570000	0.055741	0.055741
3.580000	0.055679	0.055679
3.590000	0.055617	0.055617
3.600000	0.055554	0.055554
3.610000	0.055492	0.055492
3.620000	0.055429	0.055429
3.630000	0.055367	0.055367
3.640000	0.055304	0.055304
3.650000	0.055241	0.055241
3.660000	0.055179	0.055179
3.670000	0.055116	0.055116
3.680000	0.055053	0.055053
3.690000	0.054990	0.054990
3.700000	0.054926	0.054926
3.710000	0.054863	0.054863
3.720000	0.054800	0.054800
3.730000	0.054736	0.054736
3.740000	0.054673	0.054673
3.750000	0.054609	0.054609
3.760000	0.054545	0.054545
3.770000	0.054482	0.054482
3.780000	0.054418	0.054418
3.790000	0.054354	0.054354
3.800000	0.054290	0.054290
3.810000	0.054226	0.054226
3.820000	0.054161	0.054161
3.830000	0.054097	0.054097
3.840000	0.054033	0.054033
3.850000	0.053968	0.053968
3.860000	0.053904	0.053904
3.870000	0.053839	0.053839
3.880000	0.053775	0.053775
3.890000	0.053710	0.053710
3.900000	0.053645	0.053645
3.910000	0.053580	0.053580
3.920000	0.053515	0.053515
3.930000	0.053450	0.053450
3.940000	0.053385	0.053385
3.950000	0.053320	0.053320
3.960000	0.053255	0.053255
3.970000	0.053189	0.053189
3.980000	0.053124	0.053124
3.990000	0.053058	0.053058
4.000000	0.052993	0.052993
4.010000	0.052927	0.052927
4.020000	0.052861	0.052861
4.030000	0.052796	0.052796
4.040000	0.052730	0.052730
4.050000	0.052664	0.052664
4.060000	0.052598	0.052598
4.070000	0.052532	0.052532
4.080000	0.052466	0.052466
4.090000	0.052400	0.052400
4.100000	0.052333	0.052333
4.110000	0.052267	0.052267
4.120000	0.052201	0.052201
4.130000	0.052134	0.052134
4.140000	0.052068	0.052068
4.150000	0.052001	0.052001
4.160000	0.051935	0.051935
4.170000	0.051868	0.051868
4.180000	0.051801	0.051801
4.190000	0.051734	0.051734
4.200000	0.051668	0.051668
4.210000	0.051601	0.051601
4.220000	0.051534	0.051534
4.230000	0.051467	0.051467
4.240000	0.051400	0.051400
4.250000	0.051332	0.051332
4.260000	0.051265	0.051265
4.270000	0.051198	0.051198
4.280000	0.051131	0.051131
4.290000	0.051063	0.051063
4.300000	0.050996	0.050996
4.310000	0.050928	0.050928
4.320000	0.050861	0.050861
4.330000	0.050793	0.050793
4.340000	0.050726	0.050726
4.350000	0.050658	0.050658
4.360000	0.050590	0.050590
4.370000	0.050522	0.050522
4.380000	0.050455	0.050455
4.390000	0.050387	0.050387
4.400000	0.050319	0.050319
4.410000	0.050251	0.050251
4.420000	0.050183	0.050183
4.430000	0.050115	0.050115
4.440000	0.050046	0.050046
4.450000	0.049978	0.049978
4.460000	0.049910	0.049910
4.470000	0.049842	0.049842
4.480000	0.049773	0.049773
4.490000	0.049705	0.049705
4.500000	0.049637	0.049637
4.510000	0.049568	0.049568
4.520000	0.049500	0.049500
4.530000	0.049431	0.049431
4.540000	0.049363	0.049363
4.550000	0.049294	0.049294
4.560000	0.049225	0.049225
4.570000	0.049157	0.049157
4.580000	0.049088	0.049088
4.590000	0.049019	0.049019
4.600000	0.048950	0.048950
4.610000	0.048881	0.048881
4.620000	0.048813	0.048813
4.630000	0.048744	0.048744
4.640000	0.048675	0.048675
4.650000	0.048606	0.048606
4.660000	0.048537	0.048537
4.670000	0.048467	0.048467
4.680000	0.048398	0.048398
4.690000	0.048329	0.048329
4.700000	0.048260	0.048260
4.710000	0.048191	0.048191
4.720000	0.048122	0.048122
4.730000	0.048052	0.048052
4.740000	0.047983	0.047983
4.750000	0.047914	0.047914
4.760000	0.047844	0.047844
4.770000	0.047775	0.047775
4.780000	0.047705	0.047705
4.790000	0.047636	0.047636
4.800000	0.047566	0.047566
4.810000	0.047497	0.047497
4.820000	0.047427	0.047427
4.830000	0.047358	0.047358
4.840000	0.047288	0.047288
4.850000	0.047219	0.047219
4.860000	0.047149	0.047149
4.870000	0.047079	0.047079
4.880000	0.047010	0.047010
4.890000	0.046940	0.046940
4.900000	0.046870	0.046870
4.910000	0.046800	0.046800
4.920000	0.046731	0.046731
4.930000	0.046661	0.046661
4.940000	0.046591	0.046591
4.950000	0.046521	0.046521
4.960000	0.046451	0.046451
4.970000	0.046381	0.046381
4.980000	0.046311	0.046311
4.990000	0.046241	0.046241
5.000000	0.046171	0.046171
5.010000	0.046101	0.046101
5.020000	0.046031	0.046031
5.030000	0.045961	0.045961
5.040000	0.045891	0.045891
5.050000	0.045821	0.045821
5.060000	0.045751	0.045751
5.070000	0.045681	0.045681
5.080000	0.045611	0.045611
5.090000	0.045541	0.045541
5.100000	0.045471	0.045471
5.110000	0.045401	0.045401
5.120000	0.045331	0.045331
5.130000	0.045260	0.045260
5.140000	0.045190	0.045190
5.150000	0.045120	0.045120
5.160000	0.045050	0.045050
5.170000	0.044980	0.044980
5.180000	0.044909	0.044909
5.190000	0.044839	0.044839
5.200000	0.044769	0.044769
5.210000	0.044699	0.044699
5.220000	0.044628	0.044628
5.230000	0.044558	0.044558
5.240000	0.044488	0.044488
5.250000	0.044418	0.044418
5.260000	0.044347	0.044347
5.270000	0.044277	0.044277
5.280000	0.044207	0.044207
5.290000	0.044136	0.044136
5.300000	0.044066	0.044066
5.310000	0.043996	0.043996
5.320000	0.043925	0.043925
5.330000	0.043855	0.043855
5.340000	0.043785	0.043785
5.350000	0.043714	0.043714
5.360000	0.043644	0.043644
5.370000	0.043574	0.043574
5.380000	0.043503	0.043503
5.390000	0.043433	0.043433
5.400000	0.043363	0.043363
5.410000	0.043292	0.043292
5.420000	0.043222	0.043222
5.430000	0.043152	0.043152
5.440000	0.043081	0.043081
5.450000	0.043011	0.043011
5.460000	0.042941	0.042941
5.470000	0.042870	0.042870
5.480000	0.042800	0.042800
5.490000	0.042730	0.042730
5.500000	0.042660	0.042660
5.510000	0.042589	0.042589
5.520000	0.042519	0.042519
5.530000	0.042449	0.042449
5.540000	0.042378	0.042378
5.550000	0.042308	0.042308
5.560000	0.042238	0.042238
5.570000	0.042167	0.042167
5.580000	0.042097	0.042097
5.590000	0.042027	0.042027
5.600000	0.041957	0.041957
5.610000	0.041886	0.041886
5.620000	0.041816	0.041816
5.630000	0.041746	0.041746
5.640000	0.041676	0.041676
5.650000	0.041606	0.041606
5.660000	0.041535	0.041535
5.670000	0.041465	0.041465
5.680000	0.041395	0.041395
5.690000	0.041325	0.041325
5.700000	0.041255	0.041255
5.710000	0.041185	0.041185
5.720000	0.041114	0.041114
5.730000	0.041044	0.041044
5.740000	0.040974	0.040974
5.750000	0.040904	0.040904
5.760000	0.040834	0.040834
5.770000	0.040764	0.040764
5.780000	0.040694	0.040694
5.790000	0.040624	0.040624
5.800000	0.040554	0.040554
5.810000	0.040484	0.040484
5.820000	0.040414	0.040414
5.830000	0.040344	0.040344
5.840000	0.040274	0.040274
5.850000	0.040204	0.040204
5.860000	0.040134	0.040134
5.870000	0.040064	0.040064
5.880000	0.039995	0.039995
5.890000	0.039925	0.039925
5.900000	0.039855	0.039855
5.910000	0.039785	0.039785
5.920000	0.039715	0.039715
5.930000	0.039646	0.039646
5.940000	0.039576	0.039576
5.950000	0.039506	0.039506
5.960000	0.039437	0.039437
5.970000	0.039367	0.039367
5.980000	0.039297	0.039297
5.990000	0.039228	0.039228
6.000000	0.039158	0.039158
6.010000	0.039088	0.039088
6.020000	0.039019	0.039019
6.030000	0.038949	0.038949
6.040000	0.038880	0.038880
6.050000	0.038810	0.038810
6.060000	0.038741	0.038741
6.070000	0.038672	0.038672
6.080000	0.038602	0.038602
6.090000	0.038533	0.038533
6.100000	0.038464	0.038464
6.110000	0.038394	0.038394
6.120000	0.038325	0.038325
6.130000	0.038256	0.038256
6.140000	0.038187	0.038187
6.150000	0.038117	0.038117
6.160000	0.038048	0.038048
6.170000	0.037979	0.037979
6.180000	0.037910	0.037910
6.190000	0.037841	0.037841
6.200000	0.037772	0.037772
6.210000	0.037703	0.037703
6.220000	0.037634	0.037634
6.230000	0.037565	0.037565
6.240000	0.037496	0.037496
6.250000	0.037427	0.037427
6.260000	0.037358	0.037358
6.270000	0.037290	0.037290
6.280000	0.037221	0.037221
6.290000	0.037152	0.037152
6.300000	0.037083	0.037083
6.310000	0.037015	0.037015
6.320000	0.036946	0.036946
6.330000	0.036877	0.036877
6.340000	0.036809	0.036809
6.350000	0.036740	0.036740
6.360000	0.036672	0.036672
6.370000	0.036603	0.036603
6.380000	0.036535	0.036535
6.390000	0.036467	0.036467
6.400000	0.036398	0.036398
6.410000	0.036330	0.036330
6.420000	0.036262	0.036262
6.430000	0.036194	0.036194
6.440000	0.036125	0.036125
6.450000	0.036057	0.036057
6.460000	0.035989	0.035989
6.470000	0.035921	0.035921
6.480000	0.035853	0.035853
6.490000	0.035785	0.035785
6.500000	0.035717	0.035717
6.510000	0.035649	0.035649
6.520000	0.035581	0.035581
6.530000	0.035514	0.035514
6.540000	0.035446	0.035446
6.550000	0.035378	0.035378
6.560000	0.035310	0.035310
6.570000	0.035243	0.035243
6.580000	0.035175	0.035175
6.590000	0.035108	0.035108
6.600000	0.035040	0.035040
6.610000	0.034973	0.034973
6.620000	0.034905	0.034905
6.630000	0.034838	0.034838
6.640000	0.034771	0.034771
6.650000	0.034703	0.034703
6.660000	0.034636	0.034636
6.670000	0.034569	0.034569
6.680000	0.034502	0.034502
6.690000	0.034435	0.034435
6.700000	0.034368	0.034368
6.710000	0.034301	0.034301
6.720000	0.034234	0.034234
6.730000	0.034167	0.034167
6.740000	0.034100	0.034100
6.750000	0.034033	0.034033
6.760000	0.033966	0.033966
6.770000	0.033900	0.033900
6.780000	0.033833	0.033833
6.790000	0.033766	0.033766
6.800000	0.033700	0.033700
6.810000	0.033633	0.033633
6.820000	0.033567	0.033567
6.830000	0.033500	0.033500
6.840000	0.033434	0.033434
6.850000	0.033368	0.033368
6.860000	0.033301	0.033301
6.870000	0.033235	0.033235
6.880000	0.033169	0.033169
6.890000	0.033103	0.033103
6.900000	0.033037	0.033037
6.910000	0.032971	0.032971
6.920000	0.032905	0.032905
6.930000	0.032839	0.032839
6.940000	0.032773	0.032773
6.950000	0.032707	0.032707
6.960000	0.032642	0.032642
6.970000	0.032576	0.032576
6.980000	0.032510	0.032510
6.990000	0.032445	0.032445
7.000000	0.032379	0.032379
7.010000	0.032314	0.032314
7.020000	0.032249	0.032249
7.030000	0.032183	0.032183
7.040000	0.032118	0.032118
7.050000	0.032053	0.032053
7.060000	0.031988	0.031988
7.070000	0.031922	0.031922
7.080000	0.031857	0.031857
7.090000	0.031792	0.031792
7.100000	0.031727	0.031727
7.110000	0.031663	0.031663
7.120000	0.031598	0.031598
7.130000	0.031533	0.031533
7.140000	0.031468	0.031468
7.150000	0.031404	0.031404
7.160000	0.031339	0.031339
7.170000	0.031274	0.031274
7.180000	0.031210	0.031210
7.190000	0.031146	0.031146
7.200000	0.031081	0.031081
7.210000	0.031017	0.031017
7.220000	0.030953	0.030953
7.230000	0.030889	0.030889
7.240000	0.030824	0.030824
7.250000	0.030760	0.030760
7.260000	0.030696	0.030696
7.270000	0.030633	0.030633
7.280000	0.030569	0.030569
7.290000	0.030505	0.030505
7.300000	0.030441	0.030441
7.310000	0.030377	0.030377
7.320000	0.030314	0.030314
7.330000	0.030250	0.030250
7.340000	0.030187	0.030187
7.350000	0.030123	0.030123
7.360000	0.030060	0.030060
7.370000	0.029997	0.029997
7.380000	0.029933	0.029933
7.390000	0.029870	0.029870
7.400000	0.029807	0.029807
7.410000	0.029744	0.029744
7.420000	0.029681	0.029681
7.430000	0.029618	0.029618
7.440000	0.029555	0.029555
7.450000	0.029493	0.029493
7.460000	0.029430	0.029430
7.470000	0.029367	0.029367
7.480000	0.029305	0.029305
7.490000	0.029242	0.029242
7.500000	0.029180	0.029180
7.510000	0.029117	0.029117
7.520000	0.029055	0.029055
7.530000	0.028993	0.028993
7.540000	0.028930	0.028930
7.550000	0.028868	0.028868
7.560000	0.028806	0.028806
7.570000	0.028744	0.028744
7.580000	0.028682	0.028682
7.590000	0.028621	0.028621
7.600000	0.028559	0.028559
7.610000	0.028497	0.028497
7.620000	0.028435	0.028435
7.630000	0.028374	0.028374
7.640000	0.028312	0.028312
7.650000	0.028251	0.028251
7.660000	0.028190	0.028190
7.670000	0.028128	0.028128
7.680000	0.028067	0.028067
7.690000	0.028006	0.028006
7.700000	0.027945	0.027945
7.710000	0.027884	0.027884
7.720000	0.027823	0.027823
7.730000	0.027762	0.027762
7.740000	0.027701	0.027701
7.750000	0.027640	0.027640
7.760000	0.027580	0.027580
7.770000	0.027519	0.027519
7.780000	0.027458	0.027458
7.790000	0.027398	0.027398
7.800000	0.027338	0.027338
7.810000	0.027277	0.027277
7.820000	0.027217	0.027217
7.830000	0.027157	0.027157
7.840000	0.027097	0.027097
7.850000	0.027037	0.027037
7.860000	0.026977	0.026977
7.870000	0.026917	0.026917
7.880000	0.026857	0.026857
7.890000	0.026797	0.026797
7.900000	0.026738	0.026738
7.910000	0.026678	0.026678
7.920000	0.026619	0.026619
7.930000	0.026559	0.026559
7.940000	0.026500	0.026500
7.950000	0.026440	0.026440
7.960000	0.026381	0.026381
7.970000	0.026322	0.026322
7.980000	0.026263	0.026263
7.990000	0.026204	0.026204
8.000000	0.026145	0.026145
8.010000	0.026086	0.026086
8.020000	0.026027	0.026027
8.030000	0.025969	0.025969
8.040000	0.025910	0.025910
8.050000	0.025851	0.025851
8.060000	0.025793	0.025793
8.070000	0.025735	0.025735
8.080000	0.025676	0.025676
8.090000	0.025618	0.025618
8.100000	0.025560	0.025560
8.110000	0.025502	0.025502
8.120000	0.025444	0.025444
8.130000	0.025386	0.025386
8.140000	0.025328	0.025328
8.150000	0.025270	0.025270
8.160000	0.025212	0.025212
8.170000	0.025155	0.025155
8.180000	0.025097	0.025097
8.190000	0.025039	0.025039
8.200000	0.024982	0.024982
8.210000	0.024925	0.024925
8.220000	0.024867	0.024867
8.230000	0.024810	0.024810
8.240000	0.024753	0.024753
8.250000	0.024696	0.024696
8.260000	0.024639	0.024639
8.270000	0.024582	0.024582
8.280000	0.024525	0.024525
8.290000	0.024469	0.024469
8.300000	0.024412	0.024412
8.310000	0.024355	0.024355
8.320000	0.024299	0.024299
8.330000	0.024242	0.024242
8.340000	0.024186	0.024186
8.350000	0.024130	0.024130
8.360000	0.024074	0.024074
8.370000	0.024018	0.024018
8.380000	0.023961	0.023961
8.390000	0.023906	0.023906
8.400000	0.023850	0.023850
8.410000	0.023794	0.023794
8.420000	0.023738	0.023738
8.430000	0.023682	0.023682
8.440000	0.023627	0.023627
8.450000	0.023571	0.023571
8.460000	0.023516	0.023516
8.470000	0.023461	0.023461
8.480000	0.023405	0.023405
8.490000	0.023350	0.023350
8.500000	0.023295	0.023295
8.510000	0.023240	0.023240
8.520000	0.023185	0.023185
8.530000	0.023130	0.023130
8.540000	0.023076	0.023076
8.550000	0.023021	0.023021
8.560000	0.022966	0.022966
8.570000	0.022912	0.022912
8.580000	0.022857	0.022857
8.590000	0.022803	0.022803
8.600000	0.022749	0.022749
8.610000	0.022694	0.022694
8.620000	0.022640	0.022640
8.630000	0.022586	0.022586
8.640000	0.022532	0.022532
8.650000	0.022478	0.022478
8.660000	0.022425	0.022425
8.670000	0.022371	0.022371
8.680000	0.022317	0.022317
8.690000	0.022264	0.022264
8.700000	0.022210	0.022210
8.710000	0.022157	0.022157
8.720000	0.022103	0.022103
8.730000	0.022050	0.022050
8.740000	0.021997	0.021997
8.750000	0.021944	0.021944
8.760000	0.021891	0.021891
8.770000	0.021838	0.021838
8.780000	0.021785	0.021785
8.790000	0.021732	0.021732
8.800000	0.021680	0.021680
8.810000	0.021627	0.021627
8.820000	0.021575	0.021575
8.830000	0.021522	0.021522
8.840000	0.021470	0.021470
8.850000	0.021418	0.021418
8.860000	0.021365	0.021365
8.870000	0.021313	0.021313
8.880000	0.021261	0.021261
8.890000	0.021209	0.021209
8.900000	0.021158	0.021158
8.910000	0.021106	0.021106
8.920000	0.021054	0.021054
8.930000	0.021002	0.021002
8.940000	0.020951	0.020951
8.950000	0.020899	0.020899
8.960000	0.020848	0.020848
8.970000	0.020797	0.020797
8.980000	0.020746	0.020746
8.990000	0.020694	0.020694
9.000000	0.020643	0.020643
9.010000	0.020592	0.020592
9.020000	0.020542	0.020542
9.030000	0.020491	0.020491
9.040000	0.020440	0.020440
9.050000	0.020389	0.020389
9.060000	0.020339	0.020339
9.070000	0.020288	0.020288
9.080000	0.020238	0.020238
9.090000	0.020188	0.020188
9.100000	0.020138	0.020138
9.110000	0.020087	0.020087
9.120000	0.020037	0.020037
9.130000	0.019987	0.019987
9.140000	0.019938	0.019938
9.150000	0.019888	0.019888
9.160000	0.019838	0.019838
9.170000	0.019788	0.019788
9.180000	0.019739	0.019739
9.190000	0.019689	0.019689
9.200000	0.019640	0.019640
9.210000	0.019591	0.019591
9.220000	0.019541	0.019541
9.230000	0.019492	0.019492
9.240000	0.019443	0.019443
9.250000	0.019394	0.019394
9.260000	0.019345	0.019345
9.270000	0.019297	0.019297
9.280000	0.019248	0.019248
9.290000	0.019199	0.019199
9.300000	0.019151	0.019151
9.310000	0.019102	0.019102
9.320000	0.019054	0.019054
9.330000	0.019005	0.019005
9.340000	0.018957	0.018957
9.350000	0.018909	0.018909
9.360000	0.018861	0.018861
9.370000	0.018813	0.018813
9.380000	0.018765	0.018765
9.390000	0.018717	0.018717
9.400000	0.018670	0.018670
9.410000	0.018622	0.018622
9.420000	0.018574	0.018574
9.430000	0.018527	0.018527
9.440000	0.018480	0.018480
9.450000	0.018432	0.018432
9.460000	0.018385	0.018385
9.470000	0.018338	0.018338
9.480000	0.018291	0.018291
9.490000	0.018244	0.018244
9.500000	0.018197	0.018197
9.510000	0.018150	0.018150
9.520000	0.018103	0.018103
9.530000	0.018057	0.018057
9.540000	0.018010	0.018010
9.550000	0.017964	0.017964
9.560000	0.017917	0.017917
9.570000	0.017871	0.017871
9.580000	0.017825	0.017825
9.590000	0.017778	0.017778
9.600000	0.017732	0.017732
9.610000	0.017686	0.017686
9.620000	0.017641	0.017641
9.630000	0.017595	0.017595
9.640000	0.017549	0.017549
9.650000	0.017503	0.017503
9.660000	0.017458	0.017458
9.670000	0.017412	0.017412
9.680000	0.017367	0.017367
9.690000	0.017322	0.017322
9.700000	0.017276	0.017276
9.710000	0.017231	0.017231
9.720000	0.017186	0.017186
9.730000	0.017141	0.017141
9.740000	0.017096	0.017096
9.750000	0.017051	0.017051
9.760000	0.017007	0.017007
9.770000	0.016962	0.016962
9.780000	0.016917	0.016917
9.790000	0.016873	0.016873
9.800000	0.016828	0.016828
9.810000	0.016784	0.016784
9.820000	0.016740	0.016740
9.830000	0.016696	0.016696
9.840000	0.016652	0.016652
9.850000	0.016608	0.016608
9.860000	0.016564	0.016564
9.870000	0.016520	0.016520
9.880000	0.016476	0.016476
9.890000	0.016432	0.016432
9.900000	0.016389	0.016389
9.910000	0.016345	0.016345
9.920000	0.016302	0.016302
9.930000	0.016259	0.016259
9.940000	0.016215	0.016215
9.950000	0.016172	0.016172
9.960000	0.016129	0.016129
9.970000	0.016086	0.016086
9.980000	0.016043	0.016043
9.990000	0.016000	0.016000
10.000000	0.015958	0.015958
