-10.000000	0.018113	0.018113
-9.990000	0.018154	0.018154
-9.980000	0.018196	0.018196
-9.970000	0.018237	0.018237
-9.960000	0.018279	0.018279
-9.950000	0.018320	0.018320
-9.940000	0.018362	0.018362
-9.930000	0.018404	0.018404
-9.920000	0.018446	0.018446
-9.910000	0.018488	0.018488
-9.900000	0.018530	0.018530
-9.890000	0.018572	0.018572
-9.880000	0.018614	0.018614
-9.870000	0.018656	0.018656
-9.860000	0.018698	0.018698
-9.850000	0.018741	0.018741
-9.840000	0.018783	0.018783
-9.830000	0.018825	0.018825
-9.820000	0.018868	0.018868
-9.810000	0.018910	0.018910
-9.800000	0.018953	0.018953
-9.790000	0.018996	0.018996
-9.780000	0.019038	0.019038
-9.770000	0.019081	0.019081
-9.760000	0.019124	0.019124
-9.750000	0.019167	0.019167
-9.740000	0.019210	0.019210
-9.730000	0.019253	0.019253
-9.720000	0.019296	0.019296
-9.710000	0.019339	0.019339
-9.700000	0.019383	0.019383
-9.690000	0.019426	0.019426
-9.680000	0.019469	0.019469
-9.670000	0.019513	0.019513
-9.660000	0.019556	0.019556
-9.650000	0.019600	0.019600
-9.640000	0.019643	0.019643
-9.630000	0.019687	0.019687
-9.620000	0.019731	0.019731
-9.610000	0.019775	0.019775
-9.600000	0.019819	0.019819
-9.590000	0.019862	0.019862
-9.580000	0.019906	0.019906
-9.570000	0.019951	0.019951
-9.560000	0.019995	0.019995
-9.550000	0.020039	0.020039
-9.540000	0.020083	0.020083
-9.530000	0.020127	0.020127
-9.520000	0.020172	0.020172
-9.510000	0.020216	0.020216
-9.500000	0.020261	0.020261
-9.490000	0.020305	0.020305
-9.480000	0.020350	0.020350
-9.470000	0.020395	0.020395
-9.460000	0.020439	0.020439
-9.450000	0.020484	0.020484
-9.440000	0.020529	0.020529
-9.430000	0.020574	0.020574
-9.420000	0.020619	0.020619
-9.410000	0.020664	0.020664
-9.400000	0.020709	0.020709
-9.390000	0.020754	0.020754
-9.380000	0.020800	0.020800
-9.370000	0.020845	0.020845
-9.360000	0.020890	0.020890
-9.350000	0.020936	0.020936
-9.340000	0.020981	0.020981
-9.330000	0.021027	0.021027
-9.320000	0.021073	0.021073
-9.310000	0.021118	0.021118
-9.300000	0.021164	0.021164
-9.290000	0.021210	0.021210
-9.280000	0.021256	0.021256
-9.270000	0.021302	0.021302
-9.260000	0.021348	0.021348
-9.250000	0.021394	0.021394
-9.240000	0.021440	0.021440
-9.230000	0.021486	0.021486
-9.220000	0.021532	0.021532
-9.210000	0.021578	0.021578
-9.200000	0.021625	0.021625
-9.190000	0.021671	0.021671
-9.180000	0.021718	0.021718
-9.170000	0.021764	0.021764
-9.160000	0.021811	0.021811
-9.150000	0.021858	0.021858
-9.140000	0.021904	0.021904
-9.130000	0.021951	0.021951
-9.120000	0.021998	0.021998
-9.110000	0.022045	0.022045
-9.100000	0.022092	0.022092
-9.090000	0.022139	0.022139
-9.080000	0.022186	0.022186
-9.070000	0.022233	0.022233
-9.060000	0.022280	0.022280
-9.050000	0.022328	0.022328
-9.040000	0.022375	0.022375
-9.030000	0.022422	0.022422
-9.020000	0.022470	0.022470
-9.010000	0.022517	0.022517
-9.000000	0.022565	0.022565
-8.990000	0.022612	0.022612
-8.980000	0.022660	0.022660
-8.970000	0.022708	0.022708
-8.960000	0.022756	0.022756
-8.950000	0.022804	0.022804
-8.940000	0.022852	0.022852
-8.930000	0.022900	0.022900
-8.920000	0.022948	0.022948
-8.910000	0.022996	0.022996
-8.900000	0.023044	0.023044
-8.890000	0.023092	0.023092
-8.880000	0.023140	0.023140
-8.870000	0.023189	0.023189
-8.860000	0.023237	0.023237
-8.850000	0.023286	0.023286
-8.840000	0.023334	0.023334
-8.830000	0.023383	0.023383
-8.820000	0.023431	0.023431
-8.810000	0.023480	0.023480
-8.800000	0.023529	0.023529
-8.790000	0.023578	0.023578
-8.780000	0.023626	0.023626
-8.770000	0.023675	0.023675
-8.760000	0.023724	0.023724
-8.750000	0.023773	0.023773
-8.740000	0.023823	0.023823
-8.730000	0.023872	0.023872
-8.720000	0.023921	0.023921
-8.710000	0.023970	0.023970
-8.700000	0.024020	0.024020
-8.690000	0.024069	0.024069
-8.680000	0.024118	0.024118
-8.670000	0.024168	0.024168
-8.660000	0.024218	0.024218
-8.650000	0.024267	0.024267
-8.640000	0.024317	0.024317
-8.630000	0.024367	0.024367
-8.620000	0.024416	0.024416
-8.610000	0.024466	0.024466
-8.600000	0.024516	0.024516
-8.590000	0.024566	0.024566
-8.580000	0.024616	0.024616
-8.570000	0.024666	0.024666
-8.560000	0.024716	0.024716
-8.550000	0.024767	0.024767
-8.540000	0.024817	0.024817
-8.530000	0.024867	0.024867
-8.520000	0.024917	0.024917
-8.510000	0.024968	0.024968
-8.500000	0.025018	0.025018
-8.490000	0.025069	0.025069
-8.480000	0.025119	0.025119
-8.470000	0.025170	0.025170
-8.460000	0.025221	0.025221
-8.450000	0.025272	0.025272
-8.440000	0.025322	0.025322
-8.430000	0.025373	0.025373
-8.420000	0.025424	0.025424
-8.410000	0.025475	0.025475
-8.400000	0.025526	0.025526
-8.390000	0.025577	0.025577
-8.380000	0.025628	0.025628
-8.370000	0.025679	0.025679
-8.360000	0.025731	0.025731
-8.350000	0.025782	0.025782
-8.340000	0.025833	0.025833
-8.330000	0.025885	0.025885
-8.320000	0.025936	0.025936
-8.310000	0.025988	0.025988
-8.300000	0.026039	0.026039
-8.290000	0.026091	0.026091
-8.280000	0.026143	0.026143
-8.270000	0.026194	0.026194
-8.260000	0.026246	0.026246
-8.250000	0.026298	0.026298
-8.240000	0.026350	0.026350
-8.230000	0.026402	0.026402
-8.220000	0.026454	0.026454
-8.210000	0.026506	0.026506
-8.200000	0.026558	0.026558
-8.190000	0.026610	0.026610
-8.180000	0.026662	0.026662
-8.170000	0.026714	0.026714
-8.160000	0.026767	0.026767
-8.150000	0.026819	0.026819
-8.140000	0.026872	0.026872
-8.130000	0.026924	0.026924
-8.120000	0.026977	0.026977
-8.110000	0.027029	0.027029
-8.100000	0.027082	0.027082
-8.090000	0.027134	0.027134
-8.080000	0.027187	0.027187
-8.070000	0.027240	0.027240
-8.060000	0.027293	0.027293
-8.050000	0.027345	0.027345
-8.040000	0.027398	0.027398
-8.030000	0.027451	0.027451
-8.020000	0.027504	0.027504
-8.010000	0.027557	0.027557
-8.000000	0.027611	0.027611
-7.990000	0.027664	0.027664
-7.980000	0.027717	0.027717
-7.970000	0.027770	0.027770
-7.960000	0.027824	0.027824
-7.950000	0.027877	0.027877
-7.940000	0.027930	0.027930
-7.930000	0.027984	0.027984
-7.920000	0.028037	0.028037
-7.910000	0.028091	0.028091
-7.900000	0.028144	0.028144
-7.890000	0.028198	0.028198
-7.880000	0.028252	0.028252
-7.870000	0.028306	0.028306
-7.860000	0.028359	0.028359
-7.850000	0.028413	0.028413
-7.840000	0.028467	0.028467
-7.830000	0.028521	0.028521
-7.820000	0.028575	0.028575
-7.810000	0.028629	0.028629
-7.800000	0.028683	0.028683
-7.790000	0.028737	0.028737
-7.780000	0.028791	0.028791
-7.770000	0.028846	0.028846
-7.760000	0.028900	0.028900
-7.750000	0.028954	0.028954
-7.740000	0.029009	0.029009
-7.730000	0.029063	0.029063
-7.720000	0.029117	0.029117
-7.710000	0.029172	0.029172
-7.700000	0.029226	0.029226
-7.690000	0.029281	0.029281
-7.680000	0.029336	0.029336
-7.670000	0.029390	0.029390
-7.660000	0.029445	0.029445
-7.650000	0.029500	0.029500
-7.640000	0.029555	0.029555
-7.630000	0.029609	0.029609
-7.620000	0.029664	0.029664
-7.610000	0.029719	0.029719
-7.600000	0.029774	0.029774
-7.590000	0.029829	0.029829
-7.580000	0.029884	0.029884
-7.570000	0.029939	0.029939
-7.560000	0.029995	0.029995
-7.550000	0.030050	0.030050
-7.540000	0.030105	0.030105
-7.530000	0.030160	0.030160
-7.520000	0.030216	0.030216
-7.510000	0.030271	0.030271
-7.500000	0.030326	0.030326
-7.490000	0.030382	0.030382
-7.480000	0.030437	0.030437
-7.470000	0.030493	0.030493
-7.460000	0.030548	0.030548
-7.450000	0.030604	0.030604
-7.440000	0.030660	0.030660
-7.430000	0.030715	0.030715
-7.420000	0.030771	0.030771
-7.410000	0.030827	0.030827
-7.400000	0.030883	0.030883
-7.390000	0.030939	0.030939
-7.380000	0.030994	0.030994
-7.370000	0.031050	0.031050
-7.360000	0.031106	0.031106
-7.350000	0.031162	0.031162
-7.340000	0.031218	0.031218
-7.330000	0.031274	0.031274
-7.320000	0.031331	0.031331
-7.310000	0.031387	0.031387
-7.300000	0.031443	0.031443
-7.290000	0.031499	0.031499
-7.280000	0.031555	0.031555
-7.270000	0.031612	0.031612
-7.260000	0.031668	0.031668
-7.250000	0.031724	0.031724
-7.240000	0.031781	0.031781
-7.230000	0.031837	0.031837
-7.220000	0.031894	0.031894
-7.210000	0.031950	0.031950
-7.200000	0.032007	0.032007
-7.190000	0.032064	0.032064
-7.180000	0.032120	0.032120
-7.170000	0.032177	0.032177
-7.160000	0.032234	0.032234
-7.150000	0.032290	0.032290
-7.140000	0.032347	0.032347
-7.130000	0.032404	0.032404
-7.120000	0.032461	0.032461
-7.110000	0.032518	0.032518
-7.100000	0.032575	0.032575
-7.090000	0.032632	0.032632
-7.080000	0.032689	0.032689
-7.070000	0.032746	0.032746
-7.060000	0.032803	0.032803
-7.050000	0.032860	0.032860
-7.040000	0.032917	0.032917
-7.030000	0.032974	0.032974
-7.020000	0.033031	0.033031
-7.010000	0.033088	0.033088
-7.000000	0.033146	0.033146
-6.990000	0.033203	0.033203
-6.980000	0.033260	0.033260
-6.970000	0.033318	0.033318
-6.960000	0.033375	0.033375
-6.950000	0.033432	0.033432
-6.940000	0.033490	0.033490
-6.930000	0.033547	0.033547
-6.920000	0.033605	0.033605
-6.910000	0.033662	0.033662
-6.900000	0.033720	0.033720
-6.890000	0.033777	0.033777
-6.880000	0.033835	0.033835
-6.870000	0.033893	0.033893
-6.860000	0.033950	0.033950
-6.850000	0.034008	0.034008
-6.840000	0.034066	0.034066
-6.830000	0.034123	0.034123
-6.820000	0.034181	0.034181
-6.810000	0.034239	0.034239
-6.800000	0.034297	0.034297
-6.790000	0.034355	0.034355
-6.780000	0.034413	0.034413
-6.770000	0.034470	0.034470
-6.760000	0.034528	0.034528
-6.750000	0.034586	0.034586
-6.740000	0.034644	0.034644
-6.730000	0.034702	0.034702
-6.720000	0.034760	0.034760
-6.710000	0.034818	0.034818
-6.700000	0.034877	0.034877
-6.690000	0.034935	0.034935
-6.680000	0.034993	0.034993
-6.670000	0.035051	0.035051
-6.660000	0.035109	0.035109
-6.650000	0.035167	0.035167
-6.640000	0.035226	0.035226
-6.630000	0.035284	0.035284
-6.620000	0.035342	0.035342
-6.610000	0.035400	0.035400
-6.600000	0.035459	0.035459
-6.590000	0.035517	0.035517
-6.580000	0.035575	0.035575
-6.570000	0.035634	0.035634
-6.560000	0.035692	0.035692
-6.550000	0.035751	0.035751
-6.540000	0.035809	0.035809
-6.530000	0.035868	0.035868
-6.520000	0.035926	0.035926
-6.510000	0.035985	0.035985
-6.500000	0.036043	0.036043
-6.490000	0.036102	0.036102
-6.480000	0.036160	0.036160
-6.470000	0.036219	0.036219
-6.460000	0.036277	0.036277
-6.450000	0.036336	0.036336
-6.440000	0.036395	0.036395
-6.430000	0.036453	0.036453
-6.420000	0.036512	0.036512
-6.410000	0.036571	0.036571
-6.400000	0.036629	0.036629
-6.390000	0.036688	0.036688
-6.380000	0.036747	0.036747
-6.370000	0.036806	0.036806
-6.360000	0.036864	0.036864
-6.350000	0.036923	0.036923
-6.340000	0.036982	0.036982
-6.330000	0.037041	0.037041
-6.320000	0.037100	0.037100
-6.310000	0.037158	0.037158
-6.300000	0.037217	0.037217
-6.290000	0.037276	0.037276
-6.280000	0.037335	0.037335
-6.270000	0.037394	0.037394
-6.260000	0.037453	0.037453
-6.250000	0.037512	0.037512
-6.240000	0.037571	0.037571
-6.230000	0.037630	0.037630
-6.220000	0.037689	0.037689
-6.210000	0.037748	0.037748
-6.200000	0.037807	0.037807
-6.190000	0.037866	0.037866
-6.180000	0.037925	0.037925
-6.170000	0.037984	0.037984
-6.160000	0.038043	0.038043
-6.150000	0.038102	0.038102
-6.140000	0.038161	0.038161
-6.130000	0.038220	0.038220
-6.120000	0.038279	0.038279
-6.110000	0.038338	0.038338
-6.100000	0.038397	0.038397
-6.090000	0.038456	0.038456
-6.080000	0.038515	0.038515
-6.070000	0.038574	0.038574
-6.060000	0.038633	0.038633
-6.050000	0.038693	0.038693
-6.040000	0.038752	0.038752
-6.030000	0.038811	0.038811
-6.020000	0.038870	0.038870
-6.010000	0.038929	0.038929
-6.000000	0.038988	0.038988
-5.990000	0.039047	0.039047
-5.980000	0.039107	0.039107
-5.970000	0.039166	0.039166
-5.960000	0.039225	0.039225
-5.950000	0.039284	0.039284
-5.940000	0.039343	0.039343
-5.930000	0.039402	0.039402
-5.920000	0.039462	0.039462
-5.910000	0.039521	0.039521
-5.900000	0.039580	0.039580
-5.890000	0.039639	0.039639
-5.880000	0.039698	0.039698
-5.870000	0.039758	0.039758
-5.860000	0.039817	0.039817
-5.850000	0.039876	0.039876
-5.840000	0.039935	0.039935
-5.830000	0.039994	0.039994
-5.820000	0.040054	0.040054
-5.810000	0.040113	0.040113
-5.800000	0.040172	0.040172
-5.790000	0.040231	0.040231
-5.780000	0.040290	0.040290
-5.770000	0.040350	0.040350
-5.760000	0.040409	0.040409
-5.750000	0.040468	0.040468
-5.740000	0.040527	0.040527
-5.730000	0.040586	0.040586
-5.720000	0.040645	0.040645
-5.710000	0.040705	0.040705
-5.700000	0.040764	0.040764
-5.690000	0.040823	0.040823
-5.680000	0.040882	0.040882
-5.670000	0.040941	0.040941
-5.660000	0.041000	0.041000
-5.650000	0.041060	0.041060
-5.640000	0.041119	0.041119
-5.630000	0.041178	0.041178
-5.620000	0.041237	0.041237
-5.610000	0.041296	0.041296
-5.600000	0.041355	0.041355
-5.590000	0.041414	0.041414
-5.580000	0.041473	0.041473
-5.570000	0.041532	0.041532
-5.560000	0.041592	0.041592
-5.550000	0.041651	0.041651
-5.540000	0.041710	0.041710
-5.530000	0.041769	0.041769
-5.520000	0.041828	0.041828
-5.510000	0.041887	0.041887
-5.500000	0.041946	0.041946
-5.490000	0.042005	0.042005
-5.480000	0.042064	0.042064
-5.470000	0.042123	0.042123
-5.460000	0.042182	0.042182
-5.450000	0.042241	0.042241
-5.440000	0.042300	0.042300
-5.430000	0.042359	0.042359
-5.420000	0.042417	0.042417
-5.410000	0.042476	0.042476
-5.400000	0.042535	0.042535
-5.390000	0.042594	0.042594
-5.380000	0.042653	0.042653
-5.370000	0.042712	0.042712
-5.360000	0.042771	0.042771
-5.350000	0.042830	0.042830
-5.340000	0.042888	0.042888
-5.330000	0.042947	0.042947
-5.320000	0.043006	0.043006
-5.310000	0.043065	0.043065
-5.300000	0.043123	0.043123
-5.290000	0.043182	0.043182
-5.280000	0.043241	0.043241
-5.270000	0.043299	0.043299
-5.260000	0.043358	0.043358
-5.250000	0.043417	0.043417
-5.240000	0.043475	0.043475
-5.230000	0.043534	0.043534
-5.220000	0.043593	0.043593
-5.210000	0.043651	0.043651
-5.200000	0.043710	0.043710
-5.190000	0.043768	0.043768
-5.180000	0.043827	0.043827
-5.170000	0.043885	0.043885
-5.160000	0.043944	0.043944
-5.150000	0.044002	0.044002
-5.140000	0.044060	0.044060
-5.130000	0.044119	0.044119
-5.120000	0.044177	0.044177
-5.110000	0.044235	0.044235
-5.100000	0.044294	0.044294
-5.090000	0.044352	0.044352
-5.080000	0.044410	0.044410
-5.070000	0.044468	0.044468
-5.060000	0.044527	0.044527
-5.050000	0.044585	0.044585
-5.040000	0.044643	0.044643
-5.030000	0.044701	0.044701
-5.020000	0.044759	0.044759
-5.010000	0.044817	0.044817
-5.000000	0.044875	0.044875
-4.990000	0.044933	0.044933
-4.980000	0.044991	0.044991
-4.970000	0.045049	0.045049
-4.960000	0.045107	0.045107
-4.950000	0.045165	0.045165
-4.940000	0.045223	0.045223
-4.930000	0.045281	0.045281
-4.920000	0.045339	0.045339
-4.910000	0.045396	0.045396
-4.900000	0.045454	0.045454
-4.890000	0.045512	0.045512
-4.880000	0.045569	0.045569
-4.870000	0.045627	0.045627
-4.860000	0.045685	0.045685
-4.850000	0.045742	0.045742
-4.840000	0.045800	0.045800
-4.830000	0.045857	0.045857
-4.820000	0.045915	0.045915
-4.810000	0.045972	0.045972
-4.800000	0.046030	0.046030
-4.790000	0.046087	0.046087
-4.780000	0.046144	0.046144
-4.770000	0.046202	0.046202
-4.760000	0.046259	0.046259
-4.750000	0.046316	0.046316
-4.740000	0.046373	0.046373
-4.730000	0.046430	0.046430
-4.720000	0.046487	0.046487
-4.710000	0.046544	0.046544
-4.700000	0.046601	0.046601
-4.690000	0.046658	0.046658
-4.680000	0.046715	0.046715
-4.670000	0.046772	0.046772
-4.660000	0.046829	0.046829
-4.650000	0.046886	0.046886
-4.640000	0.046943	0.046943
-4.630000	0.046999	0.046999
-4.620000	0.047056	0.047056
-4.610000	0.047113	0.047113
-4.600000	0.047169	0.047169
-4.590000	0.047226	0.047226
-4.580000	0.047282	0.047282
-4.570000	0.047339	0.047339
-4.560000	0.047395	0.047395
-4.550000	0.047452	0.047452
-4.540000	0.047508	0.047508
-4.530000	0.047564	0.047564
-4.520000	0.047620	0.047620
-4.510000	0.047677	0.047677
-4.500000	0.047733	0.047733
-4.490000	0.047789	0.047789
-4.480000	0.047845	0.047845
-4.470000	0.047901	0.047901
-4.460000	0.047957	0.047957
-4.450000	0.048013	0.048013
-4.440000	0.048069	0.048069
-4.430000	0.048124	0.048124
-4.420000	0.048180	0.048180
-4.410000	0.048236	0.048236
-4.400000	0.048292	0.048292
-4.390000	0.048347	0.048347
-4.380000	0.048403	0.048403
-4.370000	0.048458	0.048458
-4.360000	0.048514	0.048514
-4.350000	0.048569	0.048569
-4.340000	0.048624	0.048624
-4.330000	0.048680	0.048680
-4.320000	0.048735	0.048735
-4.310000	0.048790	0.048790
-4.300000	0.048845	0.048845
-4.290000	0.048900	0.048900
-4.280000	0.048955	0.048955
-4.270000	0.049010	0.049010
-4.260000	0.049065	0.049065
-4.250000	0.049120	0.049120
-4.240000	0.049175	0.049175
-4.230000	0.049229	0.049229
-4.220000	0.049284	0.049284
-4.210000	0.049339	0.049339
-4.200000	0.049393	0.049393
-4.190000	0.049448	0.049448
-4.180000	0.049502	0.049502
-4.170000	0.049556	0.049556
-4.160000	0.049611	0.049611
-4.150000	0.049665	0.049665
-4.140000	0.049719	0.049719
-4.130000	0.049773	0.049773
-4.120000	0.049827	0.049827
-4.110000	0.049881	0.049881
-4.100000	0.049935	0.049935
-4.090000	0.049989	0.049989
-4.080000	0.050043	0.050043
-4.070000	0.050097	0.050097
-4.060000	0.050150	0.050150
-4.050000	0.050204	0.050204
-4.040000	0.050257	0.050257
-4.030000	0.050311	0.050311
-4.020000	0.050364	0.050364
-4.010000	0.050418	0.050418
-4.000000	0.050471	0.050471
-3.990000	0.050524	0.050524
-3.980000	0.050577	0.050577
-3.970000	0.050630	0.050630
-3.960000	0.050683	0.050683
-3.950000	0.050736	0.050736
-3.940000	0.050789	0.050789
-3.930000	0.050842	0.050842
-3.920000	0.050895	0.050895
-3.910000	0.050947	0.050947
-3.900000	0.051000	0.051000
-3.890000	0.051052	0.051052
-3.880000	0.051105	0.051105
-3.870000	0.051157	0.051157
-3.860000	0.051210	0.051210
-3.850000	0.051262	0.051262
-3.840000	0.051314	0.051314
-3.830000	0.051366	0.051366
-3.820000	0.051418	0.051418
-3.810000	0.051470	0.051470
-3.800000	0.051522	0.051522
-3.790000	0.051574	0.051574
-3.780000	0.051625	0.051625
-3.770000	0.051677	0.051677
-3.760000	0.051728	0.051728
-3.750000	0.051780	0.051780
-3.740000	0.051831	0.051831
-3.730000	0.051883	0.051883
-3.720000	0.051934	0.051934
-3.710000	0.051985	0.051985
-3.700000	0.052036	0.052036
-3.690000	0.052087	0.052087
-3.680000	0.052138	0.052138
-3.670000	0.052189	0.052189
-3.660000	0.052240	0.052240
-3.650000	0.052290	0.052290
-3.640000	0.052341	0.052341
-3.630000	0.052391	0.052391
-3.620000	0.052442	0.052442
-3.610000	0.052492	0.052492
-3.600000	0.052543	0.052543
-3.590000	0.052593	0.052593
-3.580000	0.052643	0.052643
-3.570000	0.052693	0.052693
-3.560000	0.052743	0.052743
-3.550000	0.052793	0.052793
-3.540000	0.052842	0.052842
-3.530000	0.052892	0.052892
-3.520000	0.052942	0.052942
-3.510000	0.052991	0.052991
-3.500000	0.053041	0.053041
-3.490000	0.053090	0.053090
-3.480000	0.053139	0.053139
-3.470000	0.053188	0.053188
-3.460000	0.053237	0.053237
-3.450000	0.053286	0.053286
-3.440000	0.053335	0.053335
-3.430000	0.053384	0.053384
-3.420000	0.053433	0.053433
-3.410000	0.053481	0.053481
-3.400000	0.053530	0.053530
-3.390000	0.053578	0.053578
-3.380000	0.053627	0.053627
-3.370000	0.053675	0.053675
-3.360000	0.053723	0.053723
-3.350000	0.053771	0.053771
-3.340000	0.053819	0.053819
-3.330000	0.053867	0.053867
-3.320000	0.053915	0.053915
-3.310000	0.053963	0.053963
-3.300000	0.054010	0.054010
-3.290000	0.054058	0.054058
-3.280000	0.054105	0.054105
-3.270000	0.054153	0.054153
-3.260000	0.054200	0.054200
-3.250000	0.054247	0.054247
-3.240000	0.054294	0.054294
-3.230000	0.054341	0.054341
-3.220000	0.054388	0.054388
-3.210000	0.054434	0.054434
-3.200000	0.054481	0.054481
-3.190000	0.054528	0.054528
-3.180000	0.054574	0.054574
-3.170000	0.054620	0.054620
-3.160000	0.054667	0.054667
-3.150000	0.054713	0.054713
-3.140000	0.054759	0.054759
-3.130000	0.054805	0.054805
-3.120000	0.054851	0.054851
-3.110000	0.054896	0.054896
-3.100000	0.054942	0.054942
-3.090000	0.054988	0.054988
-3.080000	0.055033	0.055033
-3.070000	0.055078	0.055078
-3.060000	0.055124	0.055124
-3.050000	0.055169	0.055169
-3.040000	0.055214	0.055214
-3.030000	0.055259	0.055259
-3.020000	0.055303	0.055303
-3.010000	0.055348	0.055348
-3.000000	0.055393	0.055393
-2.990000	0.055437	0.055437
-2.980000	0.055482	0.055482
-2.970000	0.055526	0.055526
-2.960000	0.055570	0.055570
-2.950000	0.055614	0.055614
-2.940000	0.055658	0.055658
-2.930000	0.055702	0.055702
-2.920000	0.055746	0.055746
-2.910000	0.055789	0.055789
-2.900000	0.055833	0.055833
-2.890000	0.055876	0.055876
-2.880000	0.055919	0.055919
-2.870000	0.055963	0.055963
-2.860000	0.056006	0.056006
-2.850000	0.056049	0.056049
-2.840000	0.056091	0.056091
-2.830000	0.056134	0.056134
-2.820000	0.056177	0.056177
-2.810000	0.056219	0.056219
-2.800000	0.056262	0.056262
-2.790000	0.056304	0.056304
-2.780000	0.056346	0.056346
-2.770000	0.056388	0.056388
-2.760000	0.056430	0.056430
-2.750000	0.056472	0.056472
-2.740000	0.056514	0.056514
-2.730000	0.056555	0.056555
-2.720000	0.056597	0.056597
-2.710000	0.056638	0.056638
-2.700000	0.056679	0.056679
-2.690000	0.056721	0.056721
-2.680000	0.056762	0.056762
-2.670000	0.056802	0.056802
-2.660000	0.056843	0.056843
-2.650000	0.056884	0.056884
-2.640000	0.056924	0.056924
-2.630000	0.056965	0.056965
-2.620000	0.057005	0.057005
-2.610000	0.057045	0.057045
-2.600000	0.057085	0.057085
-2.590000	0.057125	0.057125
-2.580000	0.057165	0.057165
-2.570000	0.057205	0.057205
-2.560000	0.057244	0.057244
-2.550000	0.057284	0.057284
-2.540000	0.057323	0.057323
-2.530000	0.057362	0.057362
-2.520000	0.057401	0.057401
-2.510000	0.057440	0.057440
-2.500000	0.057479	0.057479
-2.490000	0.057518	0.057518
-2.480000	0.057556	0.057556
-2.470000	0.057595	0.057595
-2.460000	0.057633	0.057633
-2.450000	0.057671	0.057671
-2.440000	0.057710	0.057710
-2.430000	0.057747	0.057747
-2.420000	0.057785	0.057785
-2.410000	0.057823	0.057823
-2.400000	0.057861	0.057861
-2.390000	0.057898	0.057898
-2.380000	0.057935	0.057935
-2.370000	0.057973	0.057973
-2.360000	0.058010	0.058010
-2.350000	0.058047	0.058047
-2.340000	0.058083	0.058083
-2.330000	0.058120	0.058120
-2.320000	0.058157	0.058157
-2.310000	0.058193	0.058193
-2.300000	0.058229	0.058229
-2.290000	0.058265	0.058265
-2.280000	0.058301	0.058301
-2.270000	0.058337	0.058337
-2.260000	0.058373	0.058373
-2.250000	0.058409	0.058409
-2.240000	0.058444	0.058444
-2.230000	0.058480	0.058480
-2.220000	0.058515	0.058515
-2.210000	0.058550	0.058550
-2.200000	0.058585	0.058585
-2.190000	0.058620	0.058620
-2.180000	0.058654	0.058654
-2.170000	0.058689	0.058689
-2.160000	0.058723	0.058723
-2.150000	0.058758	0.058758
-2.140000	0.058792	0.058792
-2.130000	0.058826	0.058826
-2.120000	0.058860	0.058860
-2.110000	0.058893	0.058893
-2.100000	0.058927	0.058927
-2.090000	0.058960	0.058960
-2.080000	0.058994	0.058994
-2.070000	0.059027	0.059027
-2.060000	0.059060	0.059060
-2.050000	0.059093	0.059093
-2.040000	0.059126	0.059126
-2.030000	0.059158	0.059158
-2.020000	0.059191	0.059191
-2.010000	0.059223	0.059223
-2.000000	0.059255	0.059255
-1.990000	0.059288	0.059288
-1.980000	0.059319	0.059319
-1.970000	0.059351	0.059351
-1.960000	0.059383	0.059383
-1.950000	0.059414	0.059414
-1.940000	0.059446	0.059446
-1.930000	0.059477	0.059477
-1.920000	0.059508	0.059508
-1.910000	0.059539	0.059539
-1.900000	0.059570	0.059570
-1.890000	0.059601	0.059601
-1.880000	0.059631	0.059631
-1.870000	0.059661	0.059661
-1.860000	0.059692	0.059692
-1.850000	0.059722	0.059722
-1.840000	0.059752	0.059752
-1.830000	0.059782	0.059782
-1.820000	0.059811	0.059811
-1.810000	0.059841	0.059841
-1.800000	0.059870	0.059870
-1.790000	0.059899	0.059899
-1.780000	0.059928	0.059928
-1.770000	0.059957	0.059957
-1.760000	0.059986	0.059986
-1.750000	0.060015	0.060015
-1.740000	0.060043	0.060043
-1.730000	0.060071	0.060071
-1.720000	0.060100	0.060100
-1.710000	0.060128	0.060128
-1.700000	0.060156	0.060156
-1.690000	0.060183	0.060183
-1.680000	0.060211	0.060211
-1.670000	0.060238	0.060238
-1.660000	0.060266	0.060266
-1.650000	0.060293	0.060293
-1.640000	0.060320	0.060320
-1.630000	0.060347	0.060347
-1.620000	0.060373	0.060373
-1.610000	0.060400	0.060400
-1.600000	0.060426	0.060426
-1.590000	0.060453	0.060453
-1.580000	0.060479	0.060479
-1.570000	0.060505	0.060505
-1.560000	0.060530	0.060530
-1.550000	0.060556	0.060556
-1.540000	0.060582	0.060582
-1.530000	0.060607	0.060607
-1.520000	0.060632	0.060632
-1.510000	0.060657	0.060657
-1.500000	0.060682	0.060682
-1.490000	0.060707	0.060707
-1.480000	0.060731	0.060731
-1.470000	0.060756	0.060756
-1.460000	0.060780	0.060780
-1.450000	0.060804	0.060804
-1.440000	0.060828	0.060828
-1.430000	0.060852	0.060852
-1.420000	0.060875	0.060875
-1.410000	0.060899	0.060899
-1.400000	0.060922	0.060922
-1.390000	0.060945	0.060945
-1.380000	0.060968	0.060968
-1.370000	0.060991	0.060991
-1.360000	0.061014	0.061014
-1.350000	0.061037	0.061037
-1.340000	0.061059	0.061059
-1.330000	0.061081	0.061081
-1.320000	0.061103	0.061103
-1.310000	0.061125	0.061125
-1.300000	0.061147	0.061147
-1.290000	0.061169	0.061169
-1.280000	0.061190	0.061190
-1.270000	0.061211	0.061211
-1.260000	0.061232	0.061232
-1.250000	0.061253	0.061253
-1.240000	0.061274	0.061274
-1.230000	0.061295	0.061295
-1.220000	0.061315	0.061315
-1.210000	0.061336	0.061336
-1.200000	0.061356	0.061356
-1.190000	0.061376	0.061376
-1.180000	0.061396	0.061396
-1.170000	0.061416	0.061416
-1.160000	0.061435	0.061435
-1.150000	0.061454	0.061454
-1.140000	0.061474	0.061474
-1.130000	0.061493	0.061493
-1.120000	0.061512	0.061512
-1.110000	0.061530	0.061530
-1.100000	0.061549	0.061549
-1.090000	0.061567	0.061567
-1.080000	0.061586	0.061586
-1.070000	0.061604	0.061604
-1.060000	0.061622	0.061622
-1.050000	0.061639	0.061639
-1.040000	0.061657	0.061657
-1.030000	0.061674	0.061674
-1.020000	0.061692	0.061692
-1.010000	0.061709	0.061709
-1.000000	0.061726	0.061726
-0.990000	0.061743	0.061743
-0.980000	0.061759	0.061759
-0.970000	0.061776	0.061776
-0.960000	0.061792	0.061792
-0.950000	0.061808	0.061808
-0.940000	0.061824	0.061824
-0.930000	0.061840	0.061840
-0.920000	0.061855	0.061855
-0.910000	0.061871	0.061871
-0.900000	0.061886	0.061886
-0.890000	0.061901	0.061901
-0.880000	0.061916	0.061916
-0.870000	0.061931	0.061931
-0.860000	0.061946	0.061946
-0.850000	0.061960	0.061960
-0.840000	0.061975	0.061975
-0.830000	0.061989	0.061989
-0.820000	0.062003	0.062003
-0.810000	0.062017	0.062017
-0.800000	0.062030	0.062030
-0.790000	0.062044	0.062044
-0.780000	0.062057	0.062057
-0.770000	0.062070	0.062070
-0.760000	0.062083	0.062083
-0.750000	0.062096	0.062096
-0.740000	0.062109	0.062109
-0.730000	0.062121	0.062121
-0.720000	0.062134	0.062134
-0.710000	0.062146	0.062146
-0.700000	0.062158	0.062158
-0.690000	0.062170	0.062170
-0.680000	0.062181	0.062181
-0.670000	0.062193	0.062193
-0.660000	0.062204	0.062204
-0.650000	0.062215	0.062215
-0.640000	0.062226	0.062226
-0.630000	0.062237	0.062237
-0.620000	0.062248	0.062248
-0.610000	0.062258	0.062258
-0.600000	0.062268	0.062268
-0.590000	0.062279	0.062279
-0.580000	0.062289	0.062289
-0.570000	0.062298	0.062298
-0.560000	0.062308	0.062308
-0.550000	0.062317	0.062317
-0.540000	0.062327	0.062327
-0.530000	0.062336	0.062336
-0.520000	0.062345	0.062345
-0.510000	0.062354	0.062354
-0.500000	0.062362	0.062362
-0.490000	0.062371	0.062371
-0.480000	0.062379	0.062379
-0.470000	0.062387	0.062387
-0.460000	0.062395	0.062395
-0.450000	0.062403	0.062403
-0.440000	0.062410	0.062410
-0.430000	0.062418	0.062418
-0.420000	0.062425	0.062425
-0.410000	0.062432	0.062432
-0.400000	0.062439	0.062439
-0.390000	0.062446	0.062446
-0.380000	0.062452	0.062452
-0.370000	0.062459	0.062459
-0.360000	0.062465	0.062465
-0.350000	0.062471	0.062471
-0.340000	0.062477	0.062477
-0.330000	0.062483	0.062483
-0.320000	0.062488	0.062488
-0.310000	0.062494	0.062494
-0.300000	0.062499	0.062499
-0.290000	0.062504	0.062504
-0.280000	0.062509	0.062509
-0.270000	0.062514	0.062514
-0.260000	0.062518	0.062518
-0.250000	0.062523	0.062523
-0.240000	0.062527	0.062527
-0.230000	0.062531	0.062531
-0.220000	0.062535	0.062535
-0.210000	0.062538	0.062538
-0.200000	0.062542	0.062542
-0.190000	0.062545	0.062545
-0.180000	0.062548	0.062548
-0.170000	0.062551	0.062551
-0.160000	0.062554	0.062554
-0.150000	0.062557	0.062557
-0.140000	0.062559	0.062559
-0.130000	0.062562	0.062562
-0.120000	0.062564	0.062564
-0.110000	0.062566	0.062566
-0.100000	0.062568	0.062568
-0.090000	0.062569	0.062569
-0.080000	0.062571	0.062571
-0.070000	0.062572	0.062572
-0.060000	0.062573	0.062573
-0.050000	0.062574	0.062574
-0.040000	0.062575	0.062575
-0.030000	0.062575	0.062575
-0.020000	0.062576	0.062576
-0.010000	0.062576	0.062576
-0.000000	0.062576	0.062576
0.010000	0.062576	0.062576
0.020000	0.062576	0.062576
0.030000	0.062575	0.062575
0.040000	0.062575	0.062575
0.050000	0.062574	0.062574
0.060000	0.062573	0.062573
0.070000	0.062572	0.062572
0.080000	0.062571	0.062571
0.090000	0.062569	0.062569
0.100000	0.062568	0.062568
0.110000	0.062566	0.062566
0.120000	0.062564	0.062564
0.130000	0.062562	0.062562
0.140000	0.062559	0.062559
0.150000	0.062557	0.062557
0.160000	0.062554	0.062554
0.170000	0.062551	0.062551
0.180000	0.062548	0.062548
0.190000	0.062545	0.062545
0.200000	0.062542	0.062542
0.210000	0.062538	0.062538
0.220000	0.062535	0.062535
0.230000	0.062531	0.062531
0.240000	0.062527	0.062527
0.250000	0.062523	0.062523
0.260000	0.062518	0.062518
0.270000	0.062514	0.062514
0.280000	0.062509	0.062509
0.290000	0.062504	0.062504
0.300000	0.062499	0.062499
0.310000	0.062494	0.062494
0.320000	0.062488	0.062488
0.330000	0.062483	0.062483
0.340000	0.062477	0.062477
0.350000	0.062471	0.062471
0.360000	0.062465	0.062465
0.370000	0.062459	0.062459
0.380000	0.062452	0.062452
0.390000	0.062446	0.062446
0.400000	0.062439	0.062439
0.410000	0.062432	0.062432
0.420000	0.062425	0.062425
0.430000	0.062418	0.062418
0.440000	0.062410	0.062410
0.450000	0.062403	0.062403
0.460000	0.062395	0.062395
0.470000	0.062387	0.062387
0.480000	0.062379	0.062379
0.490000	0.062371	0.062371
0.500000	0.062362	0.062362
0.510000	0.062354	0.062354
0.520000	0.062345	0.062345
0.530000	0.062336	0.062336
0.540000	0.062327	0.062327
0.550000	0.062317	0.062317
0.560000	0.062308	0.062308
0.570000	0.062298	0.062298
0.580000	0.062289	0.062289
0.590000	0.062279	0.062279
0.600000	0.062268	0.062268
0.610000	0.062258	0.062258
0.620000	0.062248	0.062248
0.630000	0.062237	0.062237
0.640000	0.062226	0.062226
0.650000	0.062215	0.062215
0.660000	0.062204	0.062204
0.670000	0.062193	0.062193
0.680000	0.062181	0.062181
0.690000	0.062170	0.062170
0.700000	0.062158	0.062158
0.710000	0.062146	0.062146
0.720000	0.062134	0.062134
0.730000	0.062121	0.062121
0.740000	0.062109	0.062109
0.750000	0.062096	0.062096
0.760000	0.062083	0.062083
0.770000	0.062070	0.062070
0.780000	0.062057	0.062057
0.790000	0.062044	0.062044
0.800000	0.062030	0.062030
0.810000	0.062017	0.062017
0.820000	0.062003	0.062003
0.830000	0.061989	0.061989
0.840000	0.061975	0.061975
0.850000	0.061960	0.061960
0.860000	0.061946	0.061946
0.870000	0.061931	0.061931
0.880000	0.061916	0.061916
0.890000	0.061901	0.061901
0.900000	0.061886	0.061886
0.910000	0.061871	0.061871
0.920000	0.061855	0.061855
0.930000	0.061840	0.061840
0.940000	0.061824	0.061824
0.950000	0.061808	0.061808
0.960000	0.061792	0.061792
0.970000	0.061776	0.061776
0.980000	0.061759	0.061759
0.990000	0.061743	0.061743
1.000000	0.061726	0.061726
1.010000	0.061709	0.061709
1.020000	0.061692	0.061692
1.030000	0.061674	0.061674
1.040000	0.061657	0.061657
1.050000	0.061639	0.061639
1.060000	0.061622	0.061622
1.070000	0.061604	0.061604
1.080000	0.061586	0.061586
1.090000	0.061567	0.061567
1.100000	0.061549	0.061549
1.110000	0.061530	0.061530
1.120000	0.061512	0.061512
1.130000	0.061493	0.061493
1.140000	0.061474	0.061474
1.150000	0.061454	0.061454
1.160000	0.061435	0.061435
1.170000	0.061416	0.061416
1.180000	0.061396	0.061396
1.190000	0.061376	0.061376
1.200000	0.061356	0.061356
1.210000	0.061336	0.061336
1.220000	0.061315	0.061315
1.230000	0.061295	0.061295
1.240000	0.061274	0.061274
1.250000	0.061253	0.061253
1.260000	0.061232	0.061232
1.270000	0.061211	0.061211
1.280000	0.061190	0.061190
1.290000	0.061169	0.061169
1.300000	0.061147	0.061147
1.310000	0.061125	0.061125
1.320000	0.061103	0.061103
1.330000	0.061081	0.061081
1.340000	0.061059	0.061059
1.350000	0.061037	0.061037
1.360000	0.061014	0.061014
1.370000	0.060991	0.060991
1.380000	0.060968	0.060968
1.390000	0.060945	0.060945
1.400000	0.060922	0.060922
1.410000	0.060899	0.060899
1.420000	0.060875	0.060875
1.430000	0.060852	0.060852
1.440000	0.060828	0.060828
1.450000	0.060804	0.060804
1.460000	0.060780	0.060780
1.470000	0.060756	0.060756
1.480000	0.060731	0.060731
1.490000	0.060707	0.060707
1.500000	0.060682	0.060682
1.510000	0.060657	0.060657
1.520000	0.060632	0.060632
1.530000	0.060607	0.060607
1.540000	0.060582	0.060582
1.550000	0.060556	0.060556
1.560000	0.060530	0.060530
1.570000	0.060505	0.060505
1.580000	0.060479	0.060479
1.590000	0.060453	0.060453
1.600000	0.060426	0.060426
1.610000	0.060400	0.060400
1.620000	0.060373	0.060373
1.630000	0.060347	0.060347
1.640000	0.060320	0.060320
1.650000	0.060293	0.060293
1.660000	0.060266	0.060266
1.670000	0.060238	0.060238
1.680000	0.060211	0.060211
1.690000	0.060183	0.060183
1.700000	0.060156	0.060156
1.710000	0.060128	0.060128
1.720000	0.060100	0.060100
1.730000	0.060071	0.060071
1.740000	0.060043	0.060043
1.750000	0.060015	0.060015
1.760000	0.059986	0.059986
1.770000	0.059957	0.059957
1.780000	0.059928	0.059928
1.790000	0.059899	0.059899
1.800000	0.059870	0.059870
1.810000	0.059841	0.059841
1.820000	0.059811	0.059811
1.830000	0.059782	0.059782
1.840000	0.059752	0.059752
1.850000	0.059722	0.059722
1.860000	0.059692	0.059692
1.870000	0.059661	0.059661
1.880000	0.059631	0.059631
1.890000	0.059601	0.059601
1.900000	0.059570	0.059570
1.910000	0.059539	0.059539
1.920000	0.059508	0.059508
1.930000	0.059477	0.059477
1.940000	0.059446	0.059446
1.950000	0.059414	0.059414
1.960000	0.059383	0.059383
1.970000	0.059351	0.059351
1.980000	0.059319	0.059319
1.990000	0.059288	0.059288
2.000000	0.059255	0.059255
2.010000	0.059223	0.059223
2.020000	0.059191	0.059191
2.030000	0.059158	0.059158
2.040000	0.059126	0.059126
2.050000	0.059093	0.059093
2.060000	0.059060	0.059060
2.070000	0.059027	0.059027
2.080000	0.058994	0.058994
2.090000	0.058960	0.058960
2.100000	0.058927	0.058927
2.110000	0.058893	0.058893
2.120000	0.058860	0.058860
2.130000	0.058826	0.058826
2.140000	0.058792	0.058792
2.150000	0.058758	0.058758
2.160000	0.058723	0.058723
2.170000	0.058689	0.058689
2.180000	0.058654	0.058654
2.190000	0.058620	0.058620
2.200000	0.058585	0.058585
2.210000	0.058550	0.058550
2.220000	0.058515	0.058515
2.230000	0.058480	0.058480
2.240000	0.058444	0.058444
2.250000	0.058409	0.058409
2.260000	0.058373	0.058373
2.270000	0.058337	0.058337
2.280000	0.058301	0.058301
2.290000	0.058265	0.058265
2.300000	0.058229	0.058229
2.310000	0.058193	0.058193
2.320000	0.058157	0.058157
2.330000	0.058120	0.058120
2.340000	0.058083	0.058083
2.350000	0.058047	0.058047
2.360000	0.058010	0.058010
2.370000	0.057973	0.057973
2.380000	0.057935	0.057935
2.390000	0.057898	0.057898
2.400000	0.057861	0.057861
2.410000	0.057823	0.057823
2.420000	0.057785	0.057785
2.430000	0.057747	0.057747
2.440000	0.057710	0.057710
2.450000	0.057671	0.057671
2.460000	0.057633	0.057633
2.470000	0.057595	0.057595
2.480000	0.057556	0.057556
2.490000	0.057518	0.057518
2.500000	0.057479	0.057479
2.510000	0.057440	0.057440
2.520000	0.057401	0.057401
2.530000	0.057362	0.057362
2.540000	0.057323	0.057323
2.550000	0.057284	0.057284
2.560000	0.057244	0.057244
2.570000	0.057205	0.057205
2.580000	0.057165	0.057165
2.590000	0.057125	0.057125
2.600000	0.057085	0.057085
2.610000	0.057045	0.057045
2.620000	0.057005	0.057005
2.630000	0.056965	0.056965
2.640000	0.056924	0.056924
2.650000	0.056884	0.056884
2.660000	0.056843	0.056843
2.670000	0.056802	0.056802
2.680000	0.056762	0.056762
2.690000	0.056721	0.056721
2.700000	0.056679	0.056679
2.710000	0.056638	0.056638
2.720000	0.056597	0.056597
2.730000	0.056555	0.056555
2.740000	0.056514	0.056514
2.750000	0.056472	0.056472
2.760000	0.056430	0.056430
2.770000	0.056388	0.056388
2.780000	0.056346	0.056346
2.790000	0.056304	0.056304
2.800000	0.056262	0.056262
2.810000	0.056219	0.056219
2.820000	0.056177	0.056177
2.830000	0.056134	0.056134
2.840000	0.056091	0.056091
2.850000	0.056049	0.056049
2.860000	0.056006	0.056006
2.870000	0.055963	0.055963
2.880000	0.055919	0.055919
2.890000	0.055876	0.055876
2.900000	0.055833	0.055833
2.910000	0.055789	0.055789
2.920000	0.055746	0.055746
2.930000	0.055702	0.055702
2.940000	0.055658	0.055658
2.950000	0.055614	0.055614
2.960000	0.055570	0.055570
2.970000	0.055526	0.055526
2.980000	0.055482	0.055482
2.990000	0.055437	0.055437
3.000000	0.055393	0.055393
3.010000	0.055348	0.055348
3.020000	0.055303	0.055303
3.030000	0.055259	0.055259
3.040000	0.055214	0.055214
3.050000	0.055169	0.055169
3.060000	0.055124	0.055124
3.070000	0.055078	0.055078
3.080000	0.055033	0.055033
3.090000	0.054988	0.054988
3.100000	0.054942	0.054942
3.110000	0.054896	0.054896
3.120000	0.054851	0.054851
3.130000	0.054805	0.054805
3.140000	0.054759	0.054759
3.150000	0.054713	0.054713
3.160000	0.054667	0.054667
3.170000	0.054620	0.054620
3.180000	0.054574	0.054574
3.190000	0.054528	0.054528
3.200000	0.054481	0.054481
3.210000	0.054434	0.054434
3.220000	0.054388	0.054388
3.230000	0.054341	0.054341
3.240000	0.054294	0.054294
3.250000	0.054247	0.054247
3.260000	0.054200	0.054200
3.270000	0.054153	0.054153
3.280000	0.054105	0.054105
3.290000	0.054058	0.054058
3.300000	0.054010	0.054010
3.310000	0.053963	0.053963
3.320000	0.053915	0.053915
3.330000	0.053867	0.053867
3.340000	0.053819	0.053819
3.350000	0.053771	0.053771
3.360000	0.053723	0.053723
3.370000	0.053675	0.053675
3.380000	0.053627	0.053627
3.390000	0.053578	0.053578
3.400000	0.053530	0.053530
3.410000	0.053481	0.053481
3.420000	0.053433	0.053433
3.430000	0.053384	0.053384
3.440000	0.053335	0.053335
3.450000	0.053286	0.053286
3.460000	0.053237	0.053237
3.470000	0.053188	0.053188
3.480000	0.053139	0.053139
3.490000	0.053090	0.053090
3.500000	0.053041	0.053041
3.510000	0.052991	0.052991
3.520000	0.052942	0.052942
3.530000	0.052892	0.052892
3.540000	0.052842	0.052842
3.550000	0.052793	0.052793
3.560000	0.052743	0.052743
3.570000	0.052693	0.052693
3.580000	0.052643	0.052643
3.590000	0.052593	0.052593
3.600000	0.052543	0.052543
3.610000	0.052492	0.052492
3.620000	0.052442	0.052442
3.630000	0.052391	0.052391
3.640000	0.052341	0.052341
3.650000	0.052290	0.052290
3.660000	0.052240	0.052240
3.670000	0.052189	0.052189
3.680000	0.052138	0.052138
3.690000	0.052087	0.052087
3.700000	0.052036	0.052036
3.710000	0.051985	0.051985
3.720000	0.051934	0.051934
3.730000	0.051883	0.051883
3.740000	0.051831	0.051831
3.750000	0.051780	0.051780
3.760000	0.051728	0.051728
3.770000	0.051677	0.051677
3.780000	0.051625	0.051625
3.790000	0.051574	0.051574
3.800000	0.051522	0.051522
3.810000	0.051470	0.051470
3.820000	0.051418	0.051418
3.830000	0.051366	0.051366
3.840000	0.051314	0.051314
3.850000	0.051262	0.051262
3.860000	0.051210	0.051210
3.870000	0.051157	0.051157
3.880000	0.051105	0.051105
3.890000	0.051052	0.051052
3.900000	0.051000	0.051000
3.910000	0.050947	0.050947
3.920000	0.050895	0.050895
3.930000	0.050842	0.050842
3.940000	0.050789	0.050789
3.950000	0.050736	0.050736
3.960000	0.050683	0.050683
3.970000	0.050630	0.050630
3.980000	0.050577	0.050577
3.990000	0.050524	0.050524
4.000000	0.050471	0.050471
4.010000	0.050418	0.050418
4.020000	0.050364	0.050364
4.030000	0.050311	0.050311
4.040000	0.050257	0.050257
4.050000	0.050204	0.050204
4.060000	0.050150	0.050150
4.070000	0.050097	0.050097
4.080000	0.050043	0.050043
4.090000	0.049989	0.049989
4.100000	0.049935	0.049935
4.110000	0.049881	0.049881
4.120000	0.049827	0.049827
4.130000	0.049773	0.049773
4.140000	0.049719	0.049719
4.150000	0.049665	0.049665
4.160000	0.049611	0.049611
4.170000	0.049556	0.049556
4.180000	0.049502	0.049502
4.190000	0.049448	0.049448
4.200000	0.049393	0.049393
4.210000	0.049339	0.049339
4.220000	0.049284	0.049284
4.230000	0.049229	0.049229
4.240000	0.049175	0.049175
4.250000	0.049120	0.049120
4.260000	0.049065	0.049065
4.270000	0.049010	0.049010
4.280000	0.048955	0.048955
4.290000	0.048900	0.048900
4.300000	0.048845	0.048845
4.310000	0.048790	0.048790
4.320000	0.048735	0.048735
4.330000	0.048680	0.048680
4.340000	0.048624	0.048624
4.350000	0.048569	0.048569
4.360000	0.048514	0.048514
4.370000	0.048458	0.048458
4.380000	0.048403	0.048403
4.390000	0.048347	0.048347
4.400000	0.048292	0.048292
4.410000	0.048236	0.048236
4.420000	0.048180	0.048180
4.430000	0.048124	0.048124
4.440000	0.048069	0.048069
4.450000	0.048013	0.048013
4.460000	0.047957	0.047957
4.470000	0.047901	0.047901
4.480000	0.047845	0.047845
4.490000	0.047789	0.047789
4.500000	0.047733	0.047733
4.510000	0.047677	0.047677
4.520000	0.047620	0.047620
4.530000	0.047564	0.047564
4.540000	0.047508	0.047508
4.550000	0.047452	0.047452
4.560000	0.047395	0.047395
4.570000	0.047339	0.047339
4.580000	0.047282	0.047282
4.590000	0.047226	0.047226
4.600000	0.047169	0.047169
4.610000	0.047113	0.047113
4.620000	0.047056	0.047056
4.630000	0.046999	0.046999
4.640000	0.046943	0.046943
4.650000	0.046886	0.046886
4.660000	0.046829	0.046829
4.670000	0.046772	0.046772
4.680000	0.046715	0.046715
4.690000	0.046658	0.046658
4.700000	0.046601	0.046601
4.710000	0.046544	0.046544
4.720000	0.046487	0.046487
4.730000	0.046430	0.046430
4.740000	0.046373	0.046373
4.750000	0.046316	0.046316
4.760000	0.046259	0.046259
4.770000	0.046202	0.046202
4.780000	0.046144	0.046144
4.790000	0.046087	0.046087
4.800000	0.046030	0.046030
4.810000	0.045972	0.045972
4.820000	0.045915	0.045915
4.830000	0.045857	0.045857
4.840000	0.045800	0.045800
4.850000	0.045742	0.045742
4.860000	0.045685	0.045685
4.870000	0.045627	0.045627
4.880000	0.045569	0.045569
4.890000	0.045512	0.045512
4.900000	0.045454	0.045454
4.910000	0.045396	0.045396
4.920000	0.045339	0.045339
4.930000	0.045281	0.045281
4.940000	0.045223	0.045223
4.950000	0.045165	0.045165
4.960000	0.045107	0.045107
4.970000	0.045049	0.045049
4.980000	0.044991	0.044991
4.990000	0.044933	0.044933
5.000000	0.044875	0.044875
5.010000	0.044817	0.044817
5.020000	0.044759	0.044759
5.030000	0.044701	0.044701
5.040000	0.044643	0.044643
5.050000	0.044585	0.044585
5.060000	0.044527	0.044527
5.070000	0.044468	0.044468
5.080000	0.044410	0.044410
5.090000	0.044352	0.044352
5.100000	0.044294	0.044294
5.110000	0.044235	0.044235
5.120000	0.044177	0.044177
5.130000	0.044119	0.044119
5.140000	0.044060	0.044060
5.150000	0.044002	0.044002
5.160000	0.043944	0.043944
5.170000	0.043885	0.043885
5.180000	0.043827	0.043827
5.190000	0.043768	0.043768
5.200000	0.043710	0.043710
5.210000	0.043651	0.043651
5.220000	0.043593	0.043593
5.230000	0.043534	0.043534
5.240000	0.043475	0.043475
5.250000	0.043417	0.043417
5.260000	0.043358	0.043358
5.270000	0.043299	0.043299
5.280000	0.043241	0.043241
5.290000	0.043182	0.043182
5.300000	0.043123	0.043123
5.310000	0.043065	0.043065
5.320000	0.043006	0.043006
5.330000	0.042947	0.042947
5.340000	0.042888	0.042888
5.350000	0.042830	0.042830
5.360000	0.042771	0.042771
5.370000	0.042712	0.042712
5.380000	0.042653	0.042653
5.390000	0.042594	0.042594
5.400000	0.042535	0.042535
5.410000	0.042476	0.042476
5.420000	0.042417	0.042417
5.430000	0.042359	0.042359
5.440000	0.042300	0.042300
5.450000	0.042241	0.042241
5.460000	0.042182	0.042182
5.470000	0.042123	0.042123
5.480000	0.042064	0.042064
5.490000	0.042005	0.042005
5.500000	0.041946	0.041946
5.510000	0.041887	0.041887
5.520000	0.041828	0.041828
5.530000	0.041769	0.041769
5.540000	0.041710	0.041710
5.550000	0.041651	0.041651
5.560000	0.041592	0.041592
5.570000	0.041532	0.041532
5.580000	0.041473	0.041473
5.590000	0.041414	0.041414
5.600000	0.041355	0.041355
5.610000	0.041296	0.041296
5.620000	0.041237	0.041237
5.630000	0.041178	0.041178
5.640000	0.041119	0.041119
5.650000	0.041060	0.041060
5.660000	0.041000	0.041000
5.670000	0.040941	0.040941
5.680000	0.040882	0.040882
5.690000	0.040823	0.040823
5.700000	0.040764	0.040764
5.710000	0.040705	0.040705
5.720000	0.040645	0.040645
5.730000	0.040586	0.040586
5.740000	0.040527	0.040527
5.750000	0.040468	0.040468
5.760000	0.040409	0.040409
5.770000	0.040350	0.040350
5.780000	0.040290	0.040290
5.790000	0.040231	0.040231
5.800000	0.040172	0.040172
5.810000	0.040113	0.040113
5.820000	0.040054	0.040054
5.830000	0.039994	0.039994
5.840000	0.039935	0.039935
5.850000	0.039876	0.039876
5.860000	0.039817	0.039817
5.870000	0.039758	0.039758
5.880000	0.039698	0.039698
5.890000	0.039639	0.039639
5.900000	0.039580	0.039580
5.910000	0.039521	0.039521
5.920000	0.039462	0.039462
5.930000	0.039402	0.039402
5.940000	0.039343	0.039343
5.950000	0.039284	0.039284
5.960000	0.039225	0.039225
5.970000	0.039166	0.039166
5.980000	0.039107	0.039107
5.990000	0.039047	0.039047
6.000000	0.038988	0.038988
6.010000	0.038929	0.038929
6.020000	0.038870	0.038870
6.030000	0.038811	0.038811
6.040000	0.038752	0.038752
6.050000	0.038693	0.038693
6.060000	0.038633	0.038633
6.070000	0.038574	0.038574
6.080000	0.038515	0.038515
6.090000	0.038456	0.038456
6.100000	0.038397	0.038397
6.110000	0.038338	0.038338
6.120000	0.038279	0.038279
6.130000	0.038220	0.038220
6.140000	0.038161	0.038161
6.150000	0.038102	0.038102
6.160000	0.038043	0.038043
6.170000	0.037984	0.037984
6.180000	0.037925	0.037925
6.190000	0.037866	0.037866
6.200000	0.037807	0.037807
6.210000	0.037748	0.037748
6.220000	0.037689	0.037689
6.230000	0.037630	0.037630
6.240000	0.037571	0.037571
6.250000	0.037512	0.037512
6.260000	0.037453	0.037453
6.270000	0.037394	0.037394
6.280000	0.037335	0.037335
6.290000	0.037276	0.037276
6.300000	0.037217	0.037217
6.310000	0.037158	0.037158
6.320000	0.037100	0.037100
6.330000	0.037041	0.037041
6.340000	0.036982	0.036982
6.350000	0.036923	0.036923
6.360000	0.036864	0.036864
6.370000	0.036806	0.036806
6.380000	0.036747	0.036747
6.390000	0.036688	0.036688
6.400000	0.036629	0.036629
6.410000	0.036571	0.036571
6.420000	0.036512	0.036512
6.430000	0.036453	0.036453
6.440000	0.036395	0.036395
6.450000	0.036336	0.036336
6.460000	0.036277	0.036277
6.470000	0.036219	0.036219
6.480000	0.036160	0.036160
6.490000	0.036102	0.036102
6.500000	0.036043	0.036043
6.510000	0.035985	0.035985
6.520000	0.035926	0.035926
6.530000	0.035868	0.035868
6.540000	0.035809	0.035809
6.550000	0.035751	0.035751
6.560000	0.035692	0.035692
6.570000	0.035634	0.035634
6.580000	0.035575	0.035575
6.590000	0.035517	0.035517
6.600000	0.035459	0.035459
6.610000	0.035400	0.035400
6.620000	0.035342	0.035342
6.630000	0.035284	0.035284
6.640000	0.035226	0.035226
6.650000	0.035167	0.035167
6.660000	0.035109	0.035109
6.670000	0.035051	0.035051
6.680000	0.034993	0.034993
6.690000	0.034935	0.034935
6.700000	0.034877	0.034877
6.710000	0.034818	0.034818
6.720000	0.034760	0.034760
6.730000	0.034702	0.034702
6.740000	0.034644	0.034644
6.750000	0.034586	0.034586
6.760000	0.034528	0.034528
6.770000	0.034470	0.034470
6.780000	0.034413	0.034413
6.790000	0.034355	0.034355
6.800000	0.034297	0.034297
6.810000	0.034239	0.034239
6.820000	0.034181	0.034181
6.830000	0.034123	0.034123
6.840000	0.034066	0.034066
6.850000	0.034008	0.034008
6.860000	0.033950	0.033950
6.870000	0.033893	0.033893
6.880000	0.033835	0.033835
6.890000	0.033777	0.033777
6.900000	0.033720	0.033720
6.910000	0.033662	0.033662
6.920000	0.033605	0.033605
6.930000	0.033547	0.033547
6.940000	0.033490	0.033490
6.950000	0.033432	0.033432
6.960000	0.033375	0.033375
6.970000	0.033318	0.033318
6.980000	0.033260	0.033260
6.990000	0.033203	0.033203
7.000000	0.033146	0.033146
7.010000	0.033088	0.033088
7.020000	0.033031	0.033031
7.030000	0.032974	0.032974
7.040000	0.032917	0.032917
7.050000	0.032860	0.032860
7.060000	0.032803	0.032803
7.070000	0.032746	0.032746
7.080000	0.032689	0.032689
7.090000	0.032632	0.032632
7.100000	0.032575	0.032575
7.110000	0.032518	0.032518
7.120000	0.032461	0.032461
7.130000	0.032404	0.032404
7.140000	0.032347	0.032347
7.150000	0.032290	0.032290
7.160000	0.032234	0.032234
7.170000	0.032177	0.032177
7.180000	0.032120	0.032120
7.190000	0.032064	0.032064
7.200000	0.032007	0.032007
7.210000	0.031950	0.031950
7.220000	0.031894	0.031894
7.230000	0.031837	0.031837
7.240000	0.031781	0.031781
7.250000	0.031724	0.031724
7.260000	0.031668	0.031668
7.270000	0.031612	0.031612
7.280000	0.031555	0.031555
7.290000	0.031499	0.031499
7.300000	0.031443	0.031443
7.310000	0.031387	0.031387
7.320000	0.031331	0.031331
7.330000	0.031274	0.031274
7.340000	0.031218	0.031218
7.350000	0.031162	0.031162
7.360000	0.031106	0.031106
7.370000	0.031050	0.031050
7.380000	0.030994	0.030994
7.390000	0.030939	0.030939
7.400000	0.030883	0.030883
7.410000	0.030827	0.030827
7.420000	0.030771	0.030771
7.430000	0.030715	0.030715
7.440000	0.030660	0.030660
7.450000	0.030604	0.030604
7.460000	0.030548	0.030548
7.470000	0.030493	0.030493
7.480000	0.030437	0.030437
7.490000	0.030382	0.030382
7.500000	0.030326	0.030326
7.510000	0.030271	0.030271
7.520000	0.030216	0.030216
7.530000	0.030160	0.030160
7.540000	0.030105	0.030105
7.550000	0.030050	0.030050
7.560000	0.029995	0.029995
7.570000	0.029939	0.029939
7.580000	0.029884	0.029884
7.590000	0.029829	0.029829
7.600000	0.029774	0.029774
7.610000	0.029719	0.029719
7.620000	0.029664	0.029664
7.630000	0.029609	0.029609
7.640000	0.029555	0.029555
7.650000	0.029500	0.029500
7.660000	0.029445	0.029445
7.670000	0.029390	0.029390
7.680000	0.029336	0.029336
7.690000	0.029281	0.029281
7.700000	0.029226	0.029226
7.710000	0.029172	0.029172
7.720000	0.029117	0.029117
7.730000	0.029063	0.029063
7.740000	0.029009	0.029009
7.750000	0.028954	0.028954
7.760000	0.028900	0.028900
7.770000	0.028846	0.028846
7.780000	0.028791	0.028791
7.790000	0.028737	0.028737
7.800000	0.028683	0.028683
7.810000	0.028629	0.028629
7.820000	0.028575	0.028575
7.830000	0.028521	0.028521
7.840000	0.028467	0.028467
7.850000	0.028413	0.028413
7.860000	0.028359	0.028359
7.870000	0.028306	0.028306
7.880000	0.028252	0.028252
7.890000	0.028198	0.028198
7.900000	0.028144	0.028144
7.910000	0.028091	0.028091
7.920000	0.028037	0.028037
7.930000	0.027984	0.027984
7.940000	0.027930	0.027930
7.950000	0.027877	0.027877
7.960000	0.027824	0.027824
7.970000	0.027770	0.027770
7.980000	0.027717	0.027717
7.990000	0.027664	0.027664
8.000000	0.027611	0.027611
8.010000	0.027557	0.027557
8.020000	0.027504	0.027504
8.030000	0.027451	0.027451
8.040000	0.027398	0.027398
8.050000	0.027345	0.027345
8.060000	0.027293	0.027293
8.070000	0.027240	0.027240
8.080000	0.027187	0.027187
8.090000	0.027134	0.027134
8.100000	0.027082	0.027082
8.110000	0.027029	0.027029
8.120000	0.026977	0.026977
8.130000	0.026924	0.026924
8.140000	0.026872	0.026872
8.150000	0.026819	0.026819
8.160000	0.026767	0.026767
8.170000	0.026714	0.026714
8.180000	0.026662	0.026662
8.190000	0.026610	0.026610
8.200000	0.026558	0.026558
8.210000	0.026506	0.026506
8.220000	0.026454	0.026454
8.230000	0.026402	0.026402
8.240000	0.026350	0.026350
8.250000	0.026298	0.026298
8.260000	0.026246	0.026246
8.270000	0.026194	0.026194
8.280000	0.026143	0.026143
8.290000	0.026091	0.026091
8.300000	0.026039	0.026039
8.310000	0.025988	0.025988
8.320000	0.025936	0.025936
8.330000	0.025885	0.025885
8.340000	0.025833	0.025833
8.350000	0.025782	0.025782
8.360000	0.025731	0.025731
8.370000	0.025679	0.025679
8.380000	0.025628	0.025628
8.390000	0.025577	0.025577
8.400000	0.025526	0.025526
8.410000	0.025475	0.025475
8.420000	0.025424	0.025424
8.430000	0.025373	0.025373
8.440000	0.025322	0.025322
8.450000	0.025272	0.025272
8.460000	0.025221	0.025221
8.470000	0.025170	0.025170
8.480000	0.025119	0.025119
8.490000	0.025069	0.025069
8.500000	0.025018	0.025018
8.510000	0.024968	0.024968
8.520000	0.024917	0.024917
8.530000	0.024867	0.024867
8.540000	0.024817	0.024817
8.550000	0.024767	0.024767
8.560000	0.024716	0.024716
8.570000	0.024666	0.024666
8.580000	0.024616	0.024616
8.590000	0.024566	0.024566
8.600000	0.024516	0.024516
8.610000	0.024466	0.024466
8.620000	0.024416	0.024416
8.630000	0.024367	0.024367
8.640000	0.024317	0.024317
8.650000	0.024267	0.024267
8.660000	0.024218	0.024218
8.670000	0.024168	0.024168
8.680000	0.024118	0.024118
8.690000	0.024069	0.024069
8.700000	0.024020	0.024020
8.710000	0.023970	0.023970
8.720000	0.023921	0.023921
8.730000	0.023872	0.023872
8.740000	0.023823	0.023823
8.750000	0.023773	0.023773
8.760000	0.023724	0.023724
8.770000	0.023675	0.023675
8.780000	0.023626	0.023626
8.790000	0.023578	0.023578
8.800000	0.023529	0.023529
8.810000	0.023480	0.023480
8.820000	0.023431	0.023431
8.830000	0.023383	0.023383
8.840000	0.023334	0.023334
8.850000	0.023286	0.023286
8.860000	0.023237	0.023237
8.870000	0.023189	0.023189
8.880000	0.023140	0.023140
8.890000	0.023092	0.023092
8.900000	0.023044	0.023044
8.910000	0.022996	0.022996
8.920000	0.022948	0.022948
8.930000	0.022900	0.022900
8.940000	0.022852	0.022852
8.950000	0.022804	0.022804
8.960000	0.022756	0.022756
8.970000	0.022708	0.022708
8.980000	0.022660	0.022660
8.990000	0.022612	0.022612
9.000000	0.022565	0.022565
9.010000	0.022517	0.022517
9.020000	0.022470	0.022470
9.030000	0.022422	0.022422
9.040000	0.022375	0.022375
9.050000	0.022328	0.022328
9.060000	0.022280	0.022280
9.070000	0.022233	0.022233
9.080000	0.022186	0.022186
9.090000	0.022139	0.022139
9.100000	0.022092	0.022092
9.110000	0.022045	0.022045
9.120000	0.021998	0.021998
9.130000	0.021951	0.021951
9.140000	0.021904	0.021904
9.150000	0.021858	0.021858
9.160000	0.021811	0.021811
9.170000	0.021764	0.021764
9.180000	0.021718	0.021718
9.190000	0.021671	0.021671
9.200000	0.021625	0.021625
9.210000	0.021578	0.021578
9.220000	0.021532	0.021532
9.230000	0.021486	0.021486
9.240000	0.021440	0.021440
9.250000	0.021394	0.021394
9.260000	0.021348	0.021348
9.270000	0.021302	0.021302
9.280000	0.021256	0.021256
9.290000	0.021210	0.021210
9.300000	0.021164	0.021164
9.310000	0.021118	0.021118
9.320000	0.021073	0.021073
9.330000	0.021027	0.021027
9.340000	0.020981	0.020981
9.350000	0.020936	0.020936
9.360000	0.020890	0.020890
9.370000	0.020845	0.020845
9.380000	0.020800	0.020800
9.390000	0.020754	0.020754
9.400000	0.020709	0.020709
9.410000	0.020664	0.020664
9.420000	0.020619	0.020619
9.430000	0.020574	0.020574
9.440000	0.020529	0.020529
9.450000	0.020484	0.020484
9.460000	0.020439	0.020439
9.470000	0.020395	0.020395
9.480000	0.020350	0.020350
9.490000	0.020305	0.020305
9.500000	0.020261	0.020261
9.510000	0.020216	0.020216
9.520000	0.020172	0.020172
9.530000	0.020127	0.020127
9.540000	0.020083	0.020083
9.550000	0.020039	0.020039
9.560000	0.019995	0.019995
9.570000	0.019951	0.019951
9.580000	0.019906	0.019906
9.590000	0.019862	0.019862
9.600000	0.019819	0.019819
9.610000	0.019775	0.019775
9.620000	0.019731	0.019731
9.630000	0.019687	0.019687
9.640000	0.019643	0.019643
9.650000	0.019600	0.019600
9.660000	0.019556	0.019556
9.670000	0.019513	0.019513
9.680000	0.019469	0.019469
9.690000	0.019426	0.019426
9.700000	0.019383	0.019383
9.710000	0.019339	0.019339
9.720000	0.019296	0.019296
9.730000	0.019253	0.019253
9.740000	0.019210	0.019210
9.750000	0.019167	0.019167
9.760000	0.019124	0.019124
9.770000	0.019081	0.019081
9.780000	0.019038	0.019038
9.790000	0.018996	0.018996
9.800000	0.018953	0.018953
9.810000	0.018910	0.018910
9.820000	0.018868	0.018868
9.830000	0.018825	0.018825
9.840000	0.018783	0.018783
9.850000	0.018741	0.018741
9.860000	0.018698	0.018698
9.870000	0.018656	0.018656
9.880000	0.018614	0.018614
9.890000	0.018572	0.018572
9.900000	0.018530	0.018530
9.910000	0.018488	0.018488
9.920000	0.018446	0.018446
9.930000	0.018404	0.018404
9.940000	0.018362	0.018362
9.950000	0.018320	0.018320
9.960000	0.018279	0.018279
9.970000	0.018237	0.018237
9.980000	0.018196	0.018196
9.990000	0.018154	0.018154
10.000000	0.018113	0.018113
