-10.000000	0.036210	0.011200
-9.990000	0.036252	0.011220
-9.980000	0.036295	0.011240
-9.970000	0.036337	0.011260
-9.960000	0.036379	0.011281
-9.950000	0.036422	0.011301
-9.940000	0.036464	0.011322
-9.930000	0.036506	0.011342
-9.920000	0.036549	0.011362
-9.910000	0.036591	0.011383
-9.900000	0.036633	0.011403
-9.890000	0.036675	0.011424
-9.880000	0.036718	0.011445
-9.870000	0.036760	0.011465
-9.860000	0.036802	0.011486
-9.850000	0.036844	0.011507
-9.840000	0.036887	0.011527
-9.830000	0.036929	0.011548
-9.820000	0.036971	0.011569
-9.810000	0.037013	0.011590
-9.800000	0.037055	0.011610
-9.790000	0.037097	0.011631
-9.780000	0.037139	0.011652
-9.770000	0.037182	0.011673
-9.760000	0.037224	0.011694
-9.750000	0.037266	0.011715
-9.740000	0.037308	0.011736
-9.730000	0.037350	0.011757
-9.720000	0.037392	0.011778
-9.710000	0.037434	0.011799
-9.700000	0.037476	0.011820
-9.690000	0.037518	0.011841
-9.680000	0.037560	0.011863
-9.670000	0.037602	0.011884
-9.660000	0.037644	0.011905
-9.650000	0.037685	0.011926
-9.640000	0.037727	0.011948
-9.630000	0.037769	0.011969
-9.620000	0.037811	0.011990
-9.610000	0.037853	0.012012
-9.600000	0.037895	0.012033
-9.590000	0.037936	0.012055
-9.580000	0.037978	0.012076
-9.570000	0.038020	0.012098
-9.560000	0.038062	0.012119
-9.550000	0.038103	0.012141
-9.540000	0.038145	0.012162
-9.530000	0.038187	0.012184
-9.520000	0.038228	0.012206
-9.510000	0.038270	0.012228
-9.500000	0.038312	0.012249
-9.490000	0.038353	0.012271
-9.480000	0.038395	0.012293
-9.470000	0.038436	0.012315
-9.460000	0.038478	0.012337
-9.450000	0.038519	0.012358
-9.440000	0.038561	0.012380
-9.430000	0.038602	0.012402
-9.420000	0.038644	0.012424
-9.410000	0.038685	0.012446
-9.400000	0.038726	0.012468
-9.390000	0.038768	0.012490
-9.380000	0.038809	0.012513
-9.370000	0.038850	0.012535
-9.360000	0.038892	0.012557
-9.350000	0.038933	0.012579
-9.340000	0.038974	0.012601
-9.330000	0.039015	0.012624
-9.320000	0.039057	0.012646
-9.310000	0.039098	0.012668
-9.300000	0.039139	0.012691
-9.290000	0.039180	0.012713
-9.280000	0.039221	0.012735
-9.270000	0.039262	0.012758
-9.260000	0.039303	0.012780
-9.250000	0.039344	0.012803
-9.240000	0.039385	0.012825
-9.230000	0.039426	0.012848
-9.220000	0.039467	0.012871
-9.210000	0.039508	0.012893
-9.200000	0.039549	0.012916
-9.190000	0.039590	0.012939
-9.180000	0.039631	0.012961
-9.170000	0.039671	0.012984
-9.160000	0.039712	0.013007
-9.150000	0.039753	0.013030
-9.140000	0.039794	0.013053
-9.130000	0.039834	0.013076
-9.120000	0.039875	0.013098
-9.110000	0.039916	0.013121
-9.100000	0.039956	0.013144
-9.090000	0.039997	0.013167
-9.080000	0.040037	0.013190
-9.070000	0.040078	0.013214
-9.060000	0.040118	0.013237
-9.050000	0.040159	0.013260
-9.040000	0.040199	0.013283
-9.030000	0.040239	0.013306
-9.020000	0.040280	0.013329
-9.010000	0.040320	0.013353
-9.000000	0.040360	0.013376
-8.990000	0.040401	0.013399
-8.980000	0.040441	0.013423
-8.970000	0.040481	0.013446
-8.960000	0.040521	0.013470
-8.950000	0.040561	0.013493
-8.940000	0.040601	0.013517
-8.930000	0.040641	0.013540
-8.920000	0.040682	0.013564
-8.910000	0.040722	0.013587
-8.900000	0.040761	0.013611
-8.890000	0.040801	0.013635
-8.880000	0.040841	0.013658
-8.870000	0.040881	0.013682
-8.860000	0.040921	0.013706
-8.850000	0.040961	0.013730
-8.840000	0.041000	0.013753
-8.830000	0.041040	0.013777
-8.820000	0.041080	0.013801
-8.810000	0.041119	0.013825
-8.800000	0.041159	0.013849
-8.790000	0.041199	0.013873
-8.780000	0.041238	0.013897
-8.770000	0.041278	0.013921
-8.760000	0.041317	0.013945
-8.750000	0.041357	0.013969
-8.740000	0.041396	0.013993
-8.730000	0.041435	0.014018
-8.720000	0.041475	0.014042
-8.710000	0.041514	0.014066
-8.700000	0.041553	0.014090
-8.690000	0.041592	0.014115
-8.680000	0.041631	0.014139
-8.670000	0.041670	0.014163
-8.660000	0.041710	0.014188
-8.650000	0.041749	0.014212
-8.640000	0.041788	0.014237
-8.630000	0.041827	0.014261
-8.620000	0.041865	0.014286
-8.610000	0.041904	0.014310
-8.600000	0.041943	0.014335
-8.590000	0.041982	0.014359
-8.580000	0.042021	0.014384
-8.570000	0.042059	0.014409
-8.560000	0.042098	0.014434
-8.550000	0.042137	0.014458
-8.540000	0.042175	0.014483
-8.530000	0.042214	0.014508
-8.520000	0.042252	0.014533
-8.510000	0.042291	0.014558
-8.500000	0.042329	0.014583
-8.490000	0.042367	0.014608
-8.480000	0.042406	0.014633
-8.470000	0.042444	0.014658
-8.460000	0.042482	0.014683
-8.450000	0.042520	0.014708
-8.440000	0.042559	0.014733
-8.430000	0.042597	0.014758
-8.420000	0.042635	0.014783
-8.410000	0.042673	0.014808
-8.400000	0.042711	0.014834
-8.390000	0.042749	0.014859
-8.380000	0.042787	0.014884
-8.370000	0.042824	0.014910
-8.360000	0.042862	0.014935
-8.350000	0.042900	0.014960
-8.340000	0.042938	0.014986
-8.330000	0.042975	0.015011
-8.320000	0.043013	0.015037
-8.310000	0.043050	0.015062
-8.300000	0.043088	0.015088
-8.290000	0.043125	0.015114
-8.280000	0.043163	0.015139
-8.270000	0.043200	0.015165
-8.260000	0.043237	0.015191
-8.250000	0.043275	0.015217
-8.240000	0.043312	0.015242
-8.230000	0.043349	0.015268
-8.220000	0.043386	0.015294
-8.210000	0.043423	0.015320
-8.200000	0.043460	0.015346
-8.190000	0.043497	0.015372
-8.180000	0.043534	0.015398
-8.170000	0.043571	0.015424
-8.160000	0.043608	0.015450
-8.150000	0.043644	0.015476
-8.140000	0.043681	0.015502
-8.130000	0.043718	0.015528
-8.120000	0.043754	0.015554
-8.110000	0.043791	0.015581
-8.100000	0.043827	0.015607
-8.090000	0.043864	0.015633
-8.080000	0.043900	0.015659
-8.070000	0.043937	0.015686
-8.060000	0.043973	0.015712
-8.050000	0.044009	0.015739
-8.040000	0.044045	0.015765
-8.030000	0.044081	0.015791
-8.020000	0.044117	0.015818
-8.010000	0.044153	0.015845
-8.000000	0.044189	0.015871
-7.990000	0.044225	0.015898
-7.980000	0.044261	0.015924
-7.970000	0.044297	0.015951
-7.960000	0.044333	0.015978
-7.950000	0.044368	0.016005
-7.940000	0.044404	0.016031
-7.930000	0.044440	0.016058
-7.920000	0.044475	0.016085
-7.910000	0.044511	0.016112
-7.900000	0.044546	0.016139
-7.890000	0.044581	0.016166
-7.880000	0.044617	0.016193
-7.870000	0.044652	0.016220
-7.860000	0.044687	0.016247
-7.850000	0.044722	0.016274
-7.840000	0.044757	0.016301
-7.830000	0.044792	0.016328
-7.820000	0.044827	0.016355
-7.810000	0.044862	0.016383
-7.800000	0.044897	0.016410
-7.790000	0.044932	0.016437
-7.780000	0.044966	0.016464
-7.770000	0.045001	0.016492
-7.760000	0.045036	0.016519
-7.750000	0.045070	0.016547
-7.740000	0.045105	0.016574
-7.730000	0.045139	0.016602
-7.720000	0.045173	0.016629
-7.710000	0.045208	0.016657
-7.700000	0.045242	0.016684
-7.690000	0.045276	0.016712
-7.680000	0.045310	0.016739
-7.670000	0.045344	0.016767
-7.660000	0.045378	0.016795
-7.650000	0.045412	0.016823
-7.640000	0.045446	0.016850
-7.630000	0.045480	0.016878
-7.620000	0.045514	0.016906
-7.610000	0.045547	0.016934
-7.600000	0.045581	0.016962
-7.590000	0.045614	0.016990
-7.580000	0.045648	0.017018
-7.570000	0.045681	0.017046
-7.560000	0.045715	0.017074
-7.550000	0.045748	0.017102
-7.540000	0.045781	0.017130
-7.530000	0.045814	0.017158
-7.520000	0.045847	0.017187
-7.510000	0.045880	0.017215
-7.500000	0.045913	0.017243
-7.490000	0.045946	0.017271
-7.480000	0.045979	0.017300
-7.470000	0.046012	0.017328
-7.460000	0.046044	0.017356
-7.450000	0.046077	0.017385
-7.440000	0.046110	0.017413
-7.430000	0.046142	0.017442
-7.420000	0.046175	0.017470
-7.410000	0.046207	0.017499
-7.400000	0.046239	0.017528
-7.390000	0.046271	0.017556
-7.380000	0.046304	0.017585
-7.370000	0.046336	0.017614
-7.360000	0.046368	0.017642
-7.350000	0.046400	0.017671
-7.340000	0.046432	0.017700
-7.330000	0.046463	0.017729
-7.320000	0.046495	0.017758
-7.310000	0.046527	0.017786
-7.300000	0.046558	0.017815
-7.290000	0.046590	0.017844
-7.280000	0.046621	0.017873
-7.270000	0.046653	0.017902
-7.260000	0.046684	0.017931
-7.250000	0.046715	0.017961
-7.240000	0.046747	0.017990
-7.230000	0.046778	0.018019
-7.220000	0.046809	0.018048
-7.210000	0.046840	0.018077
-7.200000	0.046871	0.018107
-7.190000	0.046901	0.018136
-7.180000	0.046932	0.018165
-7.170000	0.046963	0.018195
-7.160000	0.046993	0.018224
-7.150000	0.047024	0.018254
-7.140000	0.047054	0.018283
-7.130000	0.047085	0.018312
-7.120000	0.047115	0.018342
-7.110000	0.047145	0.018372
-7.100000	0.047176	0.018401
-7.090000	0.047206	0.018431
-7.080000	0.047236	0.018461
-7.070000	0.047266	0.018490
-7.060000	0.047296	0.018520
-7.050000	0.047325	0.018550
-7.040000	0.047355	0.018580
-7.030000	0.047385	0.018609
-7.020000	0.047414	0.018639
-7.010000	0.047444	0.018669
-7.000000	0.047473	0.018699
-6.990000	0.047503	0.018729
-6.980000	0.047532	0.018759
-6.970000	0.047561	0.018789
-6.960000	0.047590	0.018819
-6.950000	0.047619	0.018849
-6.940000	0.047648	0.018880
-6.930000	0.047677	0.018910
-6.920000	0.047706	0.018940
-6.910000	0.047735	0.018970
-6.900000	0.047763	0.019001
-6.890000	0.047792	0.019031
-6.880000	0.047820	0.019061
-6.870000	0.047849	0.019092
-6.860000	0.047877	0.019122
-6.850000	0.047905	0.019152
-6.840000	0.047933	0.019183
-6.830000	0.047962	0.019213
-6.820000	0.047990	0.019244
-6.810000	0.048018	0.019275
-6.800000	0.048045	0.019305
-6.790000	0.048073	0.019336
-6.780000	0.048101	0.019367
-6.770000	0.048128	0.019397
-6.760000	0.048156	0.019428
-6.750000	0.048183	0.019459
-6.740000	0.048211	0.019490
-6.730000	0.048238	0.019521
-6.720000	0.048265	0.019551
-6.710000	0.048293	0.019582
-6.700000	0.048320	0.019613
-6.690000	0.048347	0.019644
-6.680000	0.048373	0.019675
-6.670000	0.048400	0.019706
-6.660000	0.048427	0.019737
-6.650000	0.048454	0.019769
-6.640000	0.048480	0.019800
-6.630000	0.048507	0.019831
-6.620000	0.048533	0.019862
-6.610000	0.048559	0.019893
-6.600000	0.048586	0.019925
-6.590000	0.048612	0.019956
-6.580000	0.048638	0.019987
-6.570000	0.048664	0.020019
-6.560000	0.048690	0.020050
-6.550000	0.048716	0.020082
-6.540000	0.048741	0.020113
-6.530000	0.048767	0.020145
-6.520000	0.048792	0.020176
-6.510000	0.048818	0.020208
-6.500000	0.048843	0.020239
-6.490000	0.048869	0.020271
-6.480000	0.048894	0.020303
-6.470000	0.048919	0.020334
-6.460000	0.048944	0.020366
-6.450000	0.048969	0.020398
-6.440000	0.048994	0.020430
-6.430000	0.049019	0.020462
-6.420000	0.049043	0.020493
-6.410000	0.049068	0.020525
-6.400000	0.049092	0.020557
-6.390000	0.049117	0.020589
-6.380000	0.049141	0.020621
-6.370000	0.049165	0.020653
-6.360000	0.049190	0.020685
-6.350000	0.049214	0.020718
-6.340000	0.049238	0.020750
-6.330000	0.049262	0.020782
-6.320000	0.049285	0.020814
-6.310000	0.049309	0.020846
-6.300000	0.049333	0.020879
-6.290000	0.049356	0.020911
-6.280000	0.049380	0.020943
-6.270000	0.049403	0.020976
-6.260000	0.049427	0.021008
-6.250000	0.049450	0.021040
-6.240000	0.049473	0.021073
-6.230000	0.049496	0.021105
-6.220000	0.049519	0.021138
-6.210000	0.049542	0.021171
-6.200000	0.049564	0.021203
-6.190000	0.049587	0.021236
-6.180000	0.049610	0.021268
-6.170000	0.049632	0.021301
-6.160000	0.049654	0.021334
-6.150000	0.049677	0.021367
-6.140000	0.049699	0.021399
-6.130000	0.049721	0.021432
-6.120000	0.049743	0.021465
-6.110000	0.049765	0.021498
-6.100000	0.049787	0.021531
-6.090000	0.049809	0.021564
-6.080000	0.049830	0.021597
-6.070000	0.049852	0.021630
-6.060000	0.049873	0.021663
-6.050000	0.049895	0.021696
-6.040000	0.049916	0.021729
-6.030000	0.049937	0.021762
-6.020000	0.049958	0.021795
-6.010000	0.049979	0.021829
-6.000000	0.050000	0.021862
-5.990000	0.050021	0.021895
-5.980000	0.050042	0.021928
-5.970000	0.050062	0.021962
-5.960000	0.050083	0.021995
-5.950000	0.050103	0.022029
-5.940000	0.050124	0.022062
-5.930000	0.050144	0.022095
-5.920000	0.050164	0.022129
-5.910000	0.050184	0.022163
-5.900000	0.050204	0.022196
-5.890000	0.050224	0.022230
-5.880000	0.050244	0.022263
-5.870000	0.050263	0.022297
-5.860000	0.050283	0.022331
-5.850000	0.050303	0.022364
-5.840000	0.050322	0.022398
-5.830000	0.050341	0.022432
-5.820000	0.050360	0.022466
-5.810000	0.050380	0.022500
-5.800000	0.050399	0.022533
-5.790000	0.050418	0.022567
-5.780000	0.050436	0.022601
-5.770000	0.050455	0.022635
-5.760000	0.050474	0.022669
-5.750000	0.050492	0.022703
-5.740000	0.050511	0.022737
-5.730000	0.050529	0.022771
-5.720000	0.050547	0.022806
-5.710000	0.050565	0.022840
-5.700000	0.050583	0.022874
-5.690000	0.050601	0.022908
-5.680000	0.050619	0.022942
-5.670000	0.050637	0.022977
-5.660000	0.050655	0.023011
-5.650000	0.050672	0.023045
-5.640000	0.050690	0.023080
-5.630000	0.050707	0.023114
-5.620000	0.050724	0.023148
-5.610000	0.050742	0.023183
-5.600000	0.050759	0.023217
-5.590000	0.050776	0.023252
-5.580000	0.050792	0.023286
-5.570000	0.050809	0.023321
-5.560000	0.050826	0.023356
-5.550000	0.050842	0.023390
-5.540000	0.050859	0.023425
-5.530000	0.050875	0.023460
-5.520000	0.050892	0.023494
-5.510000	0.050908	0.023529
-5.500000	0.050924	0.023564
-5.490000	0.050940	0.023599
-5.480000	0.050956	0.023634
-5.470000	0.050971	0.023669
-5.460000	0.050987	0.023703
-5.450000	0.051003	0.023738
-5.440000	0.051018	0.023773
-5.430000	0.051034	0.023808
-5.420000	0.051049	0.023843
-5.410000	0.051064	0.023878
-5.400000	0.051079	0.023914
-5.390000	0.051094	0.023949
-5.380000	0.051109	0.023984
-5.370000	0.051124	0.024019
-5.360000	0.051138	0.024054
-5.350000	0.051153	0.024089
-5.340000	0.051167	0.024125
-5.330000	0.051182	0.024160
-5.320000	0.051196	0.024195
-5.310000	0.051210	0.024231
-5.300000	0.051224	0.024266
-5.290000	0.051238	0.024301
-5.280000	0.051252	0.024337
-5.270000	0.051266	0.024372
-5.260000	0.051279	0.024408
-5.250000	0.051293	0.024443
-5.240000	0.051306	0.024479
-5.230000	0.051320	0.024515
-5.220000	0.051333	0.024550
-5.210000	0.051346	0.024586
-5.200000	0.051359	0.024621
-5.190000	0.051372	0.024657
-5.180000	0.051385	0.024693
-5.170000	0.051398	0.024729
-5.160000	0.051410	0.024764
-5.150000	0.051423	0.024800
-5.140000	0.051435	0.024836
-5.130000	0.051447	0.024872
-5.120000	0.051460	0.024908
-5.110000	0.051472	0.024944
-5.100000	0.051484	0.024980
-5.090000	0.051496	0.025016
-5.080000	0.051507	0.025052
-5.070000	0.051519	0.025088
-5.060000	0.051531	0.025124
-5.050000	0.051542	0.025160
-5.040000	0.051554	0.025196
-5.030000	0.051565	0.025232
-5.020000	0.051576	0.025268
-5.010000	0.051587	0.025305
-5.000000	0.051598	0.025341
-4.990000	0.051609	0.025377
-4.980000	0.051620	0.025413
-4.970000	0.051630	0.025450
-4.960000	0.051641	0.025486
-4.950000	0.051651	0.025522
-4.940000	0.051662	0.025559
-4.930000	0.051672	0.025595
-4.920000	0.051682	0.025632
-4.910000	0.051692	0.025668
-4.900000	0.051702	0.025705
-4.890000	0.051712	0.025741
-4.880000	0.051721	0.025778
-4.870000	0.051731	0.025814
-4.860000	0.051740	0.025851
-4.850000	0.051750	0.025887
-4.840000	0.051759	0.025924
-4.830000	0.051768	0.025961
-4.820000	0.051777	0.025998
-4.810000	0.051786	0.026034
-4.800000	0.051795	0.026071
-4.790000	0.051804	0.026108
-4.780000	0.051813	0.026145
-4.770000	0.051821	0.026182
-4.760000	0.051830	0.026218
-4.750000	0.051838	0.026255
-4.740000	0.051846	0.026292
-4.730000	0.051854	0.026329
-4.720000	0.051862	0.026366
-4.710000	0.051870	0.026403
-4.700000	0.051878	0.026440
-4.690000	0.051886	0.026477
-4.680000	0.051893	0.026514
-4.670000	0.051901	0.026551
-4.660000	0.051908	0.026588
-4.650000	0.051915	0.026626
-4.640000	0.051922	0.026663
-4.630000	0.051930	0.026700
-4.620000	0.051936	0.026737
-4.610000	0.051943	0.026774
-4.600000	0.051950	0.026812
-4.590000	0.051957	0.026849
-4.580000	0.051963	0.026886
-4.570000	0.051970	0.026924
-4.560000	0.051976	0.026961
-4.550000	0.051982	0.026998
-4.540000	0.051988	0.027036
-4.530000	0.051994	0.027073
-4.520000	0.052000	0.027111
-4.510000	0.052006	0.027148
-4.500000	0.052011	0.027186
-4.490000	0.052017	0.027223
-4.480000	0.052022	0.027261
-4.470000	0.052028	0.027298
-4.460000	0.052033	0.027336
-4.450000	0.052038	0.027374
-4.440000	0.052043	0.027411
-4.430000	0.052048	0.027449
-4.420000	0.052053	0.027487
-4.410000	0.052058	0.027524
-4.400000	0.052062	0.027562
-4.390000	0.052067	0.027600
-4.380000	0.052071	0.027638
-4.370000	0.052075	0.027676
-4.360000	0.052079	0.027713
-4.350000	0.052083	0.027751
-4.340000	0.052087	0.027789
-4.330000	0.052091	0.027827
-4.320000	0.052095	0.027865
-4.310000	0.052099	0.027903
-4.300000	0.052102	0.027941
-4.290000	0.052106	0.027979
-4.280000	0.052109	0.028017
-4.270000	0.052112	0.028055
-4.260000	0.052115	0.028093
-4.250000	0.052118	0.028131
-4.240000	0.052121	0.028169
-4.230000	0.052124	0.028207
-4.220000	0.052126	0.028245
-4.210000	0.052129	0.028284
-4.200000	0.052131	0.028322
-4.190000	0.052134	0.028360
-4.180000	0.052136	0.028398
-4.170000	0.052138	0.028437
-4.160000	0.052140	0.028475
-4.150000	0.052142	0.028513
-4.140000	0.052144	0.028551
-4.130000	0.052145	0.028590
-4.120000	0.052147	0.028628
-4.110000	0.052148	0.028667
-4.100000	0.052150	0.028705
-4.090000	0.052151	0.028743
-4.080000	0.052152	0.028782
-4.070000	0.052153	0.028820
-4.060000	0.052154	0.028859
-4.050000	0.052155	0.028897
-4.040000	0.052156	0.028936
-4.030000	0.052156	0.028974
-4.020000	0.052157	0.029013
-4.010000	0.052157	0.029051
-4.000000	0.052157	0.029090
-3.990000	0.052158	0.029129
-3.980000	0.052158	0.029167
-3.970000	0.052158	0.029206
-3.960000	0.052158	0.029245
-3.950000	0.052157	0.029283
-3.940000	0.052157	0.029322
-3.930000	0.052156	0.029361
-3.920000	0.052156	0.029399
-3.910000	0.052155	0.029438
-3.900000	0.052154	0.029477
-3.890000	0.052154	0.029516
-3.880000	0.052153	0.029555
-3.870000	0.052151	0.029593
-3.860000	0.052150	0.029632
-3.850000	0.052149	0.029671
-3.840000	0.052147	0.029710
-3.830000	0.052146	0.029749
-3.820000	0.052144	0.029788
-3.810000	0.052142	0.029827
-3.800000	0.052141	0.029866
-3.790000	0.052139	0.029905
-3.780000	0.052137	0.029944
-3.770000	0.052134	0.029983
-3.760000	0.052132	0.030022
-3.750000	0.052130	0.030061
-3.740000	0.052127	0.030100
-3.730000	0.052125	0.030139
-3.720000	0.052122	0.030178
-3.710000	0.052119	0.030217
-3.700000	0.052116	0.030256
-3.690000	0.052113	0.030295
-3.680000	0.052110	0.030335
-3.670000	0.052107	0.030374
-3.660000	0.052103	0.030413
-3.650000	0.052100	0.030452
-3.640000	0.052096	0.030491
-3.630000	0.052093	0.030531
-3.620000	0.052089	0.030570
-3.610000	0.052085	0.030609
-3.600000	0.052081	0.030649
-3.590000	0.052077	0.030688
-3.580000	0.052073	0.030727
-3.570000	0.052068	0.030766
-3.560000	0.052064	0.030806
-3.550000	0.052059	0.030845
-3.540000	0.052055	0.030885
-3.530000	0.052050	0.030924
-3.520000	0.052045	0.030963
-3.510000	0.052040	0.031003
-3.500000	0.052035	0.031042
-3.490000	0.052030	0.031082
-3.480000	0.052025	0.031121
-3.470000	0.052019	0.031161
-3.460000	0.052014	0.031200
-3.450000	0.052008	0.031239
-3.440000	0.052002	0.031279
-3.430000	0.051997	0.031319
-3.420000	0.051991	0.031358
-3.410000	0.051985	0.031398
-3.400000	0.051978	0.031437
-3.390000	0.051972	0.031477
-3.380000	0.051966	0.031516
-3.370000	0.051959	0.031556
-3.360000	0.051953	0.031596
-3.350000	0.051946	0.031635
-3.340000	0.051940	0.031675
-3.330000	0.051933	0.031714
-3.320000	0.051926	0.031754
-3.310000	0.051919	0.031794
-3.300000	0.051911	0.031833
-3.290000	0.051904	0.031873
-3.280000	0.051897	0.031913
-3.270000	0.051889	0.031953
-3.260000	0.051882	0.031992
-3.250000	0.051874	0.032032
-3.240000	0.051866	0.032072
-3.230000	0.051858	0.032112
-3.220000	0.051850	0.032151
-3.210000	0.051842	0.032191
-3.200000	0.051834	0.032231
-3.190000	0.051826	0.032271
-3.180000	0.051817	0.032310
-3.170000	0.051809	0.032350
-3.160000	0.051800	0.032390
-3.150000	0.051791	0.032430
-3.140000	0.051783	0.032470
-3.130000	0.051774	0.032510
-3.120000	0.051765	0.032549
-3.110000	0.051755	0.032589
-3.100000	0.051746	0.032629
-3.090000	0.051737	0.032669
-3.080000	0.051727	0.032709
-3.070000	0.051718	0.032749
-3.060000	0.051708	0.032789
-3.050000	0.051698	0.032829
-3.040000	0.051688	0.032869
-3.030000	0.051678	0.032909
-3.020000	0.051668	0.032949
-3.010000	0.051658	0.032989
-3.000000	0.051648	0.033028
-2.990000	0.051638	0.033068
-2.980000	0.051627	0.033108
-2.970000	0.051616	0.033148
-2.960000	0.051606	0.033188
-2.950000	0.051595	0.033228
-2.940000	0.051584	0.033268
-2.930000	0.051573	0.033308
-2.920000	0.051562	0.033348
-2.910000	0.051551	0.033388
-2.900000	0.051539	0.033428
-2.890000	0.051528	0.033468
-2.880000	0.051517	0.033509
-2.870000	0.051505	0.033549
-2.860000	0.051493	0.033589
-2.850000	0.051481	0.033629
-2.840000	0.051470	0.033669
-2.830000	0.051458	0.033709
-2.820000	0.051445	0.033749
-2.810000	0.051433	0.033789
-2.800000	0.051421	0.033829
-2.790000	0.051408	0.033869
-2.780000	0.051396	0.033909
-2.770000	0.051383	0.033949
-2.760000	0.051371	0.033989
-2.750000	0.051358	0.034029
-2.740000	0.051345	0.034070
-2.730000	0.051332	0.034110
-2.720000	0.051319	0.034150
-2.710000	0.051306	0.034190
-2.700000	0.051292	0.034230
-2.690000	0.051279	0.034270
-2.680000	0.051265	0.034310
-2.670000	0.051252	0.034350
-2.660000	0.051238	0.034390
-2.650000	0.051224	0.034431
-2.640000	0.051210	0.034471
-2.630000	0.051196	0.034511
-2.620000	0.051182	0.034551
-2.610000	0.051168	0.034591
-2.600000	0.051154	0.034631
-2.590000	0.051139	0.034671
-2.580000	0.051125	0.034711
-2.570000	0.051110	0.034752
-2.560000	0.051096	0.034792
-2.550000	0.051081	0.034832
-2.540000	0.051066	0.034872
-2.530000	0.051051	0.034912
-2.520000	0.051036	0.034952
-2.510000	0.051021	0.034992
-2.500000	0.051005	0.035033
-2.490000	0.050990	0.035073
-2.480000	0.050975	0.035113
-2.470000	0.050959	0.035153
-2.460000	0.050943	0.035193
-2.450000	0.050928	0.035233
-2.440000	0.050912	0.035273
-2.430000	0.050896	0.035313
-2.420000	0.050880	0.035354
-2.410000	0.050864	0.035394
-2.400000	0.050847	0.035434
-2.390000	0.050831	0.035474
-2.380000	0.050815	0.035514
-2.370000	0.050798	0.035554
-2.360000	0.050782	0.035594
-2.350000	0.050765	0.035634
-2.340000	0.050748	0.035675
-2.330000	0.050731	0.035715
-2.320000	0.050714	0.035755
-2.310000	0.050697	0.035795
-2.300000	0.050680	0.035835
-2.290000	0.050663	0.035875
-2.280000	0.050645	0.035915
-2.270000	0.050628	0.035955
-2.260000	0.050610	0.035995
-2.250000	0.050593	0.036035
-2.240000	0.050575	0.036075
-2.230000	0.050557	0.036116
-2.220000	0.050539	0.036156
-2.210000	0.050521	0.036196
-2.200000	0.050503	0.036236
-2.190000	0.050485	0.036276
-2.180000	0.050466	0.036316
-2.170000	0.050448	0.036356
-2.160000	0.050430	0.036396
-2.150000	0.050411	0.036436
-2.140000	0.050392	0.036476
-2.130000	0.050374	0.036516
-2.120000	0.050355	0.036556
-2.110000	0.050336	0.036596
-2.100000	0.050317	0.036636
-2.090000	0.050298	0.036676
-2.080000	0.050278	0.036716
-2.070000	0.050259	0.036756
-2.060000	0.050240	0.036796
-2.050000	0.050220	0.036836
-2.040000	0.050201	0.036876
-2.030000	0.050181	0.036916
-2.020000	0.050161	0.036956
-2.010000	0.050141	0.036995
-2.000000	0.050121	0.037035
-1.990000	0.050101	0.037075
-1.980000	0.050081	0.037115
-1.970000	0.050061	0.037155
-1.960000	0.050041	0.037195
-1.950000	0.050020	0.037235
-1.940000	0.050000	0.037275
-1.930000	0.049979	0.037315
-1.920000	0.049959	0.037354
-1.910000	0.049938	0.037394
-1.900000	0.049917	0.037434
-1.890000	0.049896	0.037474
-1.880000	0.049875	0.037514
-1.870000	0.049854	0.037553
-1.860000	0.049833	0.037593
-1.850000	0.049812	0.037633
-1.840000	0.049790	0.037673
-1.830000	0.049769	0.037712
-1.820000	0.049747	0.037752
-1.810000	0.049726	0.037792
-1.800000	0.049704	0.037831
-1.790000	0.049682	0.037871
-1.780000	0.049661	0.037911
-1.770000	0.049639	0.037951
-1.760000	0.049617	0.037990
-1.750000	0.049594	0.038030
-1.740000	0.049572	0.038069
-1.730000	0.049550	0.038109
-1.720000	0.049527	0.038149
-1.710000	0.049505	0.038188
-1.700000	0.049482	0.038228
-1.690000	0.049460	0.038267
-1.680000	0.049437	0.038307
-1.670000	0.049414	0.038346
-1.660000	0.049391	0.038386
-1.650000	0.049368	0.038425
-1.640000	0.049345	0.038465
-1.630000	0.049322	0.038504
-1.620000	0.049299	0.038544
-1.610000	0.049276	0.038583
-1.600000	0.049252	0.038623
-1.590000	0.049229	0.038662
-1.580000	0.049205	0.038701
-1.570000	0.049182	0.038741
-1.560000	0.049158	0.038780
-1.550000	0.049134	0.038819
-1.540000	0.049110	0.038859
-1.530000	0.049086	0.038898
-1.520000	0.049062	0.038937
-1.510000	0.049038	0.038976
-1.500000	0.049014	0.039016
-1.490000	0.048990	0.039055
-1.480000	0.048965	0.039094
-1.470000	0.048941	0.039133
-1.460000	0.048916	0.039172
-1.450000	0.048892	0.039212
-1.440000	0.048867	0.039251
-1.430000	0.048842	0.039290
-1.420000	0.048817	0.039329
-1.410000	0.048792	0.039368
-1.400000	0.048767	0.039407
-1.390000	0.048742	0.039446
-1.380000	0.048717	0.039485
-1.370000	0.048692	0.039524
-1.360000	0.048667	0.039563
-1.350000	0.048641	0.039602
-1.340000	0.048616	0.039641
-1.330000	0.048590	0.039680
-1.320000	0.048565	0.039719
-1.310000	0.048539	0.039757
-1.300000	0.048513	0.039796
-1.290000	0.048487	0.039835
-1.280000	0.048461	0.039874
-1.270000	0.048435	0.039913
-1.260000	0.048409	0.039951
-1.250000	0.048383	0.039990
-1.240000	0.048357	0.040029
-1.230000	0.048330	0.040067
-1.220000	0.048304	0.040106
-1.210000	0.048277	0.040145
-1.200000	0.048251	0.040183
-1.190000	0.048224	0.040222
-1.180000	0.048198	0.040260
-1.170000	0.048171	0.040299
-1.160000	0.048144	0.040337
-1.150000	0.048117	0.040376
-1.140000	0.048090	0.040414
-1.130000	0.048063	0.040453
-1.120000	0.048036	0.040491
-1.110000	0.048009	0.040529
-1.100000	0.047981	0.040568
-1.090000	0.047954	0.040606
-1.080000	0.047926	0.040644
-1.070000	0.047899	0.040683
-1.060000	0.047871	0.040721
-1.050000	0.047844	0.040759
-1.040000	0.047816	0.040797
-1.030000	0.047788	0.040835
-1.020000	0.047760	0.040874
-1.010000	0.047732	0.040912
-1.000000	0.047704	0.040950
-0.990000	0.047676	0.040988
-0.980000	0.047648	0.041026
-0.970000	0.047620	0.041064
-0.960000	0.047592	0.041102
-0.950000	0.047563	0.041140
-0.940000	0.047535	0.041178
-0.930000	0.047506	0.041215
-0.920000	0.047478	0.041253
-0.910000	0.047449	0.041291
-0.900000	0.047420	0.041329
-0.890000	0.047391	0.041367
-0.880000	0.047363	0.041404
-0.870000	0.047334	0.041442
-0.860000	0.047305	0.041480
-0.850000	0.047276	0.041517
-0.840000	0.047246	0.041555
-0.830000	0.047217	0.041592
-0.820000	0.047188	0.041630
-0.810000	0.047159	0.041667
-0.800000	0.047129	0.041705
-0.790000	0.047100	0.041742
-0.780000	0.047070	0.041780
-0.770000	0.047041	0.041817
-0.760000	0.047011	0.041854
-0.750000	0.046981	0.041892
-0.740000	0.046951	0.041929
-0.730000	0.046921	0.041966
-0.720000	0.046892	0.042003
-0.710000	0.046862	0.042040
-0.700000	0.046831	0.042078
-0.690000	0.046801	0.042115
-0.680000	0.046771	0.042152
-0.670000	0.046741	0.042189
-0.660000	0.046711	0.042226
-0.650000	0.046680	0.042263
-0.640000	0.046650	0.042300
-0.630000	0.046619	0.042336
-0.620000	0.046589	0.042373
-0.610000	0.046558	0.042410
-0.600000	0.046527	0.042447
-0.590000	0.046496	0.042484
-0.580000	0.046466	0.042520
-0.570000	0.046435	0.042557
-0.560000	0.046404	0.042594
-0.550000	0.046373	0.042630
-0.540000	0.046342	0.042667
-0.530000	0.046311	0.042703
-0.520000	0.046279	0.042740
-0.510000	0.046248	0.042776
-0.500000	0.046217	0.042812
-0.490000	0.046185	0.042849
-0.480000	0.046154	0.042885
-0.470000	0.046122	0.042921
-0.460000	0.046091	0.042958
-0.450000	0.046059	0.042994
-0.440000	0.046027	0.043030
-0.430000	0.045996	0.043066
-0.420000	0.045964	0.043102
-0.410000	0.045932	0.043138
-0.400000	0.045900	0.043174
-0.390000	0.045868	0.043210
-0.380000	0.045836	0.043246
-0.370000	0.045804	0.043282
-0.360000	0.045772	0.043318
-0.350000	0.045740	0.043353
-0.340000	0.045707	0.043389
-0.330000	0.045675	0.043425
-0.320000	0.045643	0.043460
-0.310000	0.045610	0.043496
-0.300000	0.045578	0.043532
-0.290000	0.045545	0.043567
-0.280000	0.045512	0.043603
-0.270000	0.045480	0.043638
-0.260000	0.045447	0.043673
-0.250000	0.045414	0.043709
-0.240000	0.045381	0.043744
-0.230000	0.045348	0.043779
-0.220000	0.045316	0.043814
-0.210000	0.045283	0.043850
-0.200000	0.045249	0.043885
-0.190000	0.045216	0.043920
-0.180000	0.045183	0.043955
-0.170000	0.045150	0.043990
-0.160000	0.045117	0.044025
-0.150000	0.045083	0.044060
-0.140000	0.045050	0.044094
-0.130000	0.045017	0.044129
-0.120000	0.044983	0.044164
-0.110000	0.044949	0.044199
-0.100000	0.044916	0.044233
-0.090000	0.044882	0.044268
-0.080000	0.044849	0.044302
-0.070000	0.044815	0.044337
-0.060000	0.044781	0.044371
-0.050000	0.044747	0.044406
-0.040000	0.044713	0.044440
-0.030000	0.044679	0.044474
-0.020000	0.044645	0.044509
-0.010000	0.044611	0.044543
-0.000000	0.044577	0.044577
0.010000	0.044543	0.044611
0.020000	0.044509	0.044645
0.030000	0.044474	0.044679
0.040000	0.044440	0.044713
0.050000	0.044406	0.044747
0.060000	0.044371	0.044781
0.070000	0.044337	0.044815
0.080000	0.044302	0.044849
0.090000	0.044268	0.044882
0.100000	0.044233	0.044916
0.110000	0.044199	0.044949
0.120000	0.044164	0.044983
0.130000	0.044129	0.045017
0.140000	0.044094	0.045050
0.150000	0.044060	0.045083
0.160000	0.044025	0.045117
0.170000	0.043990	0.045150
0.180000	0.043955	0.045183
0.190000	0.043920	0.045216
0.200000	0.043885	0.045249
0.210000	0.043850	0.045283
0.220000	0.043814	0.045316
0.230000	0.043779	0.045348
0.240000	0.043744	0.045381
0.250000	0.043709	0.045414
0.260000	0.043673	0.045447
0.270000	0.043638	0.045480
0.280000	0.043603	0.045512
0.290000	0.043567	0.045545
0.300000	0.043532	0.045578
0.310000	0.043496	0.045610
0.320000	0.043460	0.045643
0.330000	0.043425	0.045675
0.340000	0.043389	0.045707
0.350000	0.043353	0.045740
0.360000	0.043318	0.045772
0.370000	0.043282	0.045804
0.380000	0.043246	0.045836
0.390000	0.043210	0.045868
0.400000	0.043174	0.045900
0.410000	0.043138	0.045932
0.420000	0.043102	0.045964
0.430000	0.043066	0.045996
0.440000	0.043030	0.046027
0.450000	0.042994	0.046059
0.460000	0.042958	0.046091
0.470000	0.042921	0.046122
0.480000	0.042885	0.046154
0.490000	0.042849	0.046185
0.500000	0.042812	0.046217
0.510000	0.042776	0.046248
0.520000	0.042740	0.046279
0.530000	0.042703	0.046311
0.540000	0.042667	0.046342
0.550000	0.042630	0.046373
0.560000	0.042594	0.046404
0.570000	0.042557	0.046435
0.580000	0.042520	0.046466
0.590000	0.042484	0.046496
0.600000	0.042447	0.046527
0.610000	0.042410	0.046558
0.620000	0.042373	0.046589
0.630000	0.042336	0.046619
0.640000	0.042300	0.046650
0.650000	0.042263	0.046680
0.660000	0.042226	0.046711
0.670000	0.042189	0.046741
0.680000	0.042152	0.046771
0.690000	0.042115	0.046801
0.700000	0.042078	0.046831
0.710000	0.042040	0.046862
0.720000	0.042003	0.046892
0.730000	0.041966	0.046921
0.740000	0.041929	0.046951
0.750000	0.041892	0.046981
0.760000	0.041854	0.047011
0.770000	0.041817	0.047041
0.780000	0.041780	0.047070
0.790000	0.041742	0.047100
0.800000	0.041705	0.047129
0.810000	0.041667	0.047159
0.820000	0.041630	0.047188
0.830000	0.041592	0.047217
0.840000	0.041555	0.047246
0.850000	0.041517	0.047276
0.860000	0.041480	0.047305
0.870000	0.041442	0.047334
0.880000	0.041404	0.047363
0.890000	0.041367	0.047391
0.900000	0.041329	0.047420
0.910000	0.041291	0.047449
0.920000	0.041253	0.047478
0.930000	0.041215	0.047506
0.940000	0.041178	0.047535
0.950000	0.041140	0.047563
0.960000	0.041102	0.047592
0.970000	0.041064	0.047620
0.980000	0.041026	0.047648
0.990000	0.040988	0.047676
1.000000	0.040950	0.047704
1.010000	0.040912	0.047732
1.020000	0.040874	0.047760
1.030000	0.040835	0.047788
1.040000	0.040797	0.047816
1.050000	0.040759	0.047844
1.060000	0.040721	0.047871
1.070000	0.040683	0.047899
1.080000	0.040644	0.047926
1.090000	0.040606	0.047954
1.100000	0.040568	0.047981
1.110000	0.040529	0.048009
1.120000	0.040491	0.048036
1.130000	0.040453	0.048063
1.140000	0.040414	0.048090
1.150000	0.040376	0.048117
1.160000	0.040337	0.048144
1.170000	0.040299	0.048171
1.180000	0.040260	0.048198
1.190000	0.040222	0.048224
1.200000	0.040183	0.048251
1.210000	0.040145	0.048277
1.220000	0.040106	0.048304
1.230000	0.040067	0.048330
1.240000	0.040029	0.048357
1.250000	0.039990	0.048383
1.260000	0.039951	0.048409
1.270000	0.039913	0.048435
1.280000	0.039874	0.048461
1.290000	0.039835	0.048487
1.300000	0.039796	0.048513
1.310000	0.039757	0.048539
1.320000	0.039719	0.048565
1.330000	0.039680	0.048590
1.340000	0.039641	0.048616
1.350000	0.039602	0.048641
1.360000	0.039563	0.048667
1.370000	0.039524	0.048692
1.380000	0.039485	0.048717
1.390000	0.039446	0.048742
1.400000	0.039407	0.048767
1.410000	0.039368	0.048792
1.420000	0.039329	0.048817
1.430000	0.039290	0.048842
1.440000	0.039251	0.048867
1.450000	0.039212	0.048892
1.460000	0.039172	0.048916
1.470000	0.039133	0.048941
1.480000	0.039094	0.048965
1.490000	0.039055	0.048990
1.500000	0.039016	0.049014
1.510000	0.038976	0.049038
1.520000	0.038937	0.049062
1.530000	0.038898	0.049086
1.540000	0.038859	0.049110
1.550000	0.038819	0.049134
1.560000	0.038780	0.049158
1.570000	0.038741	0.049182
1.580000	0.038701	0.049205
1.590000	0.038662	0.049229
1.600000	0.038623	0.049252
1.610000	0.038583	0.049276
1.620000	0.038544	0.049299
1.630000	0.038504	0.049322
1.640000	0.038465	0.049345
1.650000	0.038425	0.049368
1.660000	0.038386	0.049391
1.670000	0.038346	0.049414
1.680000	0.038307	0.049437
1.690000	0.038267	0.049460
1.700000	0.038228	0.049482
1.710000	0.038188	0.049505
1.720000	0.038149	0.049527
1.730000	0.038109	0.049550
1.740000	0.038069	0.049572
1.750000	0.038030	0.049594
1.760000	0.037990	0.049617
1.770000	0.037951	0.049639
1.780000	0.037911	0.049661
1.790000	0.037871	0.049682
1.800000	0.037831	0.049704
1.810000	0.037792	0.049726
1.820000	0.037752	0.049747
1.830000	0.037712	0.049769
1.840000	0.037673	0.049790
1.850000	0.037633	0.049812
1.860000	0.037593	0.049833
1.870000	0.037553	0.049854
1.880000	0.037514	0.049875
1.890000	0.037474	0.049896
1.900000	0.037434	0.049917
1.910000	0.037394	0.049938
1.920000	0.037354	0.049959
1.930000	0.037315	0.049979
1.940000	0.037275	0.050000
1.950000	0.037235	0.050020
1.960000	0.037195	0.050041
1.970000	0.037155	0.050061
1.980000	0.037115	0.050081
1.990000	0.037075	0.050101
2.000000	0.037035	0.050121
2.010000	0.036995	0.050141
2.020000	0.036956	0.050161
2.030000	0.036916	0.050181
2.040000	0.036876	0.050201
2.050000	0.036836	0.050220
2.060000	0.036796	0.050240
2.070000	0.036756	0.050259
2.080000	0.036716	0.050278
2.090000	0.036676	0.050298
2.100000	0.036636	0.050317
2.110000	0.036596	0.050336
2.120000	0.036556	0.050355
2.130000	0.036516	0.050374
2.140000	0.036476	0.050392
2.150000	0.036436	0.050411
2.160000	0.036396	0.050430
2.170000	0.036356	0.050448
2.180000	0.036316	0.050466
2.190000	0.036276	0.050485
2.200000	0.036236	0.050503
2.210000	0.036196	0.050521
2.220000	0.036156	0.050539
2.230000	0.036116	0.050557
2.240000	0.036075	0.050575
2.250000	0.036035	0.050593
2.260000	0.035995	0.050610
2.270000	0.035955	0.050628
2.280000	0.035915	0.050645
2.290000	0.035875	0.050663
2.300000	0.035835	0.050680
2.310000	0.035795	0.050697
2.320000	0.035755	0.050714
2.330000	0.035715	0.050731
2.340000	0.035675	0.050748
2.350000	0.035634	0.050765
2.360000	0.035594	0.050782
2.370000	0.035554	0.050798
2.380000	0.035514	0.050815
2.390000	0.035474	0.050831
2.400000	0.035434	0.050847
2.410000	0.035394	0.050864
2.420000	0.035354	0.050880
2.430000	0.035313	0.050896
2.440000	0.035273	0.050912
2.450000	0.035233	0.050928
2.460000	0.035193	0.050943
2.470000	0.035153	0.050959
2.480000	0.035113	0.050975
2.490000	0.035073	0.050990
2.500000	0.035033	0.051005
2.510000	0.034992	0.051021
2.520000	0.034952	0.051036
2.530000	0.034912	0.051051
2.540000	0.034872	0.051066
2.550000	0.034832	0.051081
2.560000	0.034792	0.051096
2.570000	0.034752	0.051110
2.580000	0.034711	0.051125
2.590000	0.034671	0.051139
2.600000	0.034631	0.051154
2.610000	0.034591	0.051168
2.620000	0.034551	0.051182
2.630000	0.034511	0.051196
2.640000	0.034471	0.051210
2.650000	0.034431	0.051224
2.660000	0.034390	0.051238
2.670000	0.034350	0.051252
2.680000	0.034310	0.051265
2.690000	0.034270	0.051279
2.700000	0.034230	0.051292
2.710000	0.034190	0.051306
2.720000	0.034150	0.051319
2.730000	0.034110	0.051332
2.740000	0.034070	0.051345
2.750000	0.034029	0.051358
2.760000	0.033989	0.051371
2.770000	0.033949	0.051383
2.780000	0.033909	0.051396
2.790000	0.033869	0.051408
2.800000	0.033829	0.051421
2.810000	0.033789	0.051433
2.820000	0.033749	0.051445
2.830000	0.033709	0.051458
2.840000	0.033669	0.051470
2.850000	0.033629	0.051481
2.860000	0.033589	0.051493
2.870000	0.033549	0.051505
2.880000	0.033509	0.051517
2.890000	0.033468	0.051528
2.900000	0.033428	0.051539
2.910000	0.033388	0.051551
2.920000	0.033348	0.051562
2.930000	0.033308	0.051573
2.940000	0.033268	0.051584
2.950000	0.033228	0.051595
2.960000	0.033188	0.051606
2.970000	0.033148	0.051616
2.980000	0.033108	0.051627
2.990000	0.033068	0.051638
3.000000	0.033028	0.051648
3.010000	0.032989	0.051658
3.020000	0.032949	0.051668
3.030000	0.032909	0.051678
3.040000	0.032869	0.051688
3.050000	0.032829	0.051698
3.060000	0.032789	0.051708
3.070000	0.032749	0.051718
3.080000	0.032709	0.051727
3.090000	0.032669	0.051737
3.100000	0.032629	0.051746
3.110000	0.032589	0.051755
3.120000	0.032549	0.051765
3.130000	0.032510	0.051774
3.140000	0.032470	0.051783
3.150000	0.032430	0.051791
3.160000	0.032390	0.051800
3.170000	0.032350	0.051809
3.180000	0.032310	0.051817
3.190000	0.032271	0.051826
3.200000	0.032231	0.051834
3.210000	0.032191	0.051842
3.220000	0.032151	0.051850
3.230000	0.032112	0.051858
3.240000	0.032072	0.051866
3.250000	0.032032	0.051874
3.260000	0.031992	0.051882
3.270000	0.031953	0.051889
3.280000	0.031913	0.051897
3.290000	0.031873	0.051904
3.300000	0.031833	0.051911
3.310000	0.031794	0.051919
3.320000	0.031754	0.051926
3.330000	0.031714	0.051933
3.340000	0.031675	0.051940
3.350000	0.031635	0.051946
3.360000	0.031596	0.051953
3.370000	0.031556	0.051959
3.380000	0.031516	0.051966
3.390000	0.031477	0.051972
3.400000	0.031437	0.051978
3.410000	0.031398	0.051985
3.420000	0.031358	0.051991
3.430000	0.031319	0.051997
3.440000	0.031279	0.052002
3.450000	0.031239	0.052008
3.460000	0.031200	0.052014
3.470000	0.031161	0.052019
3.480000	0.031121	0.052025
3.490000	0.031082	0.052030
3.500000	0.031042	0.052035
3.510000	0.031003	0.052040
3.520000	0.030963	0.052045
3.530000	0.030924	0.052050
3.540000	0.030885	0.052055
3.550000	0.030845	0.052059
3.560000	0.030806	0.052064
3.570000	0.030766	0.052068
3.580000	0.030727	0.052073
3.590000	0.030688	0.052077
3.600000	0.030649	0.052081
3.610000	0.030609	0.052085
3.620000	0.030570	0.052089
3.630000	0.030531	0.052093
3.640000	0.030491	0.052096
3.650000	0.030452	0.052100
3.660000	0.030413	0.052103
3.670000	0.030374	0.052107
3.680000	0.030335	0.052110
3.690000	0.030295	0.052113
3.700000	0.030256	0.052116
3.710000	0.030217	0.052119
3.720000	0.030178	0.052122
3.730000	0.030139	0.052125
3.740000	0.030100	0.052127
3.750000	0.030061	0.052130
3.760000	0.030022	0.052132
3.770000	0.029983	0.052134
3.780000	0.029944	0.052137
3.790000	0.029905	0.052139
3.800000	0.029866	0.052141
3.810000	0.029827	0.052142
3.820000	0.029788	0.052144
3.830000	0.029749	0.052146
3.840000	0.029710	0.052147
3.850000	0.029671	0.052149
3.860000	0.029632	0.052150
3.870000	0.029593	0.052151
3.880000	0.029555	0.052153
3.890000	0.029516	0.052154
3.900000	0.029477	0.052154
3.910000	0.029438	0.052155
3.920000	0.029399	0.052156
3.930000	0.029361	0.052156
3.940000	0.029322	0.052157
3.950000	0.029283	0.052157
3.960000	0.029245	0.052158
3.970000	0.029206	0.052158
3.980000	0.029167	0.052158
3.990000	0.029129	0.052158
4.000000	0.029090	0.052157
4.010000	0.029051	0.052157
4.020000	0.029013	0.052157
4.030000	0.028974	0.052156
4.040000	0.028936	0.052156
4.050000	0.028897	0.052155
4.060000	0.028859	0.052154
4.070000	0.028820	0.052153
4.080000	0.028782	0.052152
4.090000	0.028743	0.052151
4.100000	0.028705	0.052150
4.110000	0.028667	0.052148
4.120000	0.028628	0.052147
4.130000	0.028590	0.052145
4.140000	0.028551	0.052144
4.150000	0.028513	0.052142
4.160000	0.028475	0.052140
4.170000	0.028437	0.052138
4.180000	0.028398	0.052136
4.190000	0.028360	0.052134
4.200000	0.028322	0.052131
4.210000	0.028284	0.052129
4.220000	0.028245	0.052126
4.230000	0.028207	0.052124
4.240000	0.028169	0.052121
4.250000	0.028131	0.052118
4.260000	0.028093	0.052115
4.270000	0.028055	0.052112
4.280000	0.028017	0.052109
4.290000	0.027979	0.052106
4.300000	0.027941	0.052102
4.310000	0.027903	0.052099
4.320000	0.027865	0.052095
4.330000	0.027827	0.052091
4.340000	0.027789	0.052087
4.350000	0.027751	0.052083
4.360000	0.027713	0.052079
4.370000	0.027676	0.052075
4.380000	0.027638	0.052071
4.390000	0.027600	0.052067
4.400000	0.027562	0.052062
4.410000	0.027524	0.052058
4.420000	0.027487	0.052053
4.430000	0.027449	0.052048
4.440000	0.027411	0.052043
4.450000	0.027374	0.052038
4.460000	0.027336	0.052033
4.470000	0.027298	0.052028
4.480000	0.027261	0.052022
4.490000	0.027223	0.052017
4.500000	0.027186	0.052011
4.510000	0.027148	0.052006
4.520000	0.027111	0.052000
4.530000	0.027073	0.051994
4.540000	0.027036	0.051988
4.550000	0.026998	0.051982
4.560000	0.026961	0.051976
4.570000	0.026924	0.051970
4.580000	0.026886	0.051963
4.590000	0.026849	0.051957
4.600000	0.026812	0.051950
4.610000	0.026774	0.051943
4.620000	0.026737	0.051936
4.630000	0.026700	0.051930
4.640000	0.026663	0.051922
4.650000	0.026626	0.051915
4.660000	0.026588	0.051908
4.670000	0.026551	0.051901
4.680000	0.026514	0.051893
4.690000	0.026477	0.051886
4.700000	0.026440	0.051878
4.710000	0.026403	0.051870
4.720000	0.026366	0.051862
4.730000	0.026329	0.051854
4.740000	0.026292	0.051846
4.750000	0.026255	0.051838
4.760000	0.026218	0.051830
4.770000	0.026182	0.051821
4.780000	0.026145	0.051813
4.790000	0.026108	0.051804
4.800000	0.026071	0.051795
4.810000	0.026034	0.051786
4.820000	0.025998	0.051777
4.830000	0.025961	0.051768
4.840000	0.025924	0.051759
4.850000	0.025887	0.051750
4.860000	0.025851	0.051740
4.870000	0.025814	0.051731
4.880000	0.025778	0.051721
4.890000	0.025741	0.051712
4.900000	0.025705	0.051702
4.910000	0.025668	0.051692
4.920000	0.025632	0.051682
4.930000	0.025595	0.051672
4.940000	0.025559	0.051662
4.950000	0.025522	0.051651
4.960000	0.025486	0.051641
4.970000	0.025450	0.051630
4.980000	0.025413	0.051620
4.990000	0.025377	0.051609
5.000000	0.025341	0.051598
5.010000	0.025305	0.051587
5.020000	0.025268	0.051576
5.030000	0.025232	0.051565
5.040000	0.025196	0.051554
5.050000	0.025160	0.051542
5.060000	0.025124	0.051531
5.070000	0.025088	0.051519
5.080000	0.025052	0.051507
5.090000	0.025016	0.051496
5.100000	0.024980	0.051484
5.110000	0.024944	0.051472
5.120000	0.024908	0.051460
5.130000	0.024872	0.051447
5.140000	0.024836	0.051435
5.150000	0.024800	0.051423
5.160000	0.024764	0.051410
5.170000	0.024729	0.051398
5.180000	0.024693	0.051385
5.190000	0.024657	0.051372
5.200000	0.024621	0.051359
5.210000	0.024586	0.051346
5.220000	0.024550	0.051333
5.230000	0.024515	0.051320
5.240000	0.024479	0.051306
5.250000	0.024443	0.051293
5.260000	0.024408	0.051279
5.270000	0.024372	0.051266
5.280000	0.024337	0.051252
5.290000	0.024301	0.051238
5.300000	0.024266	0.051224
5.310000	0.024231	0.051210
5.320000	0.024195	0.051196
5.330000	0.024160	0.051182
5.340000	0.024125	0.051167
5.350000	0.024089	0.051153
5.360000	0.024054	0.051138
5.370000	0.024019	0.051124
5.380000	0.023984	0.051109
5.390000	0.023949	0.051094
5.400000	0.023914	0.051079
5.410000	0.023878	0.051064
5.420000	0.023843	0.051049
5.430000	0.023808	0.051034
5.440000	0.023773	0.051018
5.450000	0.023738	0.051003
5.460000	0.023703	0.050987
5.470000	0.023669	0.050971
5.480000	0.023634	0.050956
5.490000	0.023599	0.050940
5.500000	0.023564	0.050924
5.510000	0.023529	0.050908
5.520000	0.023494	0.050892
5.530000	0.023460	0.050875
5.540000	0.023425	0.050859
5.550000	0.023390	0.050842
5.560000	0.023356	0.050826
5.570000	0.023321	0.050809
5.580000	0.023286	0.050792
5.590000	0.023252	0.050776
5.600000	0.023217	0.050759
5.610000	0.023183	0.050742
5.620000	0.023148	0.050724
5.630000	0.023114	0.050707
5.640000	0.023080	0.050690
5.650000	0.023045	0.050672
5.660000	0.023011	0.050655
5.670000	0.022977	0.050637
5.680000	0.022942	0.050619
5.690000	0.022908	0.050601
5.700000	0.022874	0.050583
5.710000	0.022840	0.050565
5.720000	0.022806	0.050547
5.730000	0.022771	0.050529
5.740000	0.022737	0.050511
5.750000	0.022703	0.050492
5.760000	0.022669	0.050474
5.770000	0.022635	0.050455
5.780000	0.022601	0.050436
5.790000	0.022567	0.050418
5.800000	0.022533	0.050399
5.810000	0.022500	0.050380
5.820000	0.022466	0.050360
5.830000	0.022432	0.050341
5.840000	0.022398	0.050322
5.850000	0.022364	0.050303
5.860000	0.022331	0.050283
5.870000	0.022297	0.050263
5.880000	0.022263	0.050244
5.890000	0.022230	0.050224
5.900000	0.022196	0.050204
5.910000	0.022163	0.050184
5.920000	0.022129	0.050164
5.930000	0.022095	0.050144
5.940000	0.022062	0.050124
5.950000	0.022029	0.050103
5.960000	0.021995	0.050083
5.970000	0.021962	0.050062
5.980000	0.021928	0.050042
5.990000	0.021895	0.050021
6.000000	0.021862	0.050000
6.010000	0.021829	0.049979
6.020000	0.021795	0.049958
6.030000	0.021762	0.049937
6.040000	0.021729	0.049916
6.050000	0.021696	0.049895
6.060000	0.021663	0.049873
6.070000	0.021630	0.049852
6.080000	0.021597	0.049830
6.090000	0.021564	0.049809
6.100000	0.021531	0.049787
6.110000	0.021498	0.049765
6.120000	0.021465	0.049743
6.130000	0.021432	0.049721
6.140000	0.021399	0.049699
6.150000	0.021367	0.049677
6.160000	0.021334	0.049654
6.170000	0.021301	0.049632
6.180000	0.021268	0.049610
6.190000	0.021236	0.049587
6.200000	0.021203	0.049564
6.210000	0.021171	0.049542
6.220000	0.021138	0.049519
6.230000	0.021105	0.049496
6.240000	0.021073	0.049473
6.250000	0.021040	0.049450
6.260000	0.021008	0.049427
6.270000	0.020976	0.049403
6.280000	0.020943	0.049380
6.290000	0.020911	0.049356
6.300000	0.020879	0.049333
6.310000	0.020846	0.049309
6.320000	0.020814	0.049285
6.330000	0.020782	0.049262
6.340000	0.020750	0.049238
6.350000	0.020718	0.049214
6.360000	0.020685	0.049190
6.370000	0.020653	0.049165
6.380000	0.020621	0.049141
6.390000	0.020589	0.049117
6.400000	0.020557	0.049092
6.410000	0.020525	0.049068
6.420000	0.020493	0.049043
6.430000	0.020462	0.049019
6.440000	0.020430	0.048994
6.450000	0.020398	0.048969
6.460000	0.020366	0.048944
6.470000	0.020334	0.048919
6.480000	0.020303	0.048894
6.490000	0.020271	0.048869
6.500000	0.020239	0.048843
6.510000	0.020208	0.048818
6.520000	0.020176	0.048792
6.530000	0.020145	0.048767
6.540000	0.020113	0.048741
6.550000	0.020082	0.048716
6.560000	0.020050	0.048690
6.570000	0.020019	0.048664
6.580000	0.019987	0.048638
6.590000	0.019956	0.048612
6.600000	0.019925	0.048586
6.610000	0.019893	0.048559
6.620000	0.019862	0.048533
6.630000	0.019831	0.048507
6.640000	0.019800	0.048480
6.650000	0.019769	0.048454
6.660000	0.019737	0.048427
6.670000	0.019706	0.048400
6.680000	0.019675	0.048373
6.690000	0.019644	0.048347
6.700000	0.019613	0.048320
6.710000	0.019582	0.048293
6.720000	0.019551	0.048265
6.730000	0.019521	0.048238
6.740000	0.019490	0.048211
6.750000	0.019459	0.048183
6.760000	0.019428	0.048156
6.770000	0.019397	0.048128
6.780000	0.019367	0.048101
6.790000	0.019336	0.048073
6.800000	0.019305	0.048045
6.810000	0.019275	0.048018
6.820000	0.019244	0.047990
6.830000	0.019213	0.047962
6.840000	0.019183	0.047933
6.850000	0.019152	0.047905
6.860000	0.019122	0.047877
6.870000	0.019092	0.047849
6.880000	0.019061	0.047820
6.890000	0.019031	0.047792
6.900000	0.019001	0.047763
6.910000	0.018970	0.047735
6.920000	0.018940	0.047706
6.930000	0.018910	0.047677
6.940000	0.018880	0.047648
6.950000	0.018849	0.047619
6.960000	0.018819	0.047590
6.970000	0.018789	0.047561
6.980000	0.018759	0.047532
6.990000	0.018729	0.047503
7.000000	0.018699	0.047473
7.010000	0.018669	0.047444
7.020000	0.018639	0.047414
7.030000	0.018609	0.047385
7.040000	0.018580	0.047355
7.050000	0.018550	0.047325
7.060000	0.018520	0.047296
7.070000	0.018490	0.047266
7.080000	0.018461	0.047236
7.090000	0.018431	0.047206
7.100000	0.018401	0.047176
7.110000	0.018372	0.047145
7.120000	0.018342	0.047115
7.130000	0.018312	0.047085
7.140000	0.018283	0.047054
7.150000	0.018254	0.047024
7.160000	0.018224	0.046993
7.170000	0.018195	0.046963
7.180000	0.018165	0.046932
7.190000	0.018136	0.046901
7.200000	0.018107	0.046871
7.210000	0.018077	0.046840
7.220000	0.018048	0.046809
7.230000	0.018019	0.046778
7.240000	0.017990	0.046747
7.250000	0.017961	0.046715
7.260000	0.017931	0.046684
7.270000	0.017902	0.046653
7.280000	0.017873	0.046621
7.290000	0.017844	0.046590
7.300000	0.017815	0.046558
7.310000	0.017786	0.046527
7.320000	0.017758	0.046495
7.330000	0.017729	0.046463
7.340000	0.017700	0.046432
7.350000	0.017671	0.046400
7.360000	0.017642	0.046368
7.370000	0.017614	0.046336
7.380000	0.017585	0.046304
7.390000	0.017556	0.046271
7.400000	0.017528	0.046239
7.410000	0.017499	0.046207
7.420000	0.017470	0.046175
7.430000	0.017442	0.046142
7.440000	0.017413	0.046110
7.450000	0.017385	0.046077
7.460000	0.017356	0.046044
7.470000	0.017328	0.046012
7.480000	0.017300	0.045979
7.490000	0.017271	0.045946
7.500000	0.017243	0.045913
7.510000	0.017215	0.045880
7.520000	0.017187	0.045847
7.530000	0.017158	0.045814
7.540000	0.017130	0.045781
7.550000	0.017102	0.045748
7.560000	0.017074	0.045715
7.570000	0.017046	0.045681
7.580000	0.017018	0.045648
7.590000	0.016990	0.045614
7.600000	0.016962	0.045581
7.610000	0.016934	0.045547
7.620000	0.016906	0.045514
7.630000	0.016878	0.045480
7.640000	0.016850	0.045446
7.650000	0.016823	0.045412
7.660000	0.016795	0.045378
7.670000	0.016767	0.045344
7.680000	0.016739	0.045310
7.690000	0.016712	0.045276
7.700000	0.016684	0.045242
7.710000	0.016657	0.045208
7.720000	0.016629	0.045173
7.730000	0.016602	0.045139
7.740000	0.016574	0.045105
7.750000	0.016547	0.045070
7.760000	0.016519	0.045036
7.770000	0.016492	0.045001
7.780000	0.016464	0.044966
7.790000	0.016437	0.044932
7.800000	0.016410	0.044897
7.810000	0.016383	0.044862
7.820000	0.016355	0.044827
7.830000	0.016328	0.044792
7.840000	0.016301	0.044757
7.850000	0.016274	0.044722
7.860000	0.016247	0.044687
7.870000	0.016220	0.044652
7.880000	0.016193	0.044617
7.890000	0.016166	0.044581
7.900000	0.016139	0.044546
7.910000	0.016112	0.044511
7.920000	0.016085	0.044475
7.930000	0.016058	0.044440
7.940000	0.016031	0.044404
7.950000	0.016005	0.044368
7.960000	0.015978	0.044333
7.970000	0.015951	0.044297
7.980000	0.015924	0.044261
7.990000	0.015898	0.044225
8.000000	0.015871	0.044189
8.010000	0.015845	0.044153
8.020000	0.015818	0.044117
8.030000	0.015791	0.044081
8.040000	0.015765	0.044045
8.050000	0.015739	0.044009
8.060000	0.015712	0.043973
8.070000	0.015686	0.043937
8.080000	0.015659	0.043900
8.090000	0.015633	0.043864
8.100000	0.015607	0.043827
8.110000	0.015581	0.043791
8.120000	0.015554	0.043754
8.130000	0.015528	0.043718
8.140000	0.015502	0.043681
8.150000	0.015476	0.043644
8.160000	0.015450	0.043608
8.170000	0.015424	0.043571
8.180000	0.015398	0.043534
8.190000	0.015372	0.043497
8.200000	0.015346	0.043460
8.210000	0.015320	0.043423
8.220000	0.015294	0.043386
8.230000	0.015268	0.043349
8.240000	0.015242	0.043312
8.250000	0.015217	0.043275
8.260000	0.015191	0.043237
8.270000	0.015165	0.043200
8.280000	0.015139	0.043163
8.290000	0.015114	0.043125
8.300000	0.015088	0.043088
8.310000	0.015062	0.043050
8.320000	0.015037	0.043013
8.330000	0.015011	0.042975
8.340000	0.014986	0.042938
8.350000	0.014960	0.042900
8.360000	0.014935	0.042862
8.370000	0.014910	0.042824
8.380000	0.014884	0.042787
8.390000	0.014859	0.042749
8.400000	0.014834	0.042711
8.410000	0.014808	0.042673
8.420000	0.014783	0.042635
8.430000	0.014758	0.042597
8.440000	0.014733	0.042559
8.450000	0.014708	0.042520
8.460000	0.014683	0.042482
8.470000	0.014658	0.042444
8.480000	0.014633	0.042406
8.490000	0.014608	0.042367
8.500000	0.014583	0.042329
8.510000	0.014558	0.042291
8.520000	0.014533	0.042252
8.530000	0.014508	0.042214
8.540000	0.014483	0.042175
8.550000	0.014458	0.042137
8.560000	0.014434	0.042098
8.570000	0.014409	0.042059
8.580000	0.014384	0.042021
8.590000	0.014359	0.041982
8.600000	0.014335	0.041943
8.610000	0.014310	0.041904
8.620000	0.014286	0.041865
8.630000	0.014261	0.041827
8.640000	0.014237	0.041788
8.650000	0.014212	0.041749
8.660000	0.014188	0.041710
8.670000	0.014163	0.041670
8.680000	0.014139	0.041631
8.690000	0.014115	0.041592
8.700000	0.014090	0.041553
8.710000	0.014066	0.041514
8.720000	0.014042	0.041475
8.730000	0.014018	0.041435
8.740000	0.013993	0.041396
8.750000	0.013969	0.041357
8.760000	0.013945	0.041317
8.770000	0.013921	0.041278
8.780000	0.013897	0.041238
8.790000	0.013873	0.041199
8.800000	0.013849	0.041159
8.810000	0.013825	0.041119
8.820000	0.013801	0.041080
8.830000	0.013777	0.041040
8.840000	0.013753	0.041000
8.850000	0.013730	0.040961
8.860000	0.013706	0.040921
8.870000	0.013682	0.040881
8.880000	0.013658	0.040841
8.890000	0.013635	0.040801
8.900000	0.013611	0.040761
8.910000	0.013587	0.040722
8.920000	0.013564	0.040682
8.930000	0.013540	0.040641
8.940000	0.013517	0.040601
8.950000	0.013493	0.040561
8.960000	0.013470	0.040521
8.970000	0.013446	0.040481
8.980000	0.013423	0.040441
8.990000	0.013399	0.040401
9.000000	0.013376	0.040360
9.010000	0.013353	0.040320
9.020000	0.013329	0.040280
9.030000	0.013306	0.040239
9.040000	0.013283	0.040199
9.050000	0.013260	0.040159
9.060000	0.013237	0.040118
9.070000	0.013214	0.040078
9.080000	0.013190	0.040037
9.090000	0.013167	0.039997
9.100000	0.013144	0.039956
9.110000	0.013121	0.039916
9.120000	0.013098	0.039875
9.130000	0.013076	0.039834
9.140000	0.013053	0.039794
9.150000	0.013030	0.039753
9.160000	0.013007	0.039712
9.170000	0.012984	0.039671
9.180000	0.012961	0.039631
9.190000	0.012939	0.039590
9.200000	0.012916	0.039549
9.210000	0.012893	0.039508
9.220000	0.012871	0.039467
9.230000	0.012848	0.039426
9.240000	0.012825	0.039385
9.250000	0.012803	0.039344
9.260000	0.012780	0.039303
9.270000	0.012758	0.039262
9.280000	0.012735	0.039221
9.290000	0.012713	0.039180
9.300000	0.012691	0.039139
9.310000	0.012668	0.039098
9.320000	0.012646	0.039057
9.330000	0.012624	0.039015
9.340000	0.012601	0.038974
9.350000	0.012579	0.038933
9.360000	0.012557	0.038892
9.370000	0.012535	0.038850
9.380000	0.012513	0.038809
9.390000	0.012490	0.038768
9.400000	0.012468	0.038726
9.410000	0.012446	0.038685
9.420000	0.012424	0.038644
9.430000	0.012402	0.038602
9.440000	0.012380	0.038561
9.450000	0.012358	0.038519
9.460000	0.012337	0.038478
9.470000	0.012315	0.038436
9.480000	0.012293	0.038395
9.490000	0.012271	0.038353
9.500000	0.012249	0.038312
9.510000	0.012228	0.038270
9.520000	0.012206	0.038228
9.530000	0.012184	0.038187
9.540000	0.012162	0.038145
9.550000	0.012141	0.038103
9.560000	0.012119	0.038062
9.570000	0.012098	0.038020
9.580000	0.012076	0.037978
9.590000	0.012055	0.037936
9.600000	0.012033	0.037895
9.610000	0.012012	0.037853
9.620000	0.011990	0.037811
9.630000	0.011969	0.037769
9.640000	0.011948	0.037727
9.650000	0.011926	0.037685
9.660000	0.011905	0.037644
9.670000	0.011884	0.037602
9.680000	0.011863	0.037560
9.690000	0.011841	0.037518
9.700000	0.011820	0.037476
9.710000	0.011799	0.037434
9.720000	0.011778	0.037392
9.730000	0.011757	0.037350
9.740000	0.011736	0.037308
9.750000	0.011715	0.037266
9.760000	0.011694	0.037224
9.770000	0.011673	0.037182
9.780000	0.011652	0.037139
9.790000	0.011631	0.037097
9.800000	0.011610	0.037055
9.810000	0.011590	0.037013
9.820000	0.011569	0.036971
9.830000	0.011548	0.036929
9.840000	0.011527	0.036887
9.850000	0.011507	0.036844
9.860000	0.011486	0.036802
9.870000	0.011465	0.036760
9.880000	0.011445	0.036718
9.890000	0.011424	0.036675
9.900000	0.011403	0.036633
9.910000	0.011383	0.036591
9.920000	0.011362	0.036549
9.930000	0.011342	0.036506
9.940000	0.011322	0.036464
9.950000	0.011301	0.036422
9.960000	0.011281	0.036379
9.970000	0.011260	0.036337
9.980000	0.011240	0.036295
9.990000	0.011220	0.036252
10.000000	0.011200	0.036210
