-10.000000	0.020240	0.020240
-9.990000	0.020278	0.020278
-9.980000	0.020316	0.020316
-9.970000	0.020354	0.020354
-9.960000	0.020393	0.020393
-9.950000	0.020431	0.020431
-9.940000	0.020469	0.020469
-9.930000	0.020508	0.020508
-9.920000	0.020546	0.020546
-9.910000	0.020585	0.020585
-9.900000	0.020623	0.020623
-9.890000	0.020662	0.020662
-9.880000	0.020701	0.020701
-9.870000	0.020740	0.020740
-9.860000	0.020778	0.020778
-9.850000	0.020817	0.020817
-9.840000	0.020856	0.020856
-9.830000	0.020895	0.020895
-9.820000	0.020934	0.020934
-9.810000	0.020973	0.020973
-9.800000	0.021012	0.021012
-9.790000	0.021051	0.021051
-9.780000	0.021090	0.021090
-9.770000	0.021129	0.021129
-9.760000	0.021168	0.021168
-9.750000	0.021208	0.021208
-9.740000	0.021247	0.021247
-9.730000	0.021286	0.021286
-9.720000	0.021326	0.021326
-9.710000	0.021365	0.021365
-9.700000	0.021404	0.021404
-9.690000	0.021444	0.021444
-9.680000	0.021483	0.021483
-9.670000	0.021523	0.021523
-9.660000	0.021563	0.021563
-9.650000	0.021602	0.021602
-9.640000	0.021642	0.021642
-9.630000	0.021682	0.021682
-9.620000	0.021722	0.021722
-9.610000	0.021761	0.021761
-9.600000	0.021801	0.021801
-9.590000	0.021841	0.021841
-9.580000	0.021881	0.021881
-9.570000	0.021921	0.021921
-9.560000	0.021961	0.021961
-9.550000	0.022001	0.022001
-9.540000	0.022041	0.022041
-9.530000	0.022082	0.022082
-9.520000	0.022122	0.022122
-9.510000	0.022162	0.022162
-9.500000	0.022202	0.022202
-9.490000	0.022243	0.022243
-9.480000	0.022283	0.022283
-9.470000	0.022324	0.022324
-9.460000	0.022364	0.022364
-9.450000	0.022404	0.022404
-9.440000	0.022445	0.022445
-9.430000	0.022486	0.022486
-9.420000	0.022526	0.022526
-9.410000	0.022567	0.022567
-9.400000	0.022608	0.022608
-9.390000	0.022648	0.022648
-9.380000	0.022689	0.022689
-9.370000	0.022730	0.022730
-9.360000	0.022771	0.022771
-9.350000	0.022812	0.022812
-9.340000	0.022853	0.022853
-9.330000	0.022894	0.022894
-9.320000	0.022935	0.022935
-9.310000	0.022976	0.022976
-9.300000	0.023017	0.023017
-9.290000	0.023058	0.023058
-9.280000	0.023099	0.023099
-9.270000	0.023140	0.023140
-9.260000	0.023182	0.023182
-9.250000	0.023223	0.023223
-9.240000	0.023264	0.023264
-9.230000	0.023306	0.023306
-9.220000	0.023347	0.023347
-9.210000	0.023389	0.023389
-9.200000	0.023430	0.023430
-9.190000	0.023472	0.023472
-9.180000	0.023513	0.023513
-9.170000	0.023555	0.023555
-9.160000	0.023597	0.023597
-9.150000	0.023638	0.023638
-9.140000	0.023680	0.023680
-9.130000	0.023722	0.023722
-9.120000	0.023764	0.023764
-9.110000	0.023806	0.023806
-9.100000	0.023848	0.023848
-9.090000	0.023889	0.023889
-9.080000	0.023931	0.023931
-9.070000	0.023973	0.023973
-9.060000	0.024016	0.024016
-9.050000	0.024058	0.024058
-9.040000	0.024100	0.024100
-9.030000	0.024142	0.024142
-9.020000	0.024184	0.024184
-9.010000	0.024226	0.024226
-9.000000	0.024269	0.024269
-8.990000	0.024311	0.024311
-8.980000	0.024353	0.024353
-8.970000	0.024396	0.024396
-8.960000	0.024438	0.024438
-8.950000	0.024481	0.024481
-8.940000	0.024523	0.024523
-8.930000	0.024566	0.024566
-8.920000	0.024608	0.024608
-8.910000	0.024651	0.024651
-8.900000	0.024694	0.024694
-8.890000	0.024736	0.024736
-8.880000	0.024779	0.024779
-8.870000	0.024822	0.024822
-8.860000	0.024865	0.024865
-8.850000	0.024907	0.024907
-8.840000	0.024950	0.024950
-8.830000	0.024993	0.024993
-8.820000	0.025036	0.025036
-8.810000	0.025079	0.025079
-8.800000	0.025122	0.025122
-8.790000	0.025165	0.025165
-8.780000	0.025208	0.025208
-8.770000	0.025252	0.025252
-8.760000	0.025295	0.025295
-8.750000	0.025338	0.025338
-8.740000	0.025381	0.025381
-8.730000	0.025424	0.025424
-8.720000	0.025468	0.025468
-8.710000	0.025511	0.025511
-8.700000	0.025554	0.025554
-8.690000	0.025598	0.025598
-8.680000	0.025641	0.025641
-8.670000	0.025685	0.025685
-8.660000	0.025728	0.025728
-8.650000	0.025772	0.025772
-8.640000	0.025816	0.025816
-8.630000	0.025859	0.025859
-8.620000	0.025903	0.025903
-8.610000	0.025947	0.025947
-8.600000	0.025990	0.025990
-8.590000	0.026034	0.026034
-8.580000	0.026078	0.026078
-8.570000	0.026122	0.026122
-8.560000	0.026166	0.026166
-8.550000	0.026209	0.026209
-8.540000	0.026253	0.026253
-8.530000	0.026297	0.026297
-8.520000	0.026341	0.026341
-8.510000	0.026385	0.026385
-8.500000	0.026429	0.026429
-8.490000	0.026474	0.026474
-8.480000	0.026518	0.026518
-8.470000	0.026562	0.026562
-8.460000	0.026606	0.026606
-8.450000	0.026650	0.026650
-8.440000	0.026695	0.026695
-8.430000	0.026739	0.026739
-8.420000	0.026783	0.026783
-8.410000	0.026828	0.026828
-8.400000	0.026872	0.026872
-8.390000	0.026916	0.026916
-8.380000	0.026961	0.026961
-8.370000	0.027005	0.027005
-8.360000	0.027050	0.027050
-8.350000	0.027094	0.027094
-8.340000	0.027139	0.027139
-8.330000	0.027184	0.027184
-8.320000	0.027228	0.027228
-8.310000	0.027273	0.027273
-8.300000	0.027318	0.027318
-8.290000	0.027362	0.027362
-8.280000	0.027407	0.027407
-8.270000	0.027452	0.027452
-8.260000	0.027497	0.027497
-8.250000	0.027542	0.027542
-8.240000	0.027587	0.027587
-8.230000	0.027632	0.027632
-8.220000	0.027676	0.027676
-8.210000	0.027721	0.027721
-8.200000	0.027766	0.027766
-8.190000	0.027812	0.027812
-8.180000	0.027857	0.027857
-8.170000	0.027902	0.027902
-8.160000	0.027947	0.027947
-8.150000	0.027992	0.027992
-8.140000	0.028037	0.028037
-8.130000	0.028082	0.028082
-8.120000	0.028128	0.028128
-8.110000	0.028173	0.028173
-8.100000	0.028218	0.028218
-8.090000	0.028264	0.028264
-8.080000	0.028309	0.028309
-8.070000	0.028354	0.028354
-8.060000	0.028400	0.028400
-8.050000	0.028445	0.028445
-8.040000	0.028491	0.028491
-8.030000	0.028536	0.028536
-8.020000	0.028582	0.028582
-8.010000	0.028627	0.028627
-8.000000	0.028673	0.028673
-7.990000	0.028719	0.028719
-7.980000	0.028764	0.028764
-7.970000	0.028810	0.028810
-7.960000	0.028856	0.028856
-7.950000	0.028901	0.028901
-7.940000	0.028947	0.028947
-7.930000	0.028993	0.028993
-7.920000	0.029039	0.029039
-7.910000	0.029084	0.029084
-7.900000	0.029130	0.029130
-7.890000	0.029176	0.029176
-7.880000	0.029222	0.029222
-7.870000	0.029268	0.029268
-7.860000	0.029314	0.029314
-7.850000	0.029360	0.029360
-7.840000	0.029406	0.029406
-7.830000	0.029452	0.029452
-7.820000	0.029498	0.029498
-7.810000	0.029544	0.029544
-7.800000	0.029590	0.029590
-7.790000	0.029636	0.029636
-7.780000	0.029683	0.029683
-7.770000	0.029729	0.029729
-7.760000	0.029775	0.029775
-7.750000	0.029821	0.029821
-7.740000	0.029867	0.029867
-7.730000	0.029914	0.029914
-7.720000	0.029960	0.029960
-7.710000	0.030006	0.030006
-7.700000	0.030053	0.030053
-7.690000	0.030099	0.030099
-7.680000	0.030145	0.030145
-7.670000	0.030192	0.030192
-7.660000	0.030238	0.030238
-7.650000	0.030285	0.030285
-7.640000	0.030331	0.030331
-7.630000	0.030378	0.030378
-7.620000	0.030424	0.030424
-7.610000	0.030471	0.030471
-7.600000	0.030517	0.030517
-7.590000	0.030564	0.030564
-7.580000	0.030611	0.030611
-7.570000	0.030657	0.030657
-7.560000	0.030704	0.030704
-7.550000	0.030751	0.030751
-7.540000	0.030797	0.030797
-7.530000	0.030844	0.030844
-7.520000	0.030891	0.030891
-7.510000	0.030937	0.030937
-7.500000	0.030984	0.030984
-7.490000	0.031031	0.031031
-7.480000	0.031078	0.031078
-7.470000	0.031125	0.031125
-7.460000	0.031172	0.031172
-7.450000	0.031218	0.031218
-7.440000	0.031265	0.031265
-7.430000	0.031312	0.031312
-7.420000	0.031359	0.031359
-7.410000	0.031406	0.031406
-7.400000	0.031453	0.031453
-7.390000	0.031500	0.031500
-7.380000	0.031547	0.031547
-7.370000	0.031594	0.031594
-7.360000	0.031641	0.031641
-7.350000	0.031688	0.031688
-7.340000	0.031735	0.031735
-7.330000	0.031782	0.031782
-7.320000	0.031830	0.031830
-7.310000	0.031877	0.031877
-7.300000	0.031924	0.031924
-7.290000	0.031971	0.031971
-7.280000	0.032018	0.032018
-7.270000	0.032065	0.032065
-7.260000	0.032113	0.032113
-7.250000	0.032160	0.032160
-7.240000	0.032207	0.032207
-7.230000	0.032254	0.032254
-7.220000	0.032302	0.032302
-7.210000	0.032349	0.032349
-7.200000	0.032396	0.032396
-7.190000	0.032444	0.032444
-7.180000	0.032491	0.032491
-7.170000	0.032538	0.032538
-7.160000	0.032586	0.032586
-7.150000	0.032633	0.032633
-7.140000	0.032680	0.032680
-7.130000	0.032728	0.032728
-7.120000	0.032775	0.032775
-7.110000	0.032823	0.032823
-7.100000	0.032870	0.032870
-7.090000	0.032918	0.032918
-7.080000	0.032965	0.032965
-7.070000	0.033013	0.033013
-7.060000	0.033060	0.033060
-7.050000	0.033108	0.033108
-7.040000	0.033155	0.033155
-7.030000	0.033203	0.033203
-7.020000	0.033250	0.033250
-7.010000	0.033298	0.033298
-7.000000	0.033345	0.033345
-6.990000	0.033393	0.033393
-6.980000	0.033441	0.033441
-6.970000	0.033488	0.033488
-6.960000	0.033536	0.033536
-6.950000	0.033583	0.033583
-6.940000	0.033631	0.033631
-6.930000	0.033679	0.033679
-6.920000	0.033726	0.033726
-6.910000	0.033774	0.033774
-6.900000	0.033822	0.033822
-6.890000	0.033869	0.033869
-6.880000	0.033917	0.033917
-6.870000	0.033965	0.033965
-6.860000	0.034013	0.034013
-6.850000	0.034060	0.034060
-6.840000	0.034108	0.034108
-6.830000	0.034156	0.034156
-6.820000	0.034204	0.034204
-6.810000	0.034251	0.034251
-6.800000	0.034299	0.034299
-6.790000	0.034347	0.034347
-6.780000	0.034395	0.034395
-6.770000	0.034443	0.034443
-6.760000	0.034490	0.034490
-6.750000	0.034538	0.034538
-6.740000	0.034586	0.034586
-6.730000	0.034634	0.034634
-6.720000	0.034682	0.034682
-6.710000	0.034729	0.034729
-6.700000	0.034777	0.034777
-6.690000	0.034825	0.034825
-6.680000	0.034873	0.034873
-6.670000	0.034921	0.034921
-6.660000	0.034969	0.034969
-6.650000	0.035017	0.035017
-6.640000	0.035064	0.035064
-6.630000	0.035112	0.035112
-6.620000	0.035160	0.035160
-6.610000	0.035208	0.035208
-6.600000	0.035256	0.035256
-6.590000	0.035304	0.035304
-6.580000	0.035352	0.035352
-6.570000	0.035400	0.035400
-6.560000	0.035448	0.035448
-6.550000	0.035496	0.035496
-6.540000	0.035543	0.035543
-6.530000	0.035591	0.035591
-6.520000	0.035639	0.035639
-6.510000	0.035687	0.035687
-6.500000	0.035735	0.035735
-6.490000	0.035783	0.035783
-6.480000	0.035831	0.035831
-6.470000	0.035879	0.035879
-6.460000	0.035927	0.035927
-6.450000	0.035975	0.035975
-6.440000	0.036023	0.036023
-6.430000	0.036071	0.036071
-6.420000	0.036119	0.036119
-6.410000	0.036166	0.036166
-6.400000	0.036214	0.036214
-6.390000	0.036262	0.036262
-6.380000	0.036310	0.036310
-6.370000	0.036358	0.036358
-6.360000	0.036406	0.036406
-6.350000	0.036454	0.036454
-6.340000	0.036502	0.036502
-6.330000	0.036550	0.036550
-6.320000	0.036598	0.036598
-6.310000	0.036646	0.036646
-6.300000	0.036694	0.036694
-6.290000	0.036742	0.036742
-6.280000	0.036790	0.036790
-6.270000	0.036837	0.036837
-6.260000	0.036885	0.036885
-6.250000	0.036933	0.036933
-6.240000	0.036981	0.036981
-6.230000	0.037029	0.037029
-6.220000	0.037077	0.037077
-6.210000	0.037125	0.037125
-6.200000	0.037173	0.037173
-6.190000	0.037221	0.037221
-6.180000	0.037268	0.037268
-6.170000	0.037316	0.037316
-6.160000	0.037364	0.037364
-6.150000	0.037412	0.037412
-6.140000	0.037460	0.037460
-6.130000	0.037508	0.037508
-6.120000	0.037556	0.037556
-6.110000	0.037603	0.037603
-6.100000	0.037651	0.037651
-6.090000	0.037699	0.037699
-6.080000	0.037747	0.037747
-6.070000	0.037795	0.037795
-6.060000	0.037843	0.037843
-6.050000	0.037890	0.037890
-6.040000	0.037938	0.037938
-6.030000	0.037986	0.037986
-6.020000	0.038034	0.038034
-6.010000	0.038081	0.038081
-6.000000	0.038129	0.038129
-5.990000	0.038177	0.038177
-5.980000	0.038225	0.038225
-5.970000	0.038272	0.038272
-5.960000	0.038320	0.038320
-5.950000	0.038368	0.038368
-5.940000	0.038415	0.038415
-5.930000	0.038463	0.038463
-5.920000	0.038511	0.038511
-5.910000	0.038559	0.038559
-5.900000	0.038606	0.038606
-5.890000	0.038654	0.038654
-5.880000	0.038701	0.038701
-5.870000	0.038749	0.038749
-5.860000	0.038797	0.038797
-5.850000	0.038844	0.038844
-5.840000	0.038892	0.038892
-5.830000	0.038939	0.038939
-5.820000	0.038987	0.038987
-5.810000	0.039034	0.039034
-5.800000	0.039082	0.039082
-5.790000	0.039130	0.039130
-5.780000	0.039177	0.039177
-5.770000	0.039225	0.039225
-5.760000	0.039272	0.039272
-5.750000	0.039319	0.039319
-5.740000	0.039367	0.039367
-5.730000	0.039414	0.039414
-5.720000	0.039462	0.039462
-5.710000	0.039509	0.039509
-5.700000	0.039556	0.039556
-5.690000	0.039604	0.039604
-5.680000	0.039651	0.039651
-5.670000	0.039699	0.039699
-5.660000	0.039746	0.039746
-5.650000	0.039793	0.039793
-5.640000	0.039840	0.039840
-5.630000	0.039888	0.039888
-5.620000	0.039935	0.039935
-5.610000	0.039982	0.039982
-5.600000	0.040029	0.040029
-5.590000	0.040077	0.040077
-5.580000	0.040124	0.040124
-5.570000	0.040171	0.040171
-5.560000	0.040218	0.040218
-5.550000	0.040265	0.040265
-5.540000	0.040312	0.040312
-5.530000	0.040359	0.040359
-5.520000	0.040406	0.040406
-5.510000	0.040453	0.040453
-5.500000	0.040500	0.040500
-5.490000	0.040547	0.040547
-5.480000	0.040594	0.040594
-5.470000	0.040641	0.040641
-5.460000	0.040688	0.040688
-5.450000	0.040735	0.040735
-5.440000	0.040782	0.040782
-5.430000	0.040829	0.040829
-5.420000	0.040876	0.040876
-5.410000	0.040923	0.040923
-5.400000	0.040969	0.040969
-5.390000	0.041016	0.041016
-5.380000	0.041063	0.041063
-5.370000	0.041110	0.041110
-5.360000	0.041156	0.041156
-5.350000	0.041203	0.041203
-5.340000	0.041250	0.041250
-5.330000	0.041296	0.041296
-5.320000	0.041343	0.041343
-5.310000	0.041389	0.041389
-5.300000	0.041436	0.041436
-5.290000	0.041482	0.041482
-5.280000	0.041529	0.041529
-5.270000	0.041575	0.041575
-5.260000	0.041622	0.041622
-5.250000	0.041668	0.041668
-5.240000	0.041715	0.041715
-5.230000	0.041761	0.041761
-5.220000	0.041807	0.041807
-5.210000	0.041854	0.041854
-5.200000	0.041900	0.041900
-5.190000	0.041946	0.041946
-5.180000	0.041992	0.041992
-5.170000	0.042039	0.042039
-5.160000	0.042085	0.042085
-5.150000	0.042131	0.042131
-5.140000	0.042177	0.042177
-5.130000	0.042223	0.042223
-5.120000	0.042269	0.042269
-5.110000	0.042315	0.042315
-5.100000	0.042361	0.042361
-5.090000	0.042407	0.042407
-5.080000	0.042453	0.042453
-5.070000	0.042499	0.042499
-5.060000	0.042545	0.042545
-5.050000	0.042591	0.042591
-5.040000	0.042636	0.042636
-5.030000	0.042682	0.042682
-5.020000	0.042728	0.042728
-5.010000	0.042774	0.042774
-5.000000	0.042819	0.042819
-4.990000	0.042865	0.042865
-4.980000	0.042910	0.042910
-4.970000	0.042956	0.042956
-4.960000	0.043001	0.043001
-4.950000	0.043047	0.043047
-4.940000	0.043092	0.043092
-4.930000	0.043138	0.043138
-4.920000	0.043183	0.043183
-4.910000	0.043229	0.043229
-4.900000	0.043274	0.043274
-4.890000	0.043319	0.043319
-4.880000	0.043364	0.043364
-4.870000	0.043410	0.043410
-4.860000	0.043455	0.043455
-4.850000	0.043500	0.043500
-4.840000	0.043545	0.043545
-4.830000	0.043590	0.043590
-4.820000	0.043635	0.043635
-4.810000	0.043680	0.043680
-4.800000	0.043725	0.043725
-4.790000	0.043770	0.043770
-4.780000	0.043815	0.043815
-4.770000	0.043860	0.043860
-4.760000	0.043904	0.043904
-4.750000	0.043949	0.043949
-4.740000	0.043994	0.043994
-4.730000	0.044038	0.044038
-4.720000	0.044083	0.044083
-4.710000	0.044128	0.044128
-4.700000	0.044172	0.044172
-4.690000	0.044217	0.044217
-4.680000	0.044261	0.044261
-4.670000	0.044306	0.044306
-4.660000	0.044350	0.044350
-4.650000	0.044394	0.044394
-4.640000	0.044439	0.044439
-4.630000	0.044483	0.044483
-4.620000	0.044527	0.044527
-4.610000	0.044571	0.044571
-4.600000	0.044615	0.044615
-4.590000	0.044659	0.044659
-4.580000	0.044703	0.044703
-4.570000	0.044747	0.044747
-4.560000	0.044791	0.044791
-4.550000	0.044835	0.044835
-4.540000	0.044879	0.044879
-4.530000	0.044923	0.044923
-4.520000	0.044967	0.044967
-4.510000	0.045010	0.045010
-4.500000	0.045054	0.045054
-4.490000	0.045098	0.045098
-4.480000	0.045141	0.045141
-4.470000	0.045185	0.045185
-4.460000	0.045228	0.045228
-4.450000	0.045272	0.045272
-4.440000	0.045315	0.045315
-4.430000	0.045358	0.045358
-4.420000	0.045402	0.045402
-4.410000	0.045445	0.045445
-4.400000	0.045488	0.045488
-4.390000	0.045531	0.045531
-4.380000	0.045574	0.045574
-4.370000	0.045617	0.045617
-4.360000	0.045660	0.045660
-4.350000	0.045703	0.045703
-4.340000	0.045746	0.045746
-4.330000	0.045789	0.045789
-4.320000	0.045832	0.045832
-4.310000	0.045874	0.045874
-4.300000	0.045917	0.045917
-4.290000	0.045960	0.045960
-4.280000	0.046002	0.046002
-4.270000	0.046045	0.046045
-4.260000	0.046087	0.046087
-4.250000	0.046130	0.046130
-4.240000	0.046172	0.046172
-4.230000	0.046214	0.046214
-4.220000	0.046257	0.046257
-4.210000	0.046299	0.046299
-4.200000	0.046341	0.046341
-4.190000	0.046383	0.046383
-4.180000	0.046425	0.046425
-4.170000	0.046467	0.046467
-4.160000	0.046509	0.046509
-4.150000	0.046551	0.046551
-4.140000	0.046593	0.046593
-4.130000	0.046634	0.046634
-4.120000	0.046676	0.046676
-4.110000	0.046718	0.046718
-4.100000	0.046759	0.046759
-4.090000	0.046801	0.046801
-4.080000	0.046842	0.046842
-4.070000	0.046884	0.046884
-4.060000	0.046925	0.046925
-4.050000	0.046966	0.046966
-4.040000	0.047008	0.047008
-4.030000	0.047049	0.047049
-4.020000	0.047090	0.047090
-4.010000	0.047131	0.047131
-4.000000	0.047172	0.047172
-3.990000	0.047213	0.047213
-3.980000	0.047254	0.047254
-3.970000	0.047295	0.047295
-3.960000	0.047335	0.047335
-3.950000	0.047376	0.047376
-3.940000	0.047417	0.047417
-3.930000	0.047457	0.047457
-3.920000	0.047498	0.047498
-3.910000	0.047538	0.047538
-3.900000	0.047579	0.047579
-3.890000	0.047619	0.047619
-3.880000	0.047659	0.047659
-3.870000	0.047700	0.047700
-3.860000	0.047740	0.047740
-3.850000	0.047780	0.047780
-3.840000	0.047820	0.047820
-3.830000	0.047860	0.047860
-3.820000	0.047900	0.047900
-3.810000	0.047939	0.047939
-3.800000	0.047979	0.047979
-3.790000	0.048019	0.048019
-3.780000	0.048058	0.048058
-3.770000	0.048098	0.048098
-3.760000	0.048137	0.048137
-3.750000	0.048177	0.048177
-3.740000	0.048216	0.048216
-3.730000	0.048256	0.048256
-3.720000	0.048295	0.048295
-3.710000	0.048334	0.048334
-3.700000	0.048373	0.048373
-3.690000	0.048412	0.048412
-3.680000	0.048451	0.048451
-3.670000	0.048490	0.048490
-3.660000	0.048529	0.048529
-3.650000	0.048567	0.048567
-3.640000	0.048606	0.048606
-3.630000	0.048645	0.048645
-3.620000	0.048683	0.048683
-3.610000	0.048722	0.048722
-3.600000	0.048760	0.048760
-3.590000	0.048798	0.048798
-3.580000	0.048837	0.048837
-3.570000	0.048875	0.048875
-3.560000	0.048913	0.048913
-3.550000	0.048951	0.048951
-3.540000	0.048989	0.048989
-3.530000	0.049027	0.049027
-3.520000	0.049065	0.049065
-3.510000	0.049102	0.049102
-3.500000	0.049140	0.049140
-3.490000	0.049178	0.049178
-3.480000	0.049215	0.049215
-3.470000	0.049253	0.049253
-3.460000	0.049290	0.049290
-3.450000	0.049327	0.049327
-3.440000	0.049365	0.049365
-3.430000	0.049402	0.049402
-3.420000	0.049439	0.049439
-3.410000	0.049476	0.049476
-3.400000	0.049513	0.049513
-3.390000	0.049550	0.049550
-3.380000	0.049587	0.049587
-3.370000	0.049623	0.049623
-3.360000	0.049660	0.049660
-3.350000	0.049696	0.049696
-3.340000	0.049733	0.049733
-3.330000	0.049769	0.049769
-3.320000	0.049806	0.049806
-3.310000	0.049842	0.049842
-3.300000	0.049878	0.049878
-3.290000	0.049914	0.049914
-3.280000	0.049950	0.049950
-3.270000	0.049986	0.049986
-3.260000	0.050022	0.050022
-3.250000	0.050058	0.050058
-3.240000	0.050093	0.050093
-3.230000	0.050129	0.050129
-3.220000	0.050165	0.050165
-3.210000	0.050200	0.050200
-3.200000	0.050235	0.050235
-3.190000	0.050271	0.050271
-3.180000	0.050306	0.050306
-3.170000	0.050341	0.050341
-3.160000	0.050376	0.050376
-3.150000	0.050411	0.050411
-3.140000	0.050446	0.050446
-3.130000	0.050481	0.050481
-3.120000	0.050515	0.050515
-3.110000	0.050550	0.050550
-3.100000	0.050585	0.050585
-3.090000	0.050619	0.050619
-3.080000	0.050654	0.050654
-3.070000	0.050688	0.050688
-3.060000	0.050722	0.050722
-3.050000	0.050756	0.050756
-3.040000	0.050790	0.050790
-3.030000	0.050824	0.050824
-3.020000	0.050858	0.050858
-3.010000	0.050892	0.050892
-3.000000	0.050926	0.050926
-2.990000	0.050959	0.050959
-2.980000	0.050993	0.050993
-2.970000	0.051026	0.051026
-2.960000	0.051060	0.051060
-2.950000	0.051093	0.051093
-2.940000	0.051126	0.051126
-2.930000	0.051159	0.051159
-2.920000	0.051192	0.051192
-2.910000	0.051225	0.051225
-2.900000	0.051258	0.051258
-2.890000	0.051291	0.051291
-2.880000	0.051323	0.051323
-2.870000	0.051356	0.051356
-2.860000	0.051389	0.051389
-2.850000	0.051421	0.051421
-2.840000	0.051453	0.051453
-2.830000	0.051486	0.051486
-2.820000	0.051518	0.051518
-2.810000	0.051550	0.051550
-2.800000	0.051582	0.051582
-2.790000	0.051614	0.051614
-2.780000	0.051645	0.051645
-2.770000	0.051677	0.051677
-2.760000	0.051709	0.051709
-2.750000	0.051740	0.051740
-2.740000	0.051772	0.051772
-2.730000	0.051803	0.051803
-2.720000	0.051834	0.051834
-2.710000	0.051865	0.051865
-2.700000	0.051896	0.051896
-2.690000	0.051927	0.051927
-2.680000	0.051958	0.051958
-2.670000	0.051989	0.051989
-2.660000	0.052019	0.052019
-2.650000	0.052050	0.052050
-2.640000	0.052081	0.052081
-2.630000	0.052111	0.052111
-2.620000	0.052141	0.052141
-2.610000	0.052171	0.052171
-2.600000	0.052202	0.052202
-2.590000	0.052232	0.052232
-2.580000	0.052261	0.052261
-2.570000	0.052291	0.052291
-2.560000	0.052321	0.052321
-2.550000	0.052351	0.052351
-2.540000	0.052380	0.052380
-2.530000	0.052410	0.052410
-2.520000	0.052439	0.052439
-2.510000	0.052468	0.052468
-2.500000	0.052497	0.052497
-2.490000	0.052526	0.052526
-2.480000	0.052555	0.052555
-2.470000	0.052584	0.052584
-2.460000	0.052613	0.052613
-2.450000	0.052642	0.052642
-2.440000	0.052670	0.052670
-2.430000	0.052699	0.052699
-2.420000	0.052727	0.052727
-2.410000	0.052755	0.052755
-2.400000	0.052783	0.052783
-2.390000	0.052812	0.052812
-2.380000	0.052840	0.052840
-2.370000	0.052867	0.052867
-2.360000	0.052895	0.052895
-2.350000	0.052923	0.052923
-2.340000	0.052950	0.052950
-2.330000	0.052978	0.052978
-2.320000	0.053005	0.053005
-2.310000	0.053033	0.053033
-2.300000	0.053060	0.053060
-2.290000	0.053087	0.053087
-2.280000	0.053114	0.053114
-2.270000	0.053141	0.053141
-2.260000	0.053167	0.053167
-2.250000	0.053194	0.053194
-2.240000	0.053221	0.053221
-2.230000	0.053247	0.053247
-2.220000	0.053273	0.053273
-2.210000	0.053300	0.053300
-2.200000	0.053326	0.053326
-2.190000	0.053352	0.053352
-2.180000	0.053378	0.053378
-2.170000	0.053404	0.053404
-2.160000	0.053429	0.053429
-2.150000	0.053455	0.053455
-2.140000	0.053480	0.053480
-2.130000	0.053506	0.053506
-2.120000	0.053531	0.053531
-2.110000	0.053556	0.053556
-2.100000	0.053582	0.053582
-2.090000	0.053607	0.053607
-2.080000	0.053631	0.053631
-2.070000	0.053656	0.053656
-2.060000	0.053681	0.053681
-2.050000	0.053705	0.053705
-2.040000	0.053730	0.053730
-2.030000	0.053754	0.053754
-2.020000	0.053779	0.053779
-2.010000	0.053803	0.053803
-2.000000	0.053827	0.053827
-1.990000	0.053851	0.053851
-1.980000	0.053874	0.053874
-1.970000	0.053898	0.053898
-1.960000	0.053922	0.053922
-1.950000	0.053945	0.053945
-1.940000	0.053969	0.053969
-1.930000	0.053992	0.053992
-1.920000	0.054015	0.054015
-1.910000	0.054038	0.054038
-1.900000	0.054061	0.054061
-1.890000	0.054084	0.054084
-1.880000	0.054107	0.054107
-1.870000	0.054129	0.054129
-1.860000	0.054152	0.054152
-1.850000	0.054174	0.054174
-1.840000	0.054197	0.054197
-1.830000	0.054219	0.054219
-1.820000	0.054241	0.054241
-1.810000	0.054263	0.054263
-1.800000	0.054285	0.054285
-1.790000	0.054307	0.054307
-1.780000	0.054328	0.054328
-1.770000	0.054350	0.054350
-1.760000	0.054371	0.054371
-1.750000	0.054393	0.054393
-1.740000	0.054414	0.054414
-1.730000	0.054435	0.054435
-1.720000	0.054456	0.054456
-1.710000	0.054477	0.054477
-1.700000	0.054497	0.054497
-1.690000	0.054518	0.054518
-1.680000	0.054539	0.054539
-1.670000	0.054559	0.054559
-1.660000	0.054579	0.054579
-1.650000	0.054599	0.054599
-1.640000	0.054620	0.054620
-1.630000	0.054640	0.054640
-1.620000	0.054659	0.054659
-1.610000	0.054679	0.054679
-1.600000	0.054699	0.054699
-1.590000	0.054718	0.054718
-1.580000	0.054738	0.054738
-1.570000	0.054757	0.054757
-1.560000	0.054776	0.054776
-1.550000	0.054795	0.054795
-1.540000	0.054814	0.054814
-1.530000	0.054833	0.054833
-1.520000	0.054852	0.054852
-1.510000	0.054870	0.054870
-1.500000	0.054889	0.054889
-1.490000	0.054907	0.054907
-1.480000	0.054925	0.054925
-1.470000	0.054943	0.054943
-1.460000	0.054961	0.054961
-1.450000	0.054979	0.054979
-1.440000	0.054997	0.054997
-1.430000	0.055015	0.055015
-1.420000	0.055032	0.055032
-1.410000	0.055050	0.055050
-1.400000	0.055067	0.055067
-1.390000	0.055084	0.055084
-1.380000	0.055101	0.055101
-1.370000	0.055118	0.055118
-1.360000	0.055135	0.055135
-1.350000	0.055152	0.055152
-1.340000	0.055169	0.055169
-1.330000	0.055185	0.055185
-1.320000	0.055201	0.055201
-1.310000	0.055218	0.055218
-1.300000	0.055234	0.055234
-1.290000	0.055250	0.055250
-1.280000	0.055266	0.055266
-1.270000	0.055282	0.055282
-1.260000	0.055297	0.055297
-1.250000	0.055313	0.055313
-1.240000	0.055328	0.055328
-1.230000	0.055343	0.055343
-1.220000	0.055359	0.055359
-1.210000	0.055374	0.055374
-1.200000	0.055389	0.055389
-1.190000	0.055404	0.055404
-1.180000	0.055418	0.055418
-1.170000	0.055433	0.055433
-1.160000	0.055447	0.055447
-1.150000	0.055462	0.055462
-1.140000	0.055476	0.055476
-1.130000	0.055490	0.055490
-1.120000	0.055504	0.055504
-1.110000	0.055518	0.055518
-1.100000	0.055532	0.055532
-1.090000	0.055545	0.055545
-1.080000	0.055559	0.055559
-1.070000	0.055572	0.055572
-1.060000	0.055586	0.055586
-1.050000	0.055599	0.055599
-1.040000	0.055612	0.055612
-1.030000	0.055625	0.055625
-1.020000	0.055637	0.055637
-1.010000	0.055650	0.055650
-1.000000	0.055663	0.055663
-0.990000	0.055675	0.055675
-0.980000	0.055687	0.055687
-0.970000	0.055700	0.055700
-0.960000	0.055712	0.055712
-0.950000	0.055724	0.055724
-0.940000	0.055735	0.055735
-0.930000	0.055747	0.055747
-0.920000	0.055759	0.055759
-0.910000	0.055770	0.055770
-0.900000	0.055781	0.055781
-0.890000	0.055793	0.055793
-0.880000	0.055804	0.055804
-0.870000	0.055815	0.055815
-0.860000	0.055825	0.055825
-0.850000	0.055836	0.055836
-0.840000	0.055847	0.055847
-0.830000	0.055857	0.055857
-0.820000	0.055868	0.055868
-0.810000	0.055878	0.055878
-0.800000	0.055888	0.055888
-0.790000	0.055898	0.055898
-0.780000	0.055908	0.055908
-0.770000	0.055917	0.055917
-0.760000	0.055927	0.055927
-0.750000	0.055937	0.055937
-0.740000	0.055946	0.055946
-0.730000	0.055955	0.055955
-0.720000	0.055964	0.055964
-0.710000	0.055973	0.055973
-0.700000	0.055982	0.055982
-0.690000	0.055991	0.055991
-0.680000	0.055999	0.055999
-0.670000	0.056008	0.056008
-0.660000	0.056016	0.056016
-0.650000	0.056025	0.056025
-0.640000	0.056033	0.056033
-0.630000	0.056041	0.056041
-0.620000	0.056049	0.056049
-0.610000	0.056056	0.056056
-0.600000	0.056064	0.056064
-0.590000	0.056071	0.056071
-0.580000	0.056079	0.056079
-0.570000	0.056086	0.056086
-0.560000	0.056093	0.056093
-0.550000	0.056100	0.056100
-0.540000	0.056107	0.056107
-0.530000	0.056114	0.056114
-0.520000	0.056120	0.056120
-0.510000	0.056127	0.056127
-0.500000	0.056133	0.056133
-0.490000	0.056140	0.056140
-0.480000	0.056146	0.056146
-0.470000	0.056152	0.056152
-0.460000	0.056158	0.056158
-0.450000	0.056163	0.056163
-0.440000	0.056169	0.056169
-0.430000	0.056174	0.056174
-0.420000	0.056180	0.056180
-0.410000	0.056185	0.056185
-0.400000	0.056190	0.056190
-0.390000	0.056195	0.056195
-0.380000	0.056200	0.056200
-0.370000	0.056205	0.056205
-0.360000	0.056209	0.056209
-0.350000	0.056214	0.056214
-0.340000	0.056218	0.056218
-0.330000	0.056222	0.056222
-0.320000	0.056226	0.056226
-0.310000	0.056230	0.056230
-0.300000	0.056234	0.056234
-0.290000	0.056238	0.056238
-0.280000	0.056242	0.056242
-0.270000	0.056245	0.056245
-0.260000	0.056248	0.056248
-0.250000	0.056252	0.056252
-0.240000	0.056255	0.056255
-0.230000	0.056258	0.056258
-0.220000	0.056261	0.056261
-0.210000	0.056263	0.056263
-0.200000	0.056266	0.056266
-0.190000	0.056268	0.056268
-0.180000	0.056271	0.056271
-0.170000	0.056273	0.056273
-0.160000	0.056275	0.056275
-0.150000	0.056277	0.056277
-0.140000	0.056279	0.056279
-0.130000	0.056281	0.056281
-0.120000	0.056282	0.056282
-0.110000	0.056284	0.056284
-0.100000	0.056285	0.056285
-0.090000	0.056286	0.056286
-0.080000	0.056287	0.056287
-0.070000	0.056288	0.056288
-0.060000	0.056289	0.056289
-0.050000	0.056290	0.056290
-0.040000	0.056290	0.056290
-0.030000	0.056291	0.056291
-0.020000	0.056291	0.056291
-0.010000	0.056291	0.056291
-0.000000	0.056291	0.056291
0.010000	0.056291	0.056291
0.020000	0.056291	0.056291
0.030000	0.056291	0.056291
0.040000	0.056290	0.056290
0.050000	0.056290	0.056290
0.060000	0.056289	0.056289
0.070000	0.056288	0.056288
0.080000	0.056287	0.056287
0.090000	0.056286	0.056286
0.100000	0.056285	0.056285
0.110000	0.056284	0.056284
0.120000	0.056282	0.056282
0.130000	0.056281	0.056281
0.140000	0.056279	0.056279
0.150000	0.056277	0.056277
0.160000	0.056275	0.056275
0.170000	0.056273	0.056273
0.180000	0.056271	0.056271
0.190000	0.056268	0.056268
0.200000	0.056266	0.056266
0.210000	0.056263	0.056263
0.220000	0.056261	0.056261
0.230000	0.056258	0.056258
0.240000	0.056255	0.056255
0.250000	0.056252	0.056252
0.260000	0.056248	0.056248
0.270000	0.056245	0.056245
0.280000	0.056242	0.056242
0.290000	0.056238	0.056238
0.300000	0.056234	0.056234
0.310000	0.056230	0.056230
0.320000	0.056226	0.056226
0.330000	0.056222	0.056222
0.340000	0.056218	0.056218
0.350000	0.056214	0.056214
0.360000	0.056209	0.056209
0.370000	0.056205	0.056205
0.380000	0.056200	0.056200
0.390000	0.056195	0.056195
0.400000	0.056190	0.056190
0.410000	0.056185	0.056185
0.420000	0.056180	0.056180
0.430000	0.056174	0.056174
0.440000	0.056169	0.056169
0.450000	0.056163	0.056163
0.460000	0.056158	0.056158
0.470000	0.056152	0.056152
0.480000	0.056146	0.056146
0.490000	0.056140	0.056140
0.500000	0.056133	0.056133
0.510000	0.056127	0.056127
0.520000	0.056120	0.056120
0.530000	0.056114	0.056114
0.540000	0.056107	0.056107
0.550000	0.056100	0.056100
0.560000	0.056093	0.056093
0.570000	0.056086	0.056086
0.580000	0.056079	0.056079
0.590000	0.056071	0.056071
0.600000	0.056064	0.056064
0.610000	0.056056	0.056056
0.620000	0.056049	0.056049
0.630000	0.056041	0.056041
0.640000	0.056033	0.056033
0.650000	0.056025	0.056025
0.660000	0.056016	0.056016
0.670000	0.056008	0.056008
0.680000	0.055999	0.055999
0.690000	0.055991	0.055991
0.700000	0.055982	0.055982
0.710000	0.055973	0.055973
0.720000	0.055964	0.055964
0.730000	0.055955	0.055955
0.740000	0.055946	0.055946
0.750000	0.055937	0.055937
0.760000	0.055927	0.055927
0.770000	0.055917	0.055917
0.780000	0.055908	0.055908
0.790000	0.055898	0.055898
0.800000	0.055888	0.055888
0.810000	0.055878	0.055878
0.820000	0.055868	0.055868
0.830000	0.055857	0.055857
0.840000	0.055847	0.055847
0.850000	0.055836	0.055836
0.860000	0.055825	0.055825
0.870000	0.055815	0.055815
0.880000	0.055804	0.055804
0.890000	0.055793	0.055793
0.900000	0.055781	0.055781
0.910000	0.055770	0.055770
0.920000	0.055759	0.055759
0.930000	0.055747	0.055747
0.940000	0.055735	0.055735
0.950000	0.055724	0.055724
0.960000	0.055712	0.055712
0.970000	0.055700	0.055700
0.980000	0.055687	0.055687
0.990000	0.055675	0.055675
1.000000	0.055663	0.055663
1.010000	0.055650	0.055650
1.020000	0.055637	0.055637
1.030000	0.055625	0.055625
1.040000	0.055612	0.055612
1.050000	0.055599	0.055599
1.060000	0.055586	0.055586
1.070000	0.055572	0.055572
1.080000	0.055559	0.055559
1.090000	0.055545	0.055545
1.100000	0.055532	0.055532
1.110000	0.055518	0.055518
1.120000	0.055504	0.055504
1.130000	0.055490	0.055490
1.140000	0.055476	0.055476
1.150000	0.055462	0.055462
1.160000	0.055447	0.055447
1.170000	0.055433	0.055433
1.180000	0.055418	0.055418
1.190000	0.055404	0.055404
1.200000	0.055389	0.055389
1.210000	0.055374	0.055374
1.220000	0.055359	0.055359
1.230000	0.055343	0.055343
1.240000	0.055328	0.055328
1.250000	0.055313	0.055313
1.260000	0.055297	0.055297
1.270000	0.055282	0.055282
1.280000	0.055266	0.055266
1.290000	0.055250	0.055250
1.300000	0.055234	0.055234
1.310000	0.055218	0.055218
1.320000	0.055201	0.055201
1.330000	0.055185	0.055185
1.340000	0.055169	0.055169
1.350000	0.055152	0.055152
1.360000	0.055135	0.055135
1.370000	0.055118	0.055118
1.380000	0.055101	0.055101
1.390000	0.055084	0.055084
1.400000	0.055067	0.055067
1.410000	0.055050	0.055050
1.420000	0.055032	0.055032
1.430000	0.055015	0.055015
1.440000	0.054997	0.054997
1.450000	0.054979	0.054979
1.460000	0.054961	0.054961
1.470000	0.054943	0.054943
1.480000	0.054925	0.054925
1.490000	0.054907	0.054907
1.500000	0.054889	0.054889
1.510000	0.054870	0.054870
1.520000	0.054852	0.054852
1.530000	0.054833	0.054833
1.540000	0.054814	0.054814
1.550000	0.054795	0.054795
1.560000	0.054776	0.054776
1.570000	0.054757	0.054757
1.580000	0.054738	0.054738
1.590000	0.054718	0.054718
1.600000	0.054699	0.054699
1.610000	0.054679	0.054679
1.620000	0.054659	0.054659
1.630000	0.054640	0.054640
1.640000	0.054620	0.054620
1.650000	0.054599	0.054599
1.660000	0.054579	0.054579
1.670000	0.054559	0.054559
1.680000	0.054539	0.054539
1.690000	0.054518	0.054518
1.700000	0.054497	0.054497
1.710000	0.054477	0.054477
1.720000	0.054456	0.054456
1.730000	0.054435	0.054435
1.740000	0.054414	0.054414
1.750000	0.054393	0.054393
1.760000	0.054371	0.054371
1.770000	0.054350	0.054350
1.780000	0.054328	0.054328
1.790000	0.054307	0.054307
1.800000	0.054285	0.054285
1.810000	0.054263	0.054263
1.820000	0.054241	0.054241
1.830000	0.054219	0.054219
1.840000	0.054197	0.054197
1.850000	0.054174	0.054174
1.860000	0.054152	0.054152
1.870000	0.054129	0.054129
1.880000	0.054107	0.054107
1.890000	0.054084	0.054084
1.900000	0.054061	0.054061
1.910000	0.054038	0.054038
1.920000	0.054015	0.054015
1.930000	0.053992	0.053992
1.940000	0.053969	0.053969
1.950000	0.053945	0.053945
1.960000	0.053922	0.053922
1.970000	0.053898	0.053898
1.980000	0.053874	0.053874
1.990000	0.053851	0.053851
2.000000	0.053827	0.053827
2.010000	0.053803	0.053803
2.020000	0.053779	0.053779
2.030000	0.053754	0.053754
2.040000	0.053730	0.053730
2.050000	0.053705	0.053705
2.060000	0.053681	0.053681
2.070000	0.053656	0.053656
2.080000	0.053631	0.053631
2.090000	0.053607	0.053607
2.100000	0.053582	0.053582
2.110000	0.053556	0.053556
2.120000	0.053531	0.053531
2.130000	0.053506	0.053506
2.140000	0.053480	0.053480
2.150000	0.053455	0.053455
2.160000	0.053429	0.053429
2.170000	0.053404	0.053404
2.180000	0.053378	0.053378
2.190000	0.053352	0.053352
2.200000	0.053326	0.053326
2.210000	0.053300	0.053300
2.220000	0.053273	0.053273
2.230000	0.053247	0.053247
2.240000	0.053221	0.053221
2.250000	0.053194	0.053194
2.260000	0.053167	0.053167
2.270000	0.053141	0.053141
2.280000	0.053114	0.053114
2.290000	0.053087	0.053087
2.300000	0.053060	0.053060
2.310000	0.053033	0.053033
2.320000	0.053005	0.053005
2.330000	0.052978	0.052978
2.340000	0.052950	0.052950
2.350000	0.052923	0.052923
2.360000	0.052895	0.052895
2.370000	0.052867	0.052867
2.380000	0.052840	0.052840
2.390000	0.052812	0.052812
2.400000	0.052783	0.052783
2.410000	0.052755	0.052755
2.420000	0.052727	0.052727
2.430000	0.052699	0.052699
2.440000	0.052670	0.052670
2.450000	0.052642	0.052642
2.460000	0.052613	0.052613
2.470000	0.052584	0.052584
2.480000	0.052555	0.052555
2.490000	0.052526	0.052526
2.500000	0.052497	0.052497
2.510000	0.052468	0.052468
2.520000	0.052439	0.052439
2.530000	0.052410	0.052410
2.540000	0.052380	0.052380
2.550000	0.052351	0.052351
2.560000	0.052321	0.052321
2.570000	0.052291	0.052291
2.580000	0.052261	0.052261
2.590000	0.052232	0.052232
2.600000	0.052202	0.052202
2.610000	0.052171	0.052171
2.620000	0.052141	0.052141
2.630000	0.052111	0.052111
2.640000	0.052081	0.052081
2.650000	0.052050	0.052050
2.660000	0.052019	0.052019
2.670000	0.051989	0.051989
2.680000	0.051958	0.051958
2.690000	0.051927	0.051927
2.700000	0.051896	0.051896
2.710000	0.051865	0.051865
2.720000	0.051834	0.051834
2.730000	0.051803	0.051803
2.740000	0.051772	0.051772
2.750000	0.051740	0.051740
2.760000	0.051709	0.051709
2.770000	0.051677	0.051677
2.780000	0.051645	0.051645
2.790000	0.051614	0.051614
2.800000	0.051582	0.051582
2.810000	0.051550	0.051550
2.820000	0.051518	0.051518
2.830000	0.051486	0.051486
2.840000	0.051453	0.051453
2.850000	0.051421	0.051421
2.860000	0.051389	0.051389
2.870000	0.051356	0.051356
2.880000	0.051323	0.051323
2.890000	0.051291	0.051291
2.900000	0.051258	0.051258
2.910000	0.051225	0.051225
2.920000	0.051192	0.051192
2.930000	0.051159	0.051159
2.940000	0.051126	0.051126
2.950000	0.051093	0.051093
2.960000	0.051060	0.051060
2.970000	0.051026	0.051026
2.980000	0.050993	0.050993
2.990000	0.050959	0.050959
3.000000	0.050926	0.050926
3.010000	0.050892	0.050892
3.020000	0.050858	0.050858
3.030000	0.050824	0.050824
3.040000	0.050790	0.050790
3.050000	0.050756	0.050756
3.060000	0.050722	0.050722
3.070000	0.050688	0.050688
3.080000	0.050654	0.050654
3.090000	0.050619	0.050619
3.100000	0.050585	0.050585
3.110000	0.050550	0.050550
3.120000	0.050515	0.050515
3.130000	0.050481	0.050481
3.140000	0.050446	0.050446
3.150000	0.050411	0.050411
3.160000	0.050376	0.050376
3.170000	0.050341	0.050341
3.180000	0.050306	0.050306
3.190000	0.050271	0.050271
3.200000	0.050235	0.050235
3.210000	0.050200	0.050200
3.220000	0.050165	0.050165
3.230000	0.050129	0.050129
3.240000	0.050093	0.050093
3.250000	0.050058	0.050058
3.260000	0.050022	0.050022
3.270000	0.049986	0.049986
3.280000	0.049950	0.049950
3.290000	0.049914	0.049914
3.300000	0.049878	0.049878
3.310000	0.049842	0.049842
3.320000	0.049806	0.049806
3.330000	0.049769	0.049769
3.340000	0.049733	0.049733
3.350000	0.049696	0.049696
3.360000	0.049660	0.049660
3.370000	0.049623	0.049623
3.380000	0.049587	0.049587
3.390000	0.049550	0.049550
3.400000	0.049513	0.049513
3.410000	0.049476	0.049476
3.420000	0.049439	0.049439
3.430000	0.049402	0.049402
3.440000	0.049365	0.049365
3.450000	0.049327	0.049327
3.460000	0.049290	0.049290
3.470000	0.049253	0.049253
3.480000	0.049215	0.049215
3.490000	0.049178	0.049178
3.500000	0.049140	0.049140
3.510000	0.049102	0.049102
3.520000	0.049065	0.049065
3.530000	0.049027	0.049027
3.540000	0.048989	0.048989
3.550000	0.048951	0.048951
3.560000	0.048913	0.048913
3.570000	0.048875	0.048875
3.580000	0.048837	0.048837
3.590000	0.048798	0.048798
3.600000	0.048760	0.048760
3.610000	0.048722	0.048722
3.620000	0.048683	0.048683
3.630000	0.048645	0.048645
3.640000	0.048606	0.048606
3.650000	0.048567	0.048567
3.660000	0.048529	0.048529
3.670000	0.048490	0.048490
3.680000	0.048451	0.048451
3.690000	0.048412	0.048412
3.700000	0.048373	0.048373
3.710000	0.048334	0.048334
3.720000	0.048295	0.048295
3.730000	0.048256	0.048256
3.740000	0.048216	0.048216
3.750000	0.048177	0.048177
3.760000	0.048137	0.048137
3.770000	0.048098	0.048098
3.780000	0.048058	0.048058
3.790000	0.048019	0.048019
3.800000	0.047979	0.047979
3.810000	0.047939	0.047939
3.820000	0.047900	0.047900
3.830000	0.047860	0.047860
3.840000	0.047820	0.047820
3.850000	0.047780	0.047780
3.860000	0.047740	0.047740
3.870000	0.047700	0.047700
3.880000	0.047659	0.047659
3.890000	0.047619	0.047619
3.900000	0.047579	0.047579
3.910000	0.047538	0.047538
3.920000	0.047498	0.047498
3.930000	0.047457	0.047457
3.940000	0.047417	0.047417
3.950000	0.047376	0.047376
3.960000	0.047335	0.047335
3.970000	0.047295	0.047295
3.980000	0.047254	0.047254
3.990000	0.047213	0.047213
4.000000	0.047172	0.047172
4.010000	0.047131	0.047131
4.020000	0.047090	0.047090
4.030000	0.047049	0.047049
4.040000	0.047008	0.047008
4.050000	0.046966	0.046966
4.060000	0.046925	0.046925
4.070000	0.046884	0.046884
4.080000	0.046842	0.046842
4.090000	0.046801	0.046801
4.100000	0.046759	0.046759
4.110000	0.046718	0.046718
4.120000	0.046676	0.046676
4.130000	0.046634	0.046634
4.140000	0.046593	0.046593
4.150000	0.046551	0.046551
4.160000	0.046509	0.046509
4.170000	0.046467	0.046467
4.180000	0.046425	0.046425
4.190000	0.046383	0.046383
4.200000	0.046341	0.046341
4.210000	0.046299	0.046299
4.220000	0.046257	0.046257
4.230000	0.046214	0.046214
4.240000	0.046172	0.046172
4.250000	0.046130	0.046130
4.260000	0.046087	0.046087
4.270000	0.046045	0.046045
4.280000	0.046002	0.046002
4.290000	0.045960	0.045960
4.300000	0.045917	0.045917
4.310000	0.045874	0.045874
4.320000	0.045832	0.045832
4.330000	0.045789	0.045789
4.340000	0.045746	0.045746
4.350000	0.045703	0.045703
4.360000	0.045660	0.045660
4.370000	0.045617	0.045617
4.380000	0.045574	0.045574
4.390000	0.045531	0.045531
4.400000	0.045488	0.045488
4.410000	0.045445	0.045445
4.420000	0.045402	0.045402
4.430000	0.045358	0.045358
4.440000	0.045315	0.045315
4.450000	0.045272	0.045272
4.460000	0.045228	0.045228
4.470000	0.045185	0.045185
4.480000	0.045141	0.045141
4.490000	0.045098	0.045098
4.500000	0.045054	0.045054
4.510000	0.045010	0.045010
4.520000	0.044967	0.044967
4.530000	0.044923	0.044923
4.540000	0.044879	0.044879
4.550000	0.044835	0.044835
4.560000	0.044791	0.044791
4.570000	0.044747	0.044747
4.580000	0.044703	0.044703
4.590000	0.044659	0.044659
4.600000	0.044615	0.044615
4.610000	0.044571	0.044571
4.620000	0.044527	0.044527
4.630000	0.044483	0.044483
4.640000	0.044439	0.044439
4.650000	0.044394	0.044394
4.660000	0.044350	0.044350
4.670000	0.044306	0.044306
4.680000	0.044261	0.044261
4.690000	0.044217	0.044217
4.700000	0.044172	0.044172
4.710000	0.044128	0.044128
4.720000	0.044083	0.044083
4.730000	0.044038	0.044038
4.740000	0.043994	0.043994
4.750000	0.043949	0.043949
4.760000	0.043904	0.043904
4.770000	0.043860	0.043860
4.780000	0.043815	0.043815
4.790000	0.043770	0.043770
4.800000	0.043725	0.043725
4.810000	0.043680	0.043680
4.820000	0.043635	0.043635
4.830000	0.043590	0.043590
4.840000	0.043545	0.043545
4.850000	0.043500	0.043500
4.860000	0.043455	0.043455
4.870000	0.043410	0.043410
4.880000	0.043364	0.043364
4.890000	0.043319	0.043319
4.900000	0.043274	0.043274
4.910000	0.043229	0.043229
4.920000	0.043183	0.043183
4.930000	0.043138	0.043138
4.940000	0.043092	0.043092
4.950000	0.043047	0.043047
4.960000	0.043001	0.043001
4.970000	0.042956	0.042956
4.980000	0.042910	0.042910
4.990000	0.042865	0.042865
5.000000	0.042819	0.042819
5.010000	0.042774	0.042774
5.020000	0.042728	0.042728
5.030000	0.042682	0.042682
5.040000	0.042636	0.042636
5.050000	0.042591	0.042591
5.060000	0.042545	0.042545
5.070000	0.042499	0.042499
5.080000	0.042453	0.042453
5.090000	0.042407	0.042407
5.100000	0.042361	0.042361
5.110000	0.042315	0.042315
5.120000	0.042269	0.042269
5.130000	0.042223	0.042223
5.140000	0.042177	0.042177
5.150000	0.042131	0.042131
5.160000	0.042085	0.042085
5.170000	0.042039	0.042039
5.180000	0.041992	0.041992
5.190000	0.041946	0.041946
5.200000	0.041900	0.041900
5.210000	0.041854	0.041854
5.220000	0.041807	0.041807
5.230000	0.041761	0.041761
5.240000	0.041715	0.041715
5.250000	0.041668	0.041668
5.260000	0.041622	0.041622
5.270000	0.041575	0.041575
5.280000	0.041529	0.041529
5.290000	0.041482	0.041482
5.300000	0.041436	0.041436
5.310000	0.041389	0.041389
5.320000	0.041343	0.041343
5.330000	0.041296	0.041296
5.340000	0.041250	0.041250
5.350000	0.041203	0.041203
5.360000	0.041156	0.041156
5.370000	0.041110	0.041110
5.380000	0.041063	0.041063
5.390000	0.041016	0.041016
5.400000	0.040969	0.040969
5.410000	0.040923	0.040923
5.420000	0.040876	0.040876
5.430000	0.040829	0.040829
5.440000	0.040782	0.040782
5.450000	0.040735	0.040735
5.460000	0.040688	0.040688
5.470000	0.040641	0.040641
5.480000	0.040594	0.040594
5.490000	0.040547	0.040547
5.500000	0.040500	0.040500
5.510000	0.040453	0.040453
5.520000	0.040406	0.040406
5.530000	0.040359	0.040359
5.540000	0.040312	0.040312
5.550000	0.040265	0.040265
5.560000	0.040218	0.040218
5.570000	0.040171	0.040171
5.580000	0.040124	0.040124
5.590000	0.040077	0.040077
5.600000	0.040029	0.040029
5.610000	0.039982	0.039982
5.620000	0.039935	0.039935
5.630000	0.039888	0.039888
5.640000	0.039840	0.039840
5.650000	0.039793	0.039793
5.660000	0.039746	0.039746
5.670000	0.039699	0.039699
5.680000	0.039651	0.039651
5.690000	0.039604	0.039604
5.700000	0.039556	0.039556
5.710000	0.039509	0.039509
5.720000	0.039462	0.039462
5.730000	0.039414	0.039414
5.740000	0.039367	0.039367
5.750000	0.039319	0.039319
5.760000	0.039272	0.039272
5.770000	0.039225	0.039225
5.780000	0.039177	0.039177
5.790000	0.039130	0.039130
5.800000	0.039082	0.039082
5.810000	0.039034	0.039034
5.820000	0.038987	0.038987
5.830000	0.038939	0.038939
5.840000	0.038892	0.038892
5.850000	0.038844	0.038844
5.860000	0.038797	0.038797
5.870000	0.038749	0.038749
5.880000	0.038701	0.038701
5.890000	0.038654	0.038654
5.900000	0.038606	0.038606
5.910000	0.038559	0.038559
5.920000	0.038511	0.038511
5.930000	0.038463	0.038463
5.940000	0.038415	0.038415
5.950000	0.038368	0.038368
5.960000	0.038320	0.038320
5.970000	0.038272	0.038272
5.980000	0.038225	0.038225
5.990000	0.038177	0.038177
6.000000	0.038129	0.038129
6.010000	0.038081	0.038081
6.020000	0.038034	0.038034
6.030000	0.037986	0.037986
6.040000	0.037938	0.037938
6.050000	0.037890	0.037890
6.060000	0.037843	0.037843
6.070000	0.037795	0.037795
6.080000	0.037747	0.037747
6.090000	0.037699	0.037699
6.100000	0.037651	0.037651
6.110000	0.037603	0.037603
6.120000	0.037556	0.037556
6.130000	0.037508	0.037508
6.140000	0.037460	0.037460
6.150000	0.037412	0.037412
6.160000	0.037364	0.037364
6.170000	0.037316	0.037316
6.180000	0.037268	0.037268
6.190000	0.037221	0.037221
6.200000	0.037173	0.037173
6.210000	0.037125	0.037125
6.220000	0.037077	0.037077
6.230000	0.037029	0.037029
6.240000	0.036981	0.036981
6.250000	0.036933	0.036933
6.260000	0.036885	0.036885
6.270000	0.036837	0.036837
6.280000	0.036790	0.036790
6.290000	0.036742	0.036742
6.300000	0.036694	0.036694
6.310000	0.036646	0.036646
6.320000	0.036598	0.036598
6.330000	0.036550	0.036550
6.340000	0.036502	0.036502
6.350000	0.036454	0.036454
6.360000	0.036406	0.036406
6.370000	0.036358	0.036358
6.380000	0.036310	0.036310
6.390000	0.036262	0.036262
6.400000	0.036214	0.036214
6.410000	0.036166	0.036166
6.420000	0.036119	0.036119
6.430000	0.036071	0.036071
6.440000	0.036023	0.036023
6.450000	0.035975	0.035975
6.460000	0.035927	0.035927
6.470000	0.035879	0.035879
6.480000	0.035831	0.035831
6.490000	0.035783	0.035783
6.500000	0.035735	0.035735
6.510000	0.035687	0.035687
6.520000	0.035639	0.035639
6.530000	0.035591	0.035591
6.540000	0.035543	0.035543
6.550000	0.035496	0.035496
6.560000	0.035448	0.035448
6.570000	0.035400	0.035400
6.580000	0.035352	0.035352
6.590000	0.035304	0.035304
6.600000	0.035256	0.035256
6.610000	0.035208	0.035208
6.620000	0.035160	0.035160
6.630000	0.035112	0.035112
6.640000	0.035064	0.035064
6.650000	0.035017	0.035017
6.660000	0.034969	0.034969
6.670000	0.034921	0.034921
6.680000	0.034873	0.034873
6.690000	0.034825	0.034825
6.700000	0.034777	0.034777
6.710000	0.034729	0.034729
6.720000	0.034682	0.034682
6.730000	0.034634	0.034634
6.740000	0.034586	0.034586
6.750000	0.034538	0.034538
6.760000	0.034490	0.034490
6.770000	0.034443	0.034443
6.780000	0.034395	0.034395
6.790000	0.034347	0.034347
6.800000	0.034299	0.034299
6.810000	0.034251	0.034251
6.820000	0.034204	0.034204
6.830000	0.034156	0.034156
6.840000	0.034108	0.034108
6.850000	0.034060	0.034060
6.860000	0.034013	0.034013
6.870000	0.033965	0.033965
6.880000	0.033917	0.033917
6.890000	0.033869	0.033869
6.900000	0.033822	0.033822
6.910000	0.033774	0.033774
6.920000	0.033726	0.033726
6.930000	0.033679	0.033679
6.940000	0.033631	0.033631
6.950000	0.033583	0.033583
6.960000	0.033536	0.033536
6.970000	0.033488	0.033488
6.980000	0.033441	0.033441
6.990000	0.033393	0.033393
7.000000	0.033345	0.033345
7.010000	0.033298	0.033298
7.020000	0.033250	0.033250
7.030000	0.033203	0.033203
7.040000	0.033155	0.033155
7.050000	0.033108	0.033108
7.060000	0.033060	0.033060
7.070000	0.033013	0.033013
7.080000	0.032965	0.032965
7.090000	0.032918	0.032918
7.100000	0.032870	0.032870
7.110000	0.032823	0.032823
7.120000	0.032775	0.032775
7.130000	0.032728	0.032728
7.140000	0.032680	0.032680
7.150000	0.032633	0.032633
7.160000	0.032586	0.032586
7.170000	0.032538	0.032538
7.180000	0.032491	0.032491
7.190000	0.032444	0.032444
7.200000	0.032396	0.032396
7.210000	0.032349	0.032349
7.220000	0.032302	0.032302
7.230000	0.032254	0.032254
7.240000	0.032207	0.032207
7.250000	0.032160	0.032160
7.260000	0.032113	0.032113
7.270000	0.032065	0.032065
7.280000	0.032018	0.032018
7.290000	0.031971	0.031971
7.300000	0.031924	0.031924
7.310000	0.031877	0.031877
7.320000	0.031830	0.031830
7.330000	0.031782	0.031782
7.340000	0.031735	0.031735
7.350000	0.031688	0.031688
7.360000	0.031641	0.031641
7.370000	0.031594	0.031594
7.380000	0.031547	0.031547
7.390000	0.031500	0.031500
7.400000	0.031453	0.031453
7.410000	0.031406	0.031406
7.420000	0.031359	0.031359
7.430000	0.031312	0.031312
7.440000	0.031265	0.031265
7.450000	0.031218	0.031218
7.460000	0.031172	0.031172
7.470000	0.031125	0.031125
7.480000	0.031078	0.031078
7.490000	0.031031	0.031031
7.500000	0.030984	0.030984
7.510000	0.030937	0.030937
7.520000	0.030891	0.030891
7.530000	0.030844	0.030844
7.540000	0.030797	0.030797
7.550000	0.030751	0.030751
7.560000	0.030704	0.030704
7.570000	0.030657	0.030657
7.580000	0.030611	0.030611
7.590000	0.030564	0.030564
7.600000	0.030517	0.030517
7.610000	0.030471	0.030471
7.620000	0.030424	0.030424
7.630000	0.030378	0.030378
7.640000	0.030331	0.030331
7.650000	0.030285	0.030285
7.660000	0.030238	0.030238
7.670000	0.030192	0.030192
7.680000	0.030145	0.030145
7.690000	0.030099	0.030099
7.700000	0.030053	0.030053
7.710000	0.030006	0.030006
7.720000	0.029960	0.029960
7.730000	0.029914	0.029914
7.740000	0.029867	0.029867
7.750000	0.029821	0.029821
7.760000	0.029775	0.029775
7.770000	0.029729	0.029729
7.780000	0.029683	0.029683
7.790000	0.029636	0.029636
7.800000	0.029590	0.029590
7.810000	0.029544	0.029544
7.820000	0.029498	0.029498
7.830000	0.029452	0.029452
7.840000	0.029406	0.029406
7.850000	0.029360	0.029360
7.860000	0.029314	0.029314
7.870000	0.029268	0.029268
7.880000	0.029222	0.029222
7.890000	0.029176	0.029176
7.900000	0.029130	0.029130
7.910000	0.029084	0.029084
7.920000	0.029039	0.029039
7.930000	0.028993	0.028993
7.940000	0.028947	0.028947
7.950000	0.028901	0.028901
7.960000	0.028856	0.028856
7.970000	0.028810	0.028810
7.980000	0.028764	0.028764
7.990000	0.028719	0.028719
8.000000	0.028673	0.028673
8.010000	0.028627	0.028627
8.020000	0.028582	0.028582
8.030000	0.028536	0.028536
8.040000	0.028491	0.028491
8.050000	0.028445	0.028445
8.060000	0.028400	0.028400
8.070000	0.028354	0.028354
8.080000	0.028309	0.028309
8.090000	0.028264	0.028264
8.100000	0.028218	0.028218
8.110000	0.028173	0.028173
8.120000	0.028128	0.028128
8.130000	0.028082	0.028082
8.140000	0.028037	0.028037
8.150000	0.027992	0.027992
8.160000	0.027947	0.027947
8.170000	0.027902	0.027902
8.180000	0.027857	0.027857
8.190000	0.027812	0.027812
8.200000	0.027766	0.027766
8.210000	0.027721	0.027721
8.220000	0.027676	0.027676
8.230000	0.027632	0.027632
8.240000	0.027587	0.027587
8.250000	0.027542	0.027542
8.260000	0.027497	0.027497
8.270000	0.027452	0.027452
8.280000	0.027407	0.027407
8.290000	0.027362	0.027362
8.300000	0.027318	0.027318
8.310000	0.027273	0.027273
8.320000	0.027228	0.027228
8.330000	0.027184	0.027184
8.340000	0.027139	0.027139
8.350000	0.027094	0.027094
8.360000	0.027050	0.027050
8.370000	0.027005	0.027005
8.380000	0.026961	0.026961
8.390000	0.026916	0.026916
8.400000	0.026872	0.026872
8.410000	0.026828	0.026828
8.420000	0.026783	0.026783
8.430000	0.026739	0.026739
8.440000	0.026695	0.026695
8.450000	0.026650	0.026650
8.460000	0.026606	0.026606
8.470000	0.026562	0.026562
8.480000	0.026518	0.026518
8.490000	0.026474	0.026474
8.500000	0.026429	0.026429
8.510000	0.026385	0.026385
8.520000	0.026341	0.026341
8.530000	0.026297	0.026297
8.540000	0.026253	0.026253
8.550000	0.026209	0.026209
8.560000	0.026166	0.026166
8.570000	0.026122	0.026122
8.580000	0.026078	0.026078
8.590000	0.026034	0.026034
8.600000	0.025990	0.025990
8.610000	0.025947	0.025947
8.620000	0.025903	0.025903
8.630000	0.025859	0.025859
8.640000	0.025816	0.025816
8.650000	0.025772	0.025772
8.660000	0.025728	0.025728
8.670000	0.025685	0.025685
8.680000	0.025641	0.025641
8.690000	0.025598	0.025598
8.700000	0.025554	0.025554
8.710000	0.025511	0.025511
8.720000	0.025468	0.025468
8.730000	0.025424	0.025424
8.740000	0.025381	0.025381
8.750000	0.025338	0.025338
8.760000	0.025295	0.025295
8.770000	0.025252	0.025252
8.780000	0.025208	0.025208
8.790000	0.025165	0.025165
8.800000	0.025122	0.025122
8.810000	0.025079	0.025079
8.820000	0.025036	0.025036
8.830000	0.024993	0.024993
8.840000	0.024950	0.024950
8.850000	0.024907	0.024907
8.860000	0.024865	0.024865
8.870000	0.024822	0.024822
8.880000	0.024779	0.024779
8.890000	0.024736	0.024736
8.900000	0.024694	0.024694
8.910000	0.024651	0.024651
8.920000	0.024608	0.024608
8.930000	0.024566	0.024566
8.940000	0.024523	0.024523
8.950000	0.024481	0.024481
8.960000	0.024438	0.024438
8.970000	0.024396	0.024396
8.980000	0.024353	0.024353
8.990000	0.024311	0.024311
9.000000	0.024269	0.024269
9.010000	0.024226	0.024226
9.020000	0.024184	0.024184
9.030000	0.024142	0.024142
9.040000	0.024100	0.024100
9.050000	0.024058	0.024058
9.060000	0.024016	0.024016
9.070000	0.023973	0.023973
9.080000	0.023931	0.023931
9.090000	0.023889	0.023889
9.100000	0.023848	0.023848
9.110000	0.023806	0.023806
9.120000	0.023764	0.023764
9.130000	0.023722	0.023722
9.140000	0.023680	0.023680
9.150000	0.023638	0.023638
9.160000	0.023597	0.023597
9.170000	0.023555	0.023555
9.180000	0.023513	0.023513
9.190000	0.023472	0.023472
9.200000	0.023430	0.023430
9.210000	0.023389	0.023389
9.220000	0.023347	0.023347
9.230000	0.023306	0.023306
9.240000	0.023264	0.023264
9.250000	0.023223	0.023223
9.260000	0.023182	0.023182
9.270000	0.023140	0.023140
9.280000	0.023099	0.023099
9.290000	0.023058	0.023058
9.300000	0.023017	0.023017
9.310000	0.022976	0.022976
9.320000	0.022935	0.022935
9.330000	0.022894	0.022894
9.340000	0.022853	0.022853
9.350000	0.022812	0.022812
9.360000	0.022771	0.022771
9.370000	0.022730	0.022730
9.380000	0.022689	0.022689
9.390000	0.022648	0.022648
9.400000	0.022608	0.022608
9.410000	0.022567	0.022567
9.420000	0.022526	0.022526
9.430000	0.022486	0.022486
9.440000	0.022445	0.022445
9.450000	0.022404	0.022404
9.460000	0.022364	0.022364
9.470000	0.022324	0.022324
9.480000	0.022283	0.022283
9.490000	0.022243	0.022243
9.500000	0.022202	0.022202
9.510000	0.022162	0.022162
9.520000	0.022122	0.022122
9.530000	0.022082	0.022082
9.540000	0.022041	0.022041
9.550000	0.022001	0.022001
9.560000	0.021961	0.021961
9.570000	0.021921	0.021921
9.580000	0.021881	0.021881
9.590000	0.021841	0.021841
9.600000	0.021801	0.021801
9.610000	0.021761	0.021761
9.620000	0.021722	0.021722
9.630000	0.021682	0.021682
9.640000	0.021642	0.021642
9.650000	0.021602	0.021602
9.660000	0.021563	0.021563
9.670000	0.021523	0.021523
9.680000	0.021483	0.021483
9.690000	0.021444	0.021444
9.700000	0.021404	0.021404
9.710000	0.021365	0.021365
9.720000	0.021326	0.021326
9.730000	0.021286	0.021286
9.740000	0.021247	0.021247
9.750000	0.021208	0.021208
9.760000	0.021168	0.021168
9.770000	0.021129	0.021129
9.780000	0.021090	0.021090
9.790000	0.021051	0.021051
9.800000	0.021012	0.021012
9.810000	0.020973	0.020973
9.820000	0.020934	0.020934
9.830000	0.020895	0.020895
9.840000	0.020856	0.020856
9.850000	0.020817	0.020817
9.860000	0.020778	0.020778
9.870000	0.020740	0.020740
9.880000	0.020701	0.020701
9.890000	0.020662	0.020662
9.900000	0.020623	0.020623
9.910000	0.020585	0.020585
9.920000	0.020546	0.020546
9.930000	0.020508	0.020508
9.940000	0.020469	0.020469
9.950000	0.020431	0.020431
9.960000	0.020393	0.020393
9.970000	0.020354	0.020354
9.980000	0.020316	0.020316
9.990000	0.020278	0.020278
10.000000	0.020240	0.020240
