-10.000000	0.048846	0.003992
-9.990000	0.048851	0.004000
-9.980000	0.048855	0.004007
-9.970000	0.048859	0.004015
-9.960000	0.048864	0.004023
-9.950000	0.048868	0.004030
-9.940000	0.048872	0.004038
-9.930000	0.048876	0.004046
-9.920000	0.048880	0.004054
-9.910000	0.048884	0.004061
-9.900000	0.048888	0.004069
-9.890000	0.048891	0.004077
-9.880000	0.048895	0.004085
-9.870000	0.048899	0.004093
-9.860000	0.048902	0.004100
-9.850000	0.048905	0.004108
-9.840000	0.048909	0.004116
-9.830000	0.048912	0.004124
-9.820000	0.048915	0.004132
-9.810000	0.048918	0.004140
-9.800000	0.048921	0.004148
-9.790000	0.048924	0.004156
-9.780000	0.048926	0.004164
-9.770000	0.048929	0.004172
-9.760000	0.048931	0.004180
-9.750000	0.048934	0.004188
-9.740000	0.048936	0.004196
-9.730000	0.048939	0.004204
-9.720000	0.048941	0.004212
-9.710000	0.048943	0.004220
-9.700000	0.048945	0.004228
-9.690000	0.048947	0.004236
-9.680000	0.048949	0.004244
-9.670000	0.048950	0.004252
-9.660000	0.048952	0.004260
-9.650000	0.048954	0.004269
-9.640000	0.048955	0.004277
-9.630000	0.048957	0.004285
-9.620000	0.048958	0.004293
-9.610000	0.048959	0.004301
-9.600000	0.048960	0.004309
-9.590000	0.048961	0.004318
-9.580000	0.048962	0.004326
-9.570000	0.048963	0.004334
-9.560000	0.048964	0.004343
-9.550000	0.048965	0.004351
-9.540000	0.048965	0.004359
-9.530000	0.048966	0.004367
-9.520000	0.048966	0.004376
-9.510000	0.048966	0.004384
-9.500000	0.048967	0.004393
-9.490000	0.048967	0.004401
-9.480000	0.048967	0.004409
-9.470000	0.048967	0.004418
-9.460000	0.048967	0.004426
-9.450000	0.048967	0.004435
-9.440000	0.048966	0.004443
-9.430000	0.048966	0.004452
-9.420000	0.048965	0.004460
-9.410000	0.048965	0.004469
-9.400000	0.048964	0.004477
-9.390000	0.048964	0.004486
-9.380000	0.048963	0.004494
-9.370000	0.048962	0.004503
-9.360000	0.048961	0.004511
-9.350000	0.048960	0.004520
-9.340000	0.048959	0.004529
-9.330000	0.048957	0.004537
-9.320000	0.048956	0.004546
-9.310000	0.048954	0.004555
-9.300000	0.048953	0.004563
-9.290000	0.048951	0.004572
-9.280000	0.048950	0.004581
-9.270000	0.048948	0.004589
-9.260000	0.048946	0.004598
-9.250000	0.048944	0.004607
-9.240000	0.048942	0.004616
-9.230000	0.048940	0.004624
-9.220000	0.048938	0.004633
-9.210000	0.048935	0.004642
-9.200000	0.048933	0.004651
-9.190000	0.048930	0.004660
-9.180000	0.048928	0.004669
-9.170000	0.048925	0.004678
-9.160000	0.048922	0.004686
-9.150000	0.048919	0.004695
-9.140000	0.048916	0.004704
-9.130000	0.048913	0.004713
-9.120000	0.048910	0.004722
-9.110000	0.048907	0.004731
-9.100000	0.048904	0.004740
-9.090000	0.048900	0.004749
-9.080000	0.048897	0.004758
-9.070000	0.048893	0.004767
-9.060000	0.048890	0.004776
-9.050000	0.048886	0.004785
-9.040000	0.048882	0.004795
-9.030000	0.048878	0.004804
-9.020000	0.048874	0.004813
-9.010000	0.048870	0.004822
-9.000000	0.048866	0.004831
-8.990000	0.048862	0.004840
-8.980000	0.048857	0.004850
-8.970000	0.048853	0.004859
-8.960000	0.048848	0.004868
-8.950000	0.048844	0.004877
-8.940000	0.048839	0.004886
-8.930000	0.048834	0.004896
-8.920000	0.048829	0.004905
-8.910000	0.048824	0.004914
-8.900000	0.048819	0.004924
-8.890000	0.048814	0.004933
-8.880000	0.048809	0.004942
-8.870000	0.048803	0.004952
-8.860000	0.048798	0.004961
-8.850000	0.048793	0.004971
-8.840000	0.048787	0.004980
-8.830000	0.048781	0.004989
-8.820000	0.048775	0.004999
-8.810000	0.048770	0.005008
-8.800000	0.048764	0.005018
-8.790000	0.048758	0.005027
-8.780000	0.048752	0.005037
-8.770000	0.048745	0.005047
-8.760000	0.048739	0.005056
-8.750000	0.048733	0.005066
-8.740000	0.048726	0.005075
-8.730000	0.048720	0.005085
-8.720000	0.048713	0.005095
-8.710000	0.048706	0.005104
-8.700000	0.048699	0.005114
-8.690000	0.048693	0.005124
-8.680000	0.048686	0.005133
-8.670000	0.048678	0.005143
-8.660000	0.048671	0.005153
-8.650000	0.048664	0.005162
-8.640000	0.048657	0.005172
-8.630000	0.048649	0.005182
-8.620000	0.048642	0.005192
-8.610000	0.048634	0.005202
-8.600000	0.048626	0.005212
-8.590000	0.048619	0.005221
-8.580000	0.048611	0.005231
-8.570000	0.048603	0.005241
-8.560000	0.048595	0.005251
-8.550000	0.048587	0.005261
-8.540000	0.048579	0.005271
-8.530000	0.048570	0.005281
-8.520000	0.048562	0.005291
-8.510000	0.048553	0.005301
-8.500000	0.048545	0.005311
-8.490000	0.048536	0.005321
-8.480000	0.048527	0.005331
-8.470000	0.048519	0.005341
-8.460000	0.048510	0.005351
-8.450000	0.048501	0.005361
-8.440000	0.048492	0.005371
-8.430000	0.048483	0.005382
-8.420000	0.048473	0.005392
-8.410000	0.048464	0.005402
-8.400000	0.048455	0.005412
-8.390000	0.048445	0.005422
-8.380000	0.048436	0.005433
-8.370000	0.048426	0.005443
-8.360000	0.048416	0.005453
-8.350000	0.048406	0.005463
-8.340000	0.048396	0.005474
-8.330000	0.048386	0.005484
-8.320000	0.048376	0.005494
-8.310000	0.048366	0.005505
-8.300000	0.048356	0.005515
-8.290000	0.048345	0.005526
-8.280000	0.048335	0.005536
-8.270000	0.048325	0.005546
-8.260000	0.048314	0.005557
-8.250000	0.048303	0.005567
-8.240000	0.048292	0.005578
-8.230000	0.048282	0.005588
-8.220000	0.048271	0.005599
-8.210000	0.048260	0.005609
-8.200000	0.048249	0.005620
-8.190000	0.048237	0.005631
-8.180000	0.048226	0.005641
-8.170000	0.048215	0.005652
-8.160000	0.048203	0.005663
-8.150000	0.048192	0.005673
-8.140000	0.048180	0.005684
-8.130000	0.048168	0.005695
-8.120000	0.048157	0.005705
-8.110000	0.048145	0.005716
-8.100000	0.048133	0.005727
-8.090000	0.048121	0.005738
-8.080000	0.048109	0.005748
-8.070000	0.048096	0.005759
-8.060000	0.048084	0.005770
-8.050000	0.048072	0.005781
-8.040000	0.048059	0.005792
-8.030000	0.048047	0.005803
-8.020000	0.048034	0.005814
-8.010000	0.048022	0.005824
-8.000000	0.048009	0.005835
-7.990000	0.047996	0.005846
-7.980000	0.047983	0.005857
-7.970000	0.047970	0.005868
-7.960000	0.047957	0.005879
-7.950000	0.047944	0.005890
-7.940000	0.047930	0.005902
-7.930000	0.047917	0.005913
-7.920000	0.047904	0.005924
-7.910000	0.047890	0.005935
-7.900000	0.047876	0.005946
-7.890000	0.047863	0.005957
-7.880000	0.047849	0.005968
-7.870000	0.047835	0.005980
-7.860000	0.047821	0.005991
-7.850000	0.047807	0.006002
-7.840000	0.047793	0.006013
-7.830000	0.047779	0.006025
-7.820000	0.047765	0.006036
-7.810000	0.047750	0.006047
-7.800000	0.047736	0.006058
-7.790000	0.047721	0.006070
-7.780000	0.047707	0.006081
-7.770000	0.047692	0.006093
-7.760000	0.047677	0.006104
-7.750000	0.047663	0.006115
-7.740000	0.047648	0.006127
-7.730000	0.047633	0.006138
-7.720000	0.047618	0.006150
-7.710000	0.047602	0.006161
-7.700000	0.047587	0.006173
-7.690000	0.047572	0.006185
-7.680000	0.047557	0.006196
-7.670000	0.047541	0.006208
-7.660000	0.047525	0.006219
-7.650000	0.047510	0.006231
-7.640000	0.047494	0.006243
-7.630000	0.047478	0.006254
-7.620000	0.047463	0.006266
-7.610000	0.047447	0.006278
-7.600000	0.047431	0.006290
-7.590000	0.047414	0.006301
-7.580000	0.047398	0.006313
-7.570000	0.047382	0.006325
-7.560000	0.047366	0.006337
-7.550000	0.047349	0.006349
-7.540000	0.047333	0.006360
-7.530000	0.047316	0.006372
-7.520000	0.047300	0.006384
-7.510000	0.047283	0.006396
-7.500000	0.047266	0.006408
-7.490000	0.047249	0.006420
-7.480000	0.047232	0.006432
-7.470000	0.047215	0.006444
-7.460000	0.047198	0.006456
-7.450000	0.047181	0.006468
-7.440000	0.047163	0.006480
-7.430000	0.047146	0.006492
-7.420000	0.047129	0.006504
-7.410000	0.047111	0.006517
-7.400000	0.047094	0.006529
-7.390000	0.047076	0.006541
-7.380000	0.047058	0.006553
-7.370000	0.047040	0.006565
-7.360000	0.047022	0.006578
-7.350000	0.047005	0.006590
-7.340000	0.046986	0.006602
-7.330000	0.046968	0.006614
-7.320000	0.046950	0.006627
-7.310000	0.046932	0.006639
-7.300000	0.046914	0.006651
-7.290000	0.046895	0.006664
-7.280000	0.046877	0.006676
-7.270000	0.046858	0.006689
-7.260000	0.046839	0.006701
-7.250000	0.046821	0.006714
-7.240000	0.046802	0.006726
-7.230000	0.046783	0.006739
-7.220000	0.046764	0.006751
-7.210000	0.046745	0.006764
-7.200000	0.046726	0.006776
-7.190000	0.046707	0.006789
-7.180000	0.046687	0.006802
-7.170000	0.046668	0.006814
-7.160000	0.046649	0.006827
-7.150000	0.046629	0.006840
-7.140000	0.046610	0.006852
-7.130000	0.046590	0.006865
-7.120000	0.046570	0.006878
-7.110000	0.046551	0.006891
-7.100000	0.046531	0.006903
-7.090000	0.046511	0.006916
-7.080000	0.046491	0.006929
-7.070000	0.046471	0.006942
-7.060000	0.046451	0.006955
-7.050000	0.046430	0.006968
-7.040000	0.046410	0.006981
-7.030000	0.046390	0.006994
-7.020000	0.046369	0.007007
-7.010000	0.046349	0.007020
-7.000000	0.046328	0.007033
-6.990000	0.046308	0.007046
-6.980000	0.046287	0.007059
-6.970000	0.046266	0.007072
-6.960000	0.046245	0.007085
-6.950000	0.046224	0.007098
-6.940000	0.046203	0.007111
-6.930000	0.046182	0.007125
-6.920000	0.046161	0.007138
-6.910000	0.046140	0.007151
-6.900000	0.046118	0.007164
-6.890000	0.046097	0.007177
-6.880000	0.046076	0.007191
-6.870000	0.046054	0.007204
-6.860000	0.046033	0.007217
-6.850000	0.046011	0.007231
-6.840000	0.045989	0.007244
-6.830000	0.045967	0.007258
-6.820000	0.045946	0.007271
-6.810000	0.045924	0.007284
-6.800000	0.045902	0.007298
-6.790000	0.045880	0.007311
-6.780000	0.045857	0.007325
-6.770000	0.045835	0.007339
-6.760000	0.045813	0.007352
-6.750000	0.045791	0.007366
-6.740000	0.045768	0.007379
-6.730000	0.045746	0.007393
-6.720000	0.045723	0.007407
-6.710000	0.045701	0.007420
-6.700000	0.045678	0.007434
-6.690000	0.045655	0.007448
-6.680000	0.045632	0.007461
-6.670000	0.045609	0.007475
-6.660000	0.045586	0.007489
-6.650000	0.045563	0.007503
-6.640000	0.045540	0.007517
-6.630000	0.045517	0.007531
-6.620000	0.045494	0.007545
-6.610000	0.045471	0.007558
-6.600000	0.045447	0.007572
-6.590000	0.045424	0.007586
-6.580000	0.045400	0.007600
-6.570000	0.045377	0.007614
-6.560000	0.045353	0.007628
-6.550000	0.045329	0.007642
-6.540000	0.045306	0.007657
-6.530000	0.045282	0.007671
-6.520000	0.045258	0.007685
-6.510000	0.045234	0.007699
-6.500000	0.045210	0.007713
-6.490000	0.045186	0.007727
-6.480000	0.045162	0.007742
-6.470000	0.045137	0.007756
-6.460000	0.045113	0.007770
-6.450000	0.045089	0.007784
-6.440000	0.045064	0.007799
-6.430000	0.045040	0.007813
-6.420000	0.045015	0.007827
-6.410000	0.044991	0.007842
-6.400000	0.044966	0.007856
-6.390000	0.044941	0.007871
-6.380000	0.044917	0.007885
-6.370000	0.044892	0.007900
-6.360000	0.044867	0.007914
-6.350000	0.044842	0.007929
-6.340000	0.044817	0.007943
-6.330000	0.044792	0.007958
-6.320000	0.044766	0.007973
-6.310000	0.044741	0.007987
-6.300000	0.044716	0.008002
-6.290000	0.044690	0.008017
-6.280000	0.044665	0.008031
-6.270000	0.044640	0.008046
-6.260000	0.044614	0.008061
-6.250000	0.044588	0.008076
-6.240000	0.044563	0.008090
-6.230000	0.044537	0.008105
-6.220000	0.044511	0.008120
-6.210000	0.044485	0.008135
-6.200000	0.044459	0.008150
-6.190000	0.044433	0.008165
-6.180000	0.044407	0.008180
-6.170000	0.044381	0.008195
-6.160000	0.044355	0.008210
-6.150000	0.044329	0.008225
-6.140000	0.044302	0.008240
-6.130000	0.044276	0.008255
-6.120000	0.044250	0.008270
-6.110000	0.044223	0.008285
-6.100000	0.044197	0.008300
-6.090000	0.044170	0.008316
-6.080000	0.044143	0.008331
-6.070000	0.044117	0.008346
-6.060000	0.044090	0.008361
-6.050000	0.044063	0.008377
-6.040000	0.044036	0.008392
-6.030000	0.044009	0.008407
-6.020000	0.043982	0.008423
-6.010000	0.043955	0.008438
-6.000000	0.043928	0.008453
-5.990000	0.043901	0.008469
-5.980000	0.043874	0.008484
-5.970000	0.043846	0.008500
-5.960000	0.043819	0.008515
-5.950000	0.043792	0.008531
-5.940000	0.043764	0.008546
-5.930000	0.043737	0.008562
-5.920000	0.043709	0.008578
-5.910000	0.043681	0.008593
-5.900000	0.043654	0.008609
-5.890000	0.043626	0.008625
-5.880000	0.043598	0.008640
-5.870000	0.043570	0.008656
-5.860000	0.043542	0.008672
-5.850000	0.043514	0.008688
-5.840000	0.043486	0.008703
-5.830000	0.043458	0.008719
-5.820000	0.043430	0.008735
-5.810000	0.043402	0.008751
-5.800000	0.043374	0.008767
-5.790000	0.043345	0.008783
-5.780000	0.043317	0.008799
-5.770000	0.043289	0.008815
-5.760000	0.043260	0.008831
-5.750000	0.043232	0.008847
-5.740000	0.043203	0.008863
-5.730000	0.043174	0.008879
-5.720000	0.043146	0.008895
-5.710000	0.043117	0.008912
-5.700000	0.043088	0.008928
-5.690000	0.043059	0.008944
-5.680000	0.043030	0.008960
-5.670000	0.043002	0.008977
-5.660000	0.042973	0.008993
-5.650000	0.042943	0.009009
-5.640000	0.042914	0.009025
-5.630000	0.042885	0.009042
-5.620000	0.042856	0.009058
-5.610000	0.042827	0.009075
-5.600000	0.042797	0.009091
-5.590000	0.042768	0.009108
-5.580000	0.042739	0.009124
-5.570000	0.042709	0.009141
-5.560000	0.042680	0.009157
-5.550000	0.042650	0.009174
-5.540000	0.042620	0.009190
-5.530000	0.042591	0.009207
-5.520000	0.042561	0.009224
-5.510000	0.042531	0.009241
-5.500000	0.042502	0.009257
-5.490000	0.042472	0.009274
-5.480000	0.042442	0.009291
-5.470000	0.042412	0.009308
-5.460000	0.042382	0.009324
-5.450000	0.042352	0.009341
-5.440000	0.042322	0.009358
-5.430000	0.042291	0.009375
-5.420000	0.042261	0.009392
-5.410000	0.042231	0.009409
-5.400000	0.042201	0.009426
-5.390000	0.042170	0.009443
-5.380000	0.042140	0.009460
-5.370000	0.042109	0.009477
-5.360000	0.042079	0.009494
-5.350000	0.042048	0.009511
-5.340000	0.042018	0.009529
-5.330000	0.041987	0.009546
-5.320000	0.041956	0.009563
-5.310000	0.041926	0.009580
-5.300000	0.041895	0.009598
-5.290000	0.041864	0.009615
-5.280000	0.041833	0.009632
-5.270000	0.041802	0.009649
-5.260000	0.041771	0.009667
-5.250000	0.041740	0.009684
-5.240000	0.041709	0.009702
-5.230000	0.041678	0.009719
-5.220000	0.041647	0.009737
-5.210000	0.041616	0.009754
-5.200000	0.041585	0.009772
-5.190000	0.041553	0.009789
-5.180000	0.041522	0.009807
-5.170000	0.041491	0.009825
-5.160000	0.041459	0.009842
-5.150000	0.041428	0.009860
-5.140000	0.041396	0.009878
-5.130000	0.041365	0.009895
-5.120000	0.041333	0.009913
-5.110000	0.041301	0.009931
-5.100000	0.041270	0.009949
-5.090000	0.041238	0.009967
-5.080000	0.041206	0.009985
-5.070000	0.041174	0.010002
-5.060000	0.041143	0.010020
-5.050000	0.041111	0.010038
-5.040000	0.041079	0.010056
-5.030000	0.041047	0.010074
-5.020000	0.041015	0.010092
-5.010000	0.040983	0.010111
-5.000000	0.040951	0.010129
-4.990000	0.040918	0.010147
-4.980000	0.040886	0.010165
-4.970000	0.040854	0.010183
-4.960000	0.040822	0.010201
-4.950000	0.040789	0.010220
-4.940000	0.040757	0.010238
-4.930000	0.040725	0.010256
-4.920000	0.040692	0.010275
-4.910000	0.040660	0.010293
-4.900000	0.040627	0.010311
-4.890000	0.040595	0.010330
-4.880000	0.040562	0.010348
-4.870000	0.040530	0.010367
-4.860000	0.040497	0.010385
-4.850000	0.040464	0.010404
-4.840000	0.040431	0.010422
-4.830000	0.040399	0.010441
-4.820000	0.040366	0.010460
-4.810000	0.040333	0.010478
-4.800000	0.040300	0.010497
-4.790000	0.040267	0.010516
-4.780000	0.040234	0.010535
-4.770000	0.040201	0.010553
-4.760000	0.040168	0.010572
-4.750000	0.040135	0.010591
-4.740000	0.040102	0.010610
-4.730000	0.040069	0.010629
-4.720000	0.040036	0.010648
-4.710000	0.040002	0.010667
-4.700000	0.039969	0.010686
-4.690000	0.039936	0.010705
-4.680000	0.039902	0.010724
-4.670000	0.039869	0.010743
-4.660000	0.039836	0.010762
-4.650000	0.039802	0.010781
-4.640000	0.039769	0.010800
-4.630000	0.039735	0.010819
-4.620000	0.039702	0.010838
-4.610000	0.039668	0.010858
-4.600000	0.039634	0.010877
-4.590000	0.039601	0.010896
-4.580000	0.039567	0.010916
-4.570000	0.039533	0.010935
-4.560000	0.039500	0.010954
-4.550000	0.039466	0.010974
-4.540000	0.039432	0.010993
-4.530000	0.039398	0.011013
-4.520000	0.039364	0.011032
-4.510000	0.039330	0.011052
-4.500000	0.039296	0.011071
-4.490000	0.039262	0.011091
-4.480000	0.039228	0.011111
-4.470000	0.039194	0.011130
-4.460000	0.039160	0.011150
-4.450000	0.039126	0.011170
-4.440000	0.039092	0.011190
-4.430000	0.039058	0.011209
-4.420000	0.039024	0.011229
-4.410000	0.038989	0.011249
-4.400000	0.038955	0.011269
-4.390000	0.038921	0.011289
-4.380000	0.038886	0.011309
-4.370000	0.038852	0.011329
-4.360000	0.038818	0.011349
-4.350000	0.038783	0.011369
-4.340000	0.038749	0.011389
-4.330000	0.038714	0.011409
-4.320000	0.038680	0.011429
-4.310000	0.038645	0.011449
-4.300000	0.038611	0.011469
-4.290000	0.038576	0.011489
-4.280000	0.038541	0.011510
-4.270000	0.038507	0.011530
-4.260000	0.038472	0.011550
-4.250000	0.038437	0.011571
-4.240000	0.038403	0.011591
-4.230000	0.038368	0.011611
-4.220000	0.038333	0.011632
-4.210000	0.038298	0.011652
-4.200000	0.038263	0.011673
-4.190000	0.038228	0.011693
-4.180000	0.038193	0.011714
-4.170000	0.038159	0.011734
-4.160000	0.038124	0.011755
-4.150000	0.038089	0.011776
-4.140000	0.038054	0.011796
-4.130000	0.038019	0.011817
-4.120000	0.037983	0.011838
-4.110000	0.037948	0.011858
-4.100000	0.037913	0.011879
-4.090000	0.037878	0.011900
-4.080000	0.037843	0.011921
-4.070000	0.037808	0.011942
-4.060000	0.037772	0.011963
-4.050000	0.037737	0.011984
-4.040000	0.037702	0.012005
-4.030000	0.037667	0.012026
-4.020000	0.037631	0.012047
-4.010000	0.037596	0.012068
-4.000000	0.037561	0.012089
-3.990000	0.037525	0.012110
-3.980000	0.037490	0.012131
-3.970000	0.037454	0.012152
-3.960000	0.037419	0.012173
-3.950000	0.037383	0.012195
-3.940000	0.037348	0.012216
-3.930000	0.037312	0.012237
-3.920000	0.037277	0.012259
-3.910000	0.037241	0.012280
-3.900000	0.037205	0.012301
-3.890000	0.037170	0.012323
-3.880000	0.037134	0.012344
-3.870000	0.037099	0.012366
-3.860000	0.037063	0.012387
-3.850000	0.037027	0.012409
-3.840000	0.036991	0.012431
-3.830000	0.036956	0.012452
-3.820000	0.036920	0.012474
-3.810000	0.036884	0.012496
-3.800000	0.036848	0.012517
-3.790000	0.036812	0.012539
-3.780000	0.036776	0.012561
-3.770000	0.036741	0.012583
-3.760000	0.036705	0.012605
-3.750000	0.036669	0.012626
-3.740000	0.036633	0.012648
-3.730000	0.036597	0.012670
-3.720000	0.036561	0.012692
-3.710000	0.036525	0.012714
-3.700000	0.036489	0.012736
-3.690000	0.036453	0.012758
-3.680000	0.036417	0.012780
-3.670000	0.036381	0.012803
-3.660000	0.036345	0.012825
-3.650000	0.036308	0.012847
-3.640000	0.036272	0.012869
-3.630000	0.036236	0.012891
-3.620000	0.036200	0.012914
-3.610000	0.036164	0.012936
-3.600000	0.036128	0.012958
-3.590000	0.036091	0.012981
-3.580000	0.036055	0.013003
-3.570000	0.036019	0.013026
-3.560000	0.035983	0.013048
-3.550000	0.035946	0.013071
-3.540000	0.035910	0.013093
-3.530000	0.035874	0.013116
-3.520000	0.035837	0.013138
-3.510000	0.035801	0.013161
-3.500000	0.035765	0.013184
-3.490000	0.035728	0.013206
-3.480000	0.035692	0.013229
-3.470000	0.035655	0.013252
-3.460000	0.035619	0.013275
-3.450000	0.035582	0.013298
-3.440000	0.035546	0.013320
-3.430000	0.035510	0.013343
-3.420000	0.035473	0.013366
-3.410000	0.035437	0.013389
-3.400000	0.035400	0.013412
-3.390000	0.035363	0.013435
-3.380000	0.035327	0.013458
-3.370000	0.035290	0.013481
-3.360000	0.035254	0.013505
-3.350000	0.035217	0.013528
-3.340000	0.035181	0.013551
-3.330000	0.035144	0.013574
-3.320000	0.035107	0.013597
-3.310000	0.035071	0.013621
-3.300000	0.035034	0.013644
-3.290000	0.034997	0.013667
-3.280000	0.034961	0.013691
-3.270000	0.034924	0.013714
-3.260000	0.034887	0.013738
-3.250000	0.034851	0.013761
-3.240000	0.034814	0.013785
-3.230000	0.034777	0.013808
-3.220000	0.034740	0.013832
-3.210000	0.034704	0.013855
-3.200000	0.034667	0.013879
-3.190000	0.034630	0.013903
-3.180000	0.034593	0.013926
-3.170000	0.034556	0.013950
-3.160000	0.034520	0.013974
-3.150000	0.034483	0.013998
-3.140000	0.034446	0.014021
-3.130000	0.034409	0.014045
-3.120000	0.034372	0.014069
-3.110000	0.034335	0.014093
-3.100000	0.034299	0.014117
-3.090000	0.034262	0.014141
-3.080000	0.034225	0.014165
-3.070000	0.034188	0.014189
-3.060000	0.034151	0.014213
-3.050000	0.034114	0.014237
-3.040000	0.034077	0.014262
-3.030000	0.034040	0.014286
-3.020000	0.034003	0.014310
-3.010000	0.033966	0.014334
-3.000000	0.033929	0.014359
-2.990000	0.033892	0.014383
-2.980000	0.033855	0.014407
-2.970000	0.033818	0.014432
-2.960000	0.033781	0.014456
-2.950000	0.033744	0.014480
-2.940000	0.033707	0.014505
-2.930000	0.033670	0.014530
-2.920000	0.033633	0.014554
-2.910000	0.033596	0.014579
-2.900000	0.033559	0.014603
-2.890000	0.033522	0.014628
-2.880000	0.033485	0.014653
-2.870000	0.033448	0.014677
-2.860000	0.033411	0.014702
-2.850000	0.033374	0.014727
-2.840000	0.033337	0.014752
-2.830000	0.033300	0.014776
-2.820000	0.033263	0.014801
-2.810000	0.033226	0.014826
-2.800000	0.033189	0.014851
-2.790000	0.033152	0.014876
-2.780000	0.033114	0.014901
-2.770000	0.033077	0.014926
-2.760000	0.033040	0.014951
-2.750000	0.033003	0.014976
-2.740000	0.032966	0.015002
-2.730000	0.032929	0.015027
-2.720000	0.032892	0.015052
-2.710000	0.032855	0.015077
-2.700000	0.032818	0.015102
-2.690000	0.032780	0.015128
-2.680000	0.032743	0.015153
-2.670000	0.032706	0.015179
-2.660000	0.032669	0.015204
-2.650000	0.032632	0.015229
-2.640000	0.032595	0.015255
-2.630000	0.032558	0.015280
-2.620000	0.032520	0.015306
-2.610000	0.032483	0.015331
-2.600000	0.032446	0.015357
-2.590000	0.032409	0.015383
-2.580000	0.032372	0.015408
-2.570000	0.032335	0.015434
-2.560000	0.032297	0.015460
-2.550000	0.032260	0.015486
-2.540000	0.032223	0.015511
-2.530000	0.032186	0.015537
-2.520000	0.032149	0.015563
-2.510000	0.032112	0.015589
-2.500000	0.032075	0.015615
-2.490000	0.032037	0.015641
-2.480000	0.032000	0.015667
-2.470000	0.031963	0.015693
-2.460000	0.031926	0.015719
-2.450000	0.031889	0.015745
-2.440000	0.031852	0.015771
-2.430000	0.031814	0.015797
-2.420000	0.031777	0.015823
-2.410000	0.031740	0.015850
-2.400000	0.031703	0.015876
-2.390000	0.031666	0.015902
-2.380000	0.031629	0.015929
-2.370000	0.031591	0.015955
-2.360000	0.031554	0.015981
-2.350000	0.031517	0.016008
-2.340000	0.031480	0.016034
-2.330000	0.031443	0.016061
-2.320000	0.031406	0.016087
-2.310000	0.031368	0.016114
-2.300000	0.031331	0.016140
-2.290000	0.031294	0.016167
-2.280000	0.031257	0.016194
-2.270000	0.031220	0.016220
-2.260000	0.031183	0.016247
-2.250000	0.031146	0.016274
-2.240000	0.031109	0.016301
-2.230000	0.031071	0.016327
-2.220000	0.031034	0.016354
-2.210000	0.030997	0.016381
-2.200000	0.030960	0.016408
-2.190000	0.030923	0.016435
-2.180000	0.030886	0.016462
-2.170000	0.030849	0.016489
-2.160000	0.030812	0.016516
-2.150000	0.030775	0.016543
-2.140000	0.030737	0.016570
-2.130000	0.030700	0.016597
-2.120000	0.030663	0.016625
-2.110000	0.030626	0.016652
-2.100000	0.030589	0.016679
-2.090000	0.030552	0.016706
-2.080000	0.030515	0.016734
-2.070000	0.030478	0.016761
-2.060000	0.030441	0.016788
-2.050000	0.030404	0.016816
-2.040000	0.030367	0.016843
-2.030000	0.030330	0.016871
-2.020000	0.030293	0.016898
-2.010000	0.030256	0.016926
-2.000000	0.030219	0.016953
-1.990000	0.030182	0.016981
-1.980000	0.030145	0.017008
-1.970000	0.030108	0.017036
-1.960000	0.030071	0.017064
-1.950000	0.030034	0.017092
-1.940000	0.029997	0.017119
-1.930000	0.029960	0.017147
-1.920000	0.029923	0.017175
-1.910000	0.029886	0.017203
-1.900000	0.029849	0.017231
-1.890000	0.029812	0.017259
-1.880000	0.029775	0.017287
-1.870000	0.029738	0.017315
-1.860000	0.029701	0.017343
-1.850000	0.029664	0.017371
-1.840000	0.029627	0.017399
-1.830000	0.029591	0.017427
-1.820000	0.029554	0.017455
-1.810000	0.029517	0.017483
-1.800000	0.029480	0.017511
-1.790000	0.029443	0.017540
-1.780000	0.029406	0.017568
-1.770000	0.029369	0.017596
-1.760000	0.029333	0.017625
-1.750000	0.029296	0.017653
-1.740000	0.029259	0.017681
-1.730000	0.029222	0.017710
-1.720000	0.029185	0.017738
-1.710000	0.029149	0.017767
-1.700000	0.029112	0.017795
-1.690000	0.029075	0.017824
-1.680000	0.029038	0.017853
-1.670000	0.029002	0.017881
-1.660000	0.028965	0.017910
-1.650000	0.028928	0.017939
-1.640000	0.028892	0.017967
-1.630000	0.028855	0.017996
-1.620000	0.028818	0.018025
-1.610000	0.028781	0.018054
-1.600000	0.028745	0.018083
-1.590000	0.028708	0.018112
-1.580000	0.028672	0.018140
-1.570000	0.028635	0.018169
-1.560000	0.028598	0.018198
-1.550000	0.028562	0.018227
-1.540000	0.028525	0.018256
-1.530000	0.028488	0.018286
-1.520000	0.028452	0.018315
-1.510000	0.028415	0.018344
-1.500000	0.028379	0.018373
-1.490000	0.028342	0.018402
-1.480000	0.028306	0.018431
-1.470000	0.028269	0.018461
-1.460000	0.028233	0.018490
-1.450000	0.028196	0.018519
-1.440000	0.028160	0.018549
-1.430000	0.028123	0.018578
-1.420000	0.028087	0.018608
-1.410000	0.028051	0.018637
-1.400000	0.028014	0.018667
-1.390000	0.027978	0.018696
-1.380000	0.027941	0.018726
-1.370000	0.027905	0.018755
-1.360000	0.027869	0.018785
-1.350000	0.027832	0.018815
-1.340000	0.027796	0.018844
-1.330000	0.027760	0.018874
-1.320000	0.027723	0.018904
-1.310000	0.027687	0.018934
-1.300000	0.027651	0.018963
-1.290000	0.027614	0.018993
-1.280000	0.027578	0.019023
-1.270000	0.027542	0.019053
-1.260000	0.027506	0.019083
-1.250000	0.027470	0.019113
-1.240000	0.027433	0.019143
-1.230000	0.027397	0.019173
-1.220000	0.027361	0.019203
-1.210000	0.027325	0.019233
-1.200000	0.027289	0.019263
-1.190000	0.027253	0.019293
-1.180000	0.027217	0.019324
-1.170000	0.027181	0.019354
-1.160000	0.027144	0.019384
-1.150000	0.027108	0.019414
-1.140000	0.027072	0.019445
-1.130000	0.027036	0.019475
-1.120000	0.027000	0.019505
-1.110000	0.026964	0.019536
-1.100000	0.026928	0.019566
-1.090000	0.026893	0.019597
-1.080000	0.026857	0.019627
-1.070000	0.026821	0.019658
-1.060000	0.026785	0.019688
-1.050000	0.026749	0.019719
-1.040000	0.026713	0.019750
-1.030000	0.026677	0.019780
-1.020000	0.026641	0.019811
-1.010000	0.026606	0.019842
-1.000000	0.026570	0.019872
-0.990000	0.026534	0.019903
-0.980000	0.026498	0.019934
-0.970000	0.026462	0.019965
-0.960000	0.026427	0.019996
-0.950000	0.026391	0.020027
-0.940000	0.026355	0.020058
-0.930000	0.026320	0.020089
-0.920000	0.026284	0.020119
-0.910000	0.026248	0.020151
-0.900000	0.026213	0.020182
-0.890000	0.026177	0.020213
-0.880000	0.026142	0.020244
-0.870000	0.026106	0.020275
-0.860000	0.026071	0.020306
-0.850000	0.026035	0.020337
-0.840000	0.026000	0.020369
-0.830000	0.025964	0.020400
-0.820000	0.025929	0.020431
-0.810000	0.025893	0.020462
-0.800000	0.025858	0.020494
-0.790000	0.025822	0.020525
-0.780000	0.025787	0.020557
-0.770000	0.025752	0.020588
-0.760000	0.025716	0.020619
-0.750000	0.025681	0.020651
-0.740000	0.025646	0.020682
-0.730000	0.025610	0.020714
-0.720000	0.025575	0.020746
-0.710000	0.025540	0.020777
-0.700000	0.025505	0.020809
-0.690000	0.025469	0.020841
-0.680000	0.025434	0.020872
-0.670000	0.025399	0.020904
-0.660000	0.025364	0.020936
-0.650000	0.025329	0.020968
-0.640000	0.025294	0.020999
-0.630000	0.025259	0.021031
-0.620000	0.025224	0.021063
-0.610000	0.025189	0.021095
-0.600000	0.025154	0.021127
-0.590000	0.025119	0.021159
-0.580000	0.025084	0.021191
-0.570000	0.025049	0.021223
-0.560000	0.025014	0.021255
-0.550000	0.024979	0.021287
-0.540000	0.024944	0.021319
-0.530000	0.024909	0.021351
-0.520000	0.024874	0.021383
-0.510000	0.024839	0.021416
-0.500000	0.024805	0.021448
-0.490000	0.024770	0.021480
-0.480000	0.024735	0.021512
-0.470000	0.024700	0.021545
-0.460000	0.024666	0.021577
-0.450000	0.024631	0.021609
-0.440000	0.024596	0.021642
-0.430000	0.024562	0.021674
-0.420000	0.024527	0.021707
-0.410000	0.024492	0.021739
-0.400000	0.024458	0.021772
-0.390000	0.024423	0.021804
-0.380000	0.024389	0.021837
-0.370000	0.024354	0.021869
-0.360000	0.024320	0.021902
-0.350000	0.024285	0.021935
-0.340000	0.024251	0.021967
-0.330000	0.024216	0.022000
-0.320000	0.024182	0.022033
-0.310000	0.024148	0.022066
-0.300000	0.024113	0.022098
-0.290000	0.024079	0.022131
-0.280000	0.024045	0.022164
-0.270000	0.024010	0.022197
-0.260000	0.023976	0.022230
-0.250000	0.023942	0.022263
-0.240000	0.023908	0.022296
-0.230000	0.023874	0.022329
-0.220000	0.023839	0.022362
-0.210000	0.023805	0.022395
-0.200000	0.023771	0.022428
-0.190000	0.023737	0.022461
-0.180000	0.023703	0.022494
-0.170000	0.023669	0.022527
-0.160000	0.023635	0.022560
-0.150000	0.023601	0.022593
-0.140000	0.023567	0.022627
-0.130000	0.023533	0.022660
-0.120000	0.023499	0.022693
-0.110000	0.023465	0.022726
-0.100000	0.023431	0.022760
-0.090000	0.023398	0.022793
-0.080000	0.023364	0.022826
-0.070000	0.023330	0.022860
-0.060000	0.023296	0.022893
-0.050000	0.023263	0.022927
-0.040000	0.023229	0.022960
-0.030000	0.023195	0.022994
-0.020000	0.023162	0.023027
-0.010000	0.023128	0.023061
-0.000000	0.023094	0.023094
0.010000	0.023061	0.023128
0.020000	0.023027	0.023162
0.030000	0.022994	0.023195
0.040000	0.022960	0.023229
0.050000	0.022927	0.023263
0.060000	0.022893	0.023296
0.070000	0.022860	0.023330
0.080000	0.022826	0.023364
0.090000	0.022793	0.023398
0.100000	0.022760	0.023431
0.110000	0.022726	0.023465
0.120000	0.022693	0.023499
0.130000	0.022660	0.023533
0.140000	0.022627	0.023567
0.150000	0.022593	0.023601
0.160000	0.022560	0.023635
0.170000	0.022527	0.023669
0.180000	0.022494	0.023703
0.190000	0.022461	0.023737
0.200000	0.022428	0.023771
0.210000	0.022395	0.023805
0.220000	0.022362	0.023839
0.230000	0.022329	0.023874
0.240000	0.022296	0.023908
0.250000	0.022263	0.023942
0.260000	0.022230	0.023976
0.270000	0.022197	0.024010
0.280000	0.022164	0.024045
0.290000	0.022131	0.024079
0.300000	0.022098	0.024113
0.310000	0.022066	0.024148
0.320000	0.022033	0.024182
0.330000	0.022000	0.024216
0.340000	0.021967	0.024251
0.350000	0.021935	0.024285
0.360000	0.021902	0.024320
0.370000	0.021869	0.024354
0.380000	0.021837	0.024389
0.390000	0.021804	0.024423
0.400000	0.021772	0.024458
0.410000	0.021739	0.024492
0.420000	0.021707	0.024527
0.430000	0.021674	0.024562
0.440000	0.021642	0.024596
0.450000	0.021609	0.024631
0.460000	0.021577	0.024666
0.470000	0.021545	0.024700
0.480000	0.021512	0.024735
0.490000	0.021480	0.024770
0.500000	0.021448	0.024805
0.510000	0.021416	0.024839
0.520000	0.021383	0.024874
0.530000	0.021351	0.024909
0.540000	0.021319	0.024944
0.550000	0.021287	0.024979
0.560000	0.021255	0.025014
0.570000	0.021223	0.025049
0.580000	0.021191	0.025084
0.590000	0.021159	0.025119
0.600000	0.021127	0.025154
0.610000	0.021095	0.025189
0.620000	0.021063	0.025224
0.630000	0.021031	0.025259
0.640000	0.020999	0.025294
0.650000	0.020968	0.025329
0.660000	0.020936	0.025364
0.670000	0.020904	0.025399
0.680000	0.020872	0.025434
0.690000	0.020841	0.025469
0.700000	0.020809	0.025505
0.710000	0.020777	0.025540
0.720000	0.020746	0.025575
0.730000	0.020714	0.025610
0.740000	0.020682	0.025646
0.750000	0.020651	0.025681
0.760000	0.020619	0.025716
0.770000	0.020588	0.025752
0.780000	0.020557	0.025787
0.790000	0.020525	0.025822
0.800000	0.020494	0.025858
0.810000	0.020462	0.025893
0.820000	0.020431	0.025929
0.830000	0.020400	0.025964
0.840000	0.020369	0.026000
0.850000	0.020337	0.026035
0.860000	0.020306	0.026071
0.870000	0.020275	0.026106
0.880000	0.020244	0.026142
0.890000	0.020213	0.026177
0.900000	0.020182	0.026213
0.910000	0.020151	0.026248
0.920000	0.020119	0.026284
0.930000	0.020089	0.026320
0.940000	0.020058	0.026355
0.950000	0.020027	0.026391
0.960000	0.019996	0.026427
0.970000	0.019965	0.026462
0.980000	0.019934	0.026498
0.990000	0.019903	0.026534
1.000000	0.019872	0.026570
1.010000	0.019842	0.026606
1.020000	0.019811	0.026641
1.030000	0.019780	0.026677
1.040000	0.019750	0.026713
1.050000	0.019719	0.026749
1.060000	0.019688	0.026785
1.070000	0.019658	0.026821
1.080000	0.019627	0.026857
1.090000	0.019597	0.026893
1.100000	0.019566	0.026928
1.110000	0.019536	0.026964
1.120000	0.019505	0.027000
1.130000	0.019475	0.027036
1.140000	0.019445	0.027072
1.150000	0.019414	0.027108
1.160000	0.019384	0.027144
1.170000	0.019354	0.027181
1.180000	0.019324	0.027217
1.190000	0.019293	0.027253
1.200000	0.019263	0.027289
1.210000	0.019233	0.027325
1.220000	0.019203	0.027361
1.230000	0.019173	0.027397
1.240000	0.019143	0.027433
1.250000	0.019113	0.027470
1.260000	0.019083	0.027506
1.270000	0.019053	0.027542
1.280000	0.019023	0.027578
1.290000	0.018993	0.027614
1.300000	0.018963	0.027651
1.310000	0.018934	0.027687
1.320000	0.018904	0.027723
1.330000	0.018874	0.027760
1.340000	0.018844	0.027796
1.350000	0.018815	0.027832
1.360000	0.018785	0.027869
1.370000	0.018755	0.027905
1.380000	0.018726	0.027941
1.390000	0.018696	0.027978
1.400000	0.018667	0.028014
1.410000	0.018637	0.028051
1.420000	0.018608	0.028087
1.430000	0.018578	0.028123
1.440000	0.018549	0.028160
1.450000	0.018519	0.028196
1.460000	0.018490	0.028233
1.470000	0.018461	0.028269
1.480000	0.018431	0.028306
1.490000	0.018402	0.028342
1.500000	0.018373	0.028379
1.510000	0.018344	0.028415
1.520000	0.018315	0.028452
1.530000	0.018286	0.028488
1.540000	0.018256	0.028525
1.550000	0.018227	0.028562
1.560000	0.018198	0.028598
1.570000	0.018169	0.028635
1.580000	0.018140	0.028672
1.590000	0.018112	0.028708
1.600000	0.018083	0.028745
1.610000	0.018054	0.028781
1.620000	0.018025	0.028818
1.630000	0.017996	0.028855
1.640000	0.017967	0.028892
1.650000	0.017939	0.028928
1.660000	0.017910	0.028965
1.670000	0.017881	0.029002
1.680000	0.017853	0.029038
1.690000	0.017824	0.029075
1.700000	0.017795	0.029112
1.710000	0.017767	0.029149
1.720000	0.017738	0.029185
1.730000	0.017710	0.029222
1.740000	0.017681	0.029259
1.750000	0.017653	0.029296
1.760000	0.017625	0.029333
1.770000	0.017596	0.029369
1.780000	0.017568	0.029406
1.790000	0.017540	0.029443
1.800000	0.017511	0.029480
1.810000	0.017483	0.029517
1.820000	0.017455	0.029554
1.830000	0.017427	0.029591
1.840000	0.017399	0.029627
1.850000	0.017371	0.029664
1.860000	0.017343	0.029701
1.870000	0.017315	0.029738
1.880000	0.017287	0.029775
1.890000	0.017259	0.029812
1.900000	0.017231	0.029849
1.910000	0.017203	0.029886
1.920000	0.017175	0.029923
1.930000	0.017147	0.029960
1.940000	0.017119	0.029997
1.950000	0.017092	0.030034
1.960000	0.017064	0.030071
1.970000	0.017036	0.030108
1.980000	0.017008	0.030145
1.990000	0.016981	0.030182
2.000000	0.016953	0.030219
2.010000	0.016926	0.030256
2.020000	0.016898	0.030293
2.030000	0.016871	0.030330
2.040000	0.016843	0.030367
2.050000	0.016816	0.030404
2.060000	0.016788	0.030441
2.070000	0.016761	0.030478
2.080000	0.016734	0.030515
2.090000	0.016706	0.030552
2.100000	0.016679	0.030589
2.110000	0.016652	0.030626
2.120000	0.016625	0.030663
2.130000	0.016597	0.030700
2.140000	0.016570	0.030737
2.150000	0.016543	0.030775
2.160000	0.016516	0.030812
2.170000	0.016489	0.030849
2.180000	0.016462	0.030886
2.190000	0.016435	0.030923
2.200000	0.016408	0.030960
2.210000	0.016381	0.030997
2.220000	0.016354	0.031034
2.230000	0.016327	0.031071
2.240000	0.016301	0.031109
2.250000	0.016274	0.031146
2.260000	0.016247	0.031183
2.270000	0.016220	0.031220
2.280000	0.016194	0.031257
2.290000	0.016167	0.031294
2.300000	0.016140	0.031331
2.310000	0.016114	0.031368
2.320000	0.016087	0.031406
2.330000	0.016061	0.031443
2.340000	0.016034	0.031480
2.350000	0.016008	0.031517
2.360000	0.015981	0.031554
2.370000	0.015955	0.031591
2.380000	0.015929	0.031629
2.390000	0.015902	0.031666
2.400000	0.015876	0.031703
2.410000	0.015850	0.031740
2.420000	0.015823	0.031777
2.430000	0.015797	0.031814
2.440000	0.015771	0.031852
2.450000	0.015745	0.031889
2.460000	0.015719	0.031926
2.470000	0.015693	0.031963
2.480000	0.015667	0.032000
2.490000	0.015641	0.032037
2.500000	0.015615	0.032075
2.510000	0.015589	0.032112
2.520000	0.015563	0.032149
2.530000	0.015537	0.032186
2.540000	0.015511	0.032223
2.550000	0.015486	0.032260
2.560000	0.015460	0.032297
2.570000	0.015434	0.032335
2.580000	0.015408	0.032372
2.590000	0.015383	0.032409
2.600000	0.015357	0.032446
2.610000	0.015331	0.032483
2.620000	0.015306	0.032520
2.630000	0.015280	0.032558
2.640000	0.015255	0.032595
2.650000	0.015229	0.032632
2.660000	0.015204	0.032669
2.670000	0.015179	0.032706
2.680000	0.015153	0.032743
2.690000	0.015128	0.032780
2.700000	0.015102	0.032818
2.710000	0.015077	0.032855
2.720000	0.015052	0.032892
2.730000	0.015027	0.032929
2.740000	0.015002	0.032966
2.750000	0.014976	0.033003
2.760000	0.014951	0.033040
2.770000	0.014926	0.033077
2.780000	0.014901	0.033114
2.790000	0.014876	0.033152
2.800000	0.014851	0.033189
2.810000	0.014826	0.033226
2.820000	0.014801	0.033263
2.830000	0.014776	0.033300
2.840000	0.014752	0.033337
2.850000	0.014727	0.033374
2.860000	0.014702	0.033411
2.870000	0.014677	0.033448
2.880000	0.014653	0.033485
2.890000	0.014628	0.033522
2.900000	0.014603	0.033559
2.910000	0.014579	0.033596
2.920000	0.014554	0.033633
2.930000	0.014530	0.033670
2.940000	0.014505	0.033707
2.950000	0.014480	0.033744
2.960000	0.014456	0.033781
2.970000	0.014432	0.033818
2.980000	0.014407	0.033855
2.990000	0.014383	0.033892
3.000000	0.014359	0.033929
3.010000	0.014334	0.033966
3.020000	0.014310	0.034003
3.030000	0.014286	0.034040
3.040000	0.014262	0.034077
3.050000	0.014237	0.034114
3.060000	0.014213	0.034151
3.070000	0.014189	0.034188
3.080000	0.014165	0.034225
3.090000	0.014141	0.034262
3.100000	0.014117	0.034299
3.110000	0.014093	0.034335
3.120000	0.014069	0.034372
3.130000	0.014045	0.034409
3.140000	0.014021	0.034446
3.150000	0.013998	0.034483
3.160000	0.013974	0.034520
3.170000	0.013950	0.034556
3.180000	0.013926	0.034593
3.190000	0.013903	0.034630
3.200000	0.013879	0.034667
3.210000	0.013855	0.034704
3.220000	0.013832	0.034740
3.230000	0.013808	0.034777
3.240000	0.013785	0.034814
3.250000	0.013761	0.034851
3.260000	0.013738	0.034887
3.270000	0.013714	0.034924
3.280000	0.013691	0.034961
3.290000	0.013667	0.034997
3.300000	0.013644	0.035034
3.310000	0.013621	0.035071
3.320000	0.013597	0.035107
3.330000	0.013574	0.035144
3.340000	0.013551	0.035181
3.350000	0.013528	0.035217
3.360000	0.013505	0.035254
3.370000	0.013481	0.035290
3.380000	0.013458	0.035327
3.390000	0.013435	0.035363
3.400000	0.013412	0.035400
3.410000	0.013389	0.035437
3.420000	0.013366	0.035473
3.430000	0.013343	0.035510
3.440000	0.013320	0.035546
3.450000	0.013298	0.035582
3.460000	0.013275	0.035619
3.470000	0.013252	0.035655
3.480000	0.013229	0.035692
3.490000	0.013206	0.035728
3.500000	0.013184	0.035765
3.510000	0.013161	0.035801
3.520000	0.013138	0.035837
3.530000	0.013116	0.035874
3.540000	0.013093	0.035910
3.550000	0.013071	0.035946
3.560000	0.013048	0.035983
3.570000	0.013026	0.036019
3.580000	0.013003	0.036055
3.590000	0.012981	0.036091
3.600000	0.012958	0.036128
3.610000	0.012936	0.036164
3.620000	0.012914	0.036200
3.630000	0.012891	0.036236
3.640000	0.012869	0.036272
3.650000	0.012847	0.036308
3.660000	0.012825	0.036345
3.670000	0.012803	0.036381
3.680000	0.012780	0.036417
3.690000	0.012758	0.036453
3.700000	0.012736	0.036489
3.710000	0.012714	0.036525
3.720000	0.012692	0.036561
3.730000	0.012670	0.036597
3.740000	0.012648	0.036633
3.750000	0.012626	0.036669
3.760000	0.012605	0.036705
3.770000	0.012583	0.036741
3.780000	0.012561	0.036776
3.790000	0.012539	0.036812
3.800000	0.012517	0.036848
3.810000	0.012496	0.036884
3.820000	0.012474	0.036920
3.830000	0.012452	0.036956
3.840000	0.012431	0.036991
3.850000	0.012409	0.037027
3.860000	0.012387	0.037063
3.870000	0.012366	0.037099
3.880000	0.012344	0.037134
3.890000	0.012323	0.037170
3.900000	0.012301	0.037205
3.910000	0.012280	0.037241
3.920000	0.012259	0.037277
3.930000	0.012237	0.037312
3.940000	0.012216	0.037348
3.950000	0.012195	0.037383
3.960000	0.012173	0.037419
3.970000	0.012152	0.037454
3.980000	0.012131	0.037490
3.990000	0.012110	0.037525
4.000000	0.012089	0.037561
4.010000	0.012068	0.037596
4.020000	0.012047	0.037631
4.030000	0.012026	0.037667
4.040000	0.012005	0.037702
4.050000	0.011984	0.037737
4.060000	0.011963	0.037772
4.070000	0.011942	0.037808
4.080000	0.011921	0.037843
4.090000	0.011900	0.037878
4.100000	0.011879	0.037913
4.110000	0.011858	0.037948
4.120000	0.011838	0.037983
4.130000	0.011817	0.038019
4.140000	0.011796	0.038054
4.150000	0.011776	0.038089
4.160000	0.011755	0.038124
4.170000	0.011734	0.038159
4.180000	0.011714	0.038193
4.190000	0.011693	0.038228
4.200000	0.011673	0.038263
4.210000	0.011652	0.038298
4.220000	0.011632	0.038333
4.230000	0.011611	0.038368
4.240000	0.011591	0.038403
4.250000	0.011571	0.038437
4.260000	0.011550	0.038472
4.270000	0.011530	0.038507
4.280000	0.011510	0.038541
4.290000	0.011489	0.038576
4.300000	0.011469	0.038611
4.310000	0.011449	0.038645
4.320000	0.011429	0.038680
4.330000	0.011409	0.038714
4.340000	0.011389	0.038749
4.350000	0.011369	0.038783
4.360000	0.011349	0.038818
4.370000	0.011329	0.038852
4.380000	0.011309	0.038886
4.390000	0.011289	0.038921
4.400000	0.011269	0.038955
4.410000	0.011249	0.038989
4.420000	0.011229	0.039024
4.430000	0.011209	0.039058
4.440000	0.011190	0.039092
4.450000	0.011170	0.039126
4.460000	0.011150	0.039160
4.470000	0.011130	0.039194
4.480000	0.011111	0.039228
4.490000	0.011091	0.039262
4.500000	0.011071	0.039296
4.510000	0.011052	0.039330
4.520000	0.011032	0.039364
4.530000	0.011013	0.039398
4.540000	0.010993	0.039432
4.550000	0.010974	0.039466
4.560000	0.010954	0.039500
4.570000	0.010935	0.039533
4.580000	0.010916	0.039567
4.590000	0.010896	0.039601
4.600000	0.010877	0.039634
4.610000	0.010858	0.039668
4.620000	0.010838	0.039702
4.630000	0.010819	0.039735
4.640000	0.010800	0.039769
4.650000	0.010781	0.039802
4.660000	0.010762	0.039836
4.670000	0.010743	0.039869
4.680000	0.010724	0.039902
4.690000	0.010705	0.039936
4.700000	0.010686	0.039969
4.710000	0.010667	0.040002
4.720000	0.010648	0.040036
4.730000	0.010629	0.040069
4.740000	0.010610	0.040102
4.750000	0.010591	0.040135
4.760000	0.010572	0.040168
4.770000	0.010553	0.040201
4.780000	0.010535	0.040234
4.790000	0.010516	0.040267
4.800000	0.010497	0.040300
4.810000	0.010478	0.040333
4.820000	0.010460	0.040366
4.830000	0.010441	0.040399
4.840000	0.010422	0.040431
4.850000	0.010404	0.040464
4.860000	0.010385	0.040497
4.870000	0.010367	0.040530
4.880000	0.010348	0.040562
4.890000	0.010330	0.040595
4.900000	0.010311	0.040627
4.910000	0.010293	0.040660
4.920000	0.010275	0.040692
4.930000	0.010256	0.040725
4.940000	0.010238	0.040757
4.950000	0.010220	0.040789
4.960000	0.010201	0.040822
4.970000	0.010183	0.040854
4.980000	0.010165	0.040886
4.990000	0.010147	0.040918
5.000000	0.010129	0.040951
5.010000	0.010111	0.040983
5.020000	0.010092	0.041015
5.030000	0.010074	0.041047
5.040000	0.010056	0.041079
5.050000	0.010038	0.041111
5.060000	0.010020	0.041143
5.070000	0.010002	0.041174
5.080000	0.009985	0.041206
5.090000	0.009967	0.041238
5.100000	0.009949	0.041270
5.110000	0.009931	0.041301
5.120000	0.009913	0.041333
5.130000	0.009895	0.041365
5.140000	0.009878	0.041396
5.150000	0.009860	0.041428
5.160000	0.009842	0.041459
5.170000	0.009825	0.041491
5.180000	0.009807	0.041522
5.190000	0.009789	0.041553
5.200000	0.009772	0.041585
5.210000	0.009754	0.041616
5.220000	0.009737	0.041647
5.230000	0.009719	0.041678
5.240000	0.009702	0.041709
5.250000	0.009684	0.041740
5.260000	0.009667	0.041771
5.270000	0.009649	0.041802
5.280000	0.009632	0.041833
5.290000	0.009615	0.041864
5.300000	0.009598	0.041895
5.310000	0.009580	0.041926
5.320000	0.009563	0.041956
5.330000	0.009546	0.041987
5.340000	0.009529	0.042018
5.350000	0.009511	0.042048
5.360000	0.009494	0.042079
5.370000	0.009477	0.042109
5.380000	0.009460	0.042140
5.390000	0.009443	0.042170
5.400000	0.009426	0.042201
5.410000	0.009409	0.042231
5.420000	0.009392	0.042261
5.430000	0.009375	0.042291
5.440000	0.009358	0.042322
5.450000	0.009341	0.042352
5.460000	0.009324	0.042382
5.470000	0.009308	0.042412
5.480000	0.009291	0.042442
5.490000	0.009274	0.042472
5.500000	0.009257	0.042502
5.510000	0.009241	0.042531
5.520000	0.009224	0.042561
5.530000	0.009207	0.042591
5.540000	0.009190	0.042620
5.550000	0.009174	0.042650
5.560000	0.009157	0.042680
5.570000	0.009141	0.042709
5.580000	0.009124	0.042739
5.590000	0.009108	0.042768
5.600000	0.009091	0.042797
5.610000	0.009075	0.042827
5.620000	0.009058	0.042856
5.630000	0.009042	0.042885
5.640000	0.009025	0.042914
5.650000	0.009009	0.042943
5.660000	0.008993	0.042973
5.670000	0.008977	0.043002
5.680000	0.008960	0.043030
5.690000	0.008944	0.043059
5.700000	0.008928	0.043088
5.710000	0.008912	0.043117
5.720000	0.008895	0.043146
5.730000	0.008879	0.043174
5.740000	0.008863	0.043203
5.750000	0.008847	0.043232
5.760000	0.008831	0.043260
5.770000	0.008815	0.043289
5.780000	0.008799	0.043317
5.790000	0.008783	0.043345
5.800000	0.008767	0.043374
5.810000	0.008751	0.043402
5.820000	0.008735	0.043430
5.830000	0.008719	0.043458
5.840000	0.008703	0.043486
5.850000	0.008688	0.043514
5.860000	0.008672	0.043542
5.870000	0.008656	0.043570
5.880000	0.008640	0.043598
5.890000	0.008625	0.043626
5.900000	0.008609	0.043654
5.910000	0.008593	0.043681
5.920000	0.008578	0.043709
5.930000	0.008562	0.043737
5.940000	0.008546	0.043764
5.950000	0.008531	0.043792
5.960000	0.008515	0.043819
5.970000	0.008500	0.043846
5.980000	0.008484	0.043874
5.990000	0.008469	0.043901
6.000000	0.008453	0.043928
6.010000	0.008438	0.043955
6.020000	0.008423	0.043982
6.030000	0.008407	0.044009
6.040000	0.008392	0.044036
6.050000	0.008377	0.044063
6.060000	0.008361	0.044090
6.070000	0.008346	0.044117
6.080000	0.008331	0.044143
6.090000	0.008316	0.044170
6.100000	0.008300	0.044197
6.110000	0.008285	0.044223
6.120000	0.008270	0.044250
6.130000	0.008255	0.044276
6.140000	0.008240	0.044302
6.150000	0.008225	0.044329
6.160000	0.008210	0.044355
6.170000	0.008195	0.044381
6.180000	0.008180	0.044407
6.190000	0.008165	0.044433
6.200000	0.008150	0.044459
6.210000	0.008135	0.044485
6.220000	0.008120	0.044511
6.230000	0.008105	0.044537
6.240000	0.008090	0.044563
6.250000	0.008076	0.044588
6.260000	0.008061	0.044614
6.270000	0.008046	0.044640
6.280000	0.008031	0.044665
6.290000	0.008017	0.044690
6.300000	0.008002	0.044716
6.310000	0.007987	0.044741
6.320000	0.007973	0.044766
6.330000	0.007958	0.044792
6.340000	0.007943	0.044817
6.350000	0.007929	0.044842
6.360000	0.007914	0.044867
6.370000	0.007900	0.044892
6.380000	0.007885	0.044917
6.390000	0.007871	0.044941
6.400000	0.007856	0.044966
6.410000	0.007842	0.044991
6.420000	0.007827	0.045015
6.430000	0.007813	0.045040
6.440000	0.007799	0.045064
6.450000	0.007784	0.045089
6.460000	0.007770	0.045113
6.470000	0.007756	0.045137
6.480000	0.007742	0.045162
6.490000	0.007727	0.045186
6.500000	0.007713	0.045210
6.510000	0.007699	0.045234
6.520000	0.007685	0.045258
6.530000	0.007671	0.045282
6.540000	0.007657	0.045306
6.550000	0.007642	0.045329
6.560000	0.007628	0.045353
6.570000	0.007614	0.045377
6.580000	0.007600	0.045400
6.590000	0.007586	0.045424
6.600000	0.007572	0.045447
6.610000	0.007558	0.045471
6.620000	0.007545	0.045494
6.630000	0.007531	0.045517
6.640000	0.007517	0.045540
6.650000	0.007503	0.045563
6.660000	0.007489	0.045586
6.670000	0.007475	0.045609
6.680000	0.007461	0.045632
6.690000	0.007448	0.045655
6.700000	0.007434	0.045678
6.710000	0.007420	0.045701
6.720000	0.007407	0.045723
6.730000	0.007393	0.045746
6.740000	0.007379	0.045768
6.750000	0.007366	0.045791
6.760000	0.007352	0.045813
6.770000	0.007339	0.045835
6.780000	0.007325	0.045857
6.790000	0.007311	0.045880
6.800000	0.007298	0.045902
6.810000	0.007284	0.045924
6.820000	0.007271	0.045946
6.830000	0.007258	0.045967
6.840000	0.007244	0.045989
6.850000	0.007231	0.046011
6.860000	0.007217	0.046033
6.870000	0.007204	0.046054
6.880000	0.007191	0.046076
6.890000	0.007177	0.046097
6.900000	0.007164	0.046118
6.910000	0.007151	0.046140
6.920000	0.007138	0.046161
6.930000	0.007125	0.046182
6.940000	0.007111	0.046203
6.950000	0.007098	0.046224
6.960000	0.007085	0.046245
6.970000	0.007072	0.046266
6.980000	0.007059	0.046287
6.990000	0.007046	0.046308
7.000000	0.007033	0.046328
7.010000	0.007020	0.046349
7.020000	0.007007	0.046369
7.030000	0.006994	0.046390
7.040000	0.006981	0.046410
7.050000	0.006968	0.046430
7.060000	0.006955	0.046451
7.070000	0.006942	0.046471
7.080000	0.006929	0.046491
7.090000	0.006916	0.046511
7.100000	0.006903	0.046531
7.110000	0.006891	0.046551
7.120000	0.006878	0.046570
7.130000	0.006865	0.046590
7.140000	0.006852	0.046610
7.150000	0.006840	0.046629
7.160000	0.006827	0.046649
7.170000	0.006814	0.046668
7.180000	0.006802	0.046687
7.190000	0.006789	0.046707
7.200000	0.006776	0.046726
7.210000	0.006764	0.046745
7.220000	0.006751	0.046764
7.230000	0.006739	0.046783
7.240000	0.006726	0.046802
7.250000	0.006714	0.046821
7.260000	0.006701	0.046839
7.270000	0.006689	0.046858
7.280000	0.006676	0.046877
7.290000	0.006664	0.046895
7.300000	0.006651	0.046914
7.310000	0.006639	0.046932
7.320000	0.006627	0.046950
7.330000	0.006614	0.046968
7.340000	0.006602	0.046986
7.350000	0.006590	0.047005
7.360000	0.006578	0.047022
7.370000	0.006565	0.047040
7.380000	0.006553	0.047058
7.390000	0.006541	0.047076
7.400000	0.006529	0.047094
7.410000	0.006517	0.047111
7.420000	0.006504	0.047129
7.430000	0.006492	0.047146
7.440000	0.006480	0.047163
7.450000	0.006468	0.047181
7.460000	0.006456	0.047198
7.470000	0.006444	0.047215
7.480000	0.006432	0.047232
7.490000	0.006420	0.047249
7.500000	0.006408	0.047266
7.510000	0.006396	0.047283
7.520000	0.006384	0.047300
7.530000	0.006372	0.047316
7.540000	0.006360	0.047333
7.550000	0.006349	0.047349
7.560000	0.006337	0.047366
7.570000	0.006325	0.047382
7.580000	0.006313	0.047398
7.590000	0.006301	0.047414
7.600000	0.006290	0.047431
7.610000	0.006278	0.047447
7.620000	0.006266	0.047463
7.630000	0.006254	0.047478
7.640000	0.006243	0.047494
7.650000	0.006231	0.047510
7.660000	0.006219	0.047525
7.670000	0.006208	0.047541
7.680000	0.006196	0.047557
7.690000	0.006185	0.047572
7.700000	0.006173	0.047587
7.710000	0.006161	0.047602
7.720000	0.006150	0.047618
7.730000	0.006138	0.047633
7.740000	0.006127	0.047648
7.750000	0.006115	0.047663
7.760000	0.006104	0.047677
7.770000	0.006093	0.047692
7.780000	0.006081	0.047707
7.790000	0.006070	0.047721
7.800000	0.006058	0.047736
7.810000	0.006047	0.047750
7.820000	0.006036	0.047765
7.830000	0.006025	0.047779
7.840000	0.006013	0.047793
7.850000	0.006002	0.047807
7.860000	0.005991	0.047821
7.870000	0.005980	0.047835
7.880000	0.005968	0.047849
7.890000	0.005957	0.047863
7.900000	0.005946	0.047876
7.910000	0.005935	0.047890
7.920000	0.005924	0.047904
7.930000	0.005913	0.047917
7.940000	0.005902	0.047930
7.950000	0.005890	0.047944
7.960000	0.005879	0.047957
7.970000	0.005868	0.047970
7.980000	0.005857	0.047983
7.990000	0.005846	0.047996
8.000000	0.005835	0.048009
8.010000	0.005824	0.048022
8.020000	0.005814	0.048034
8.030000	0.005803	0.048047
8.040000	0.005792	0.048059
8.050000	0.005781	0.048072
8.060000	0.005770	0.048084
8.070000	0.005759	0.048096
8.080000	0.005748	0.048109
8.090000	0.005738	0.048121
8.100000	0.005727	0.048133
8.110000	0.005716	0.048145
8.120000	0.005705	0.048157
8.130000	0.005695	0.048168
8.140000	0.005684	0.048180
8.150000	0.005673	0.048192
8.160000	0.005663	0.048203
8.170000	0.005652	0.048215
8.180000	0.005641	0.048226
8.190000	0.005631	0.048237
8.200000	0.005620	0.048249
8.210000	0.005609	0.048260
8.220000	0.005599	0.048271
8.230000	0.005588	0.048282
8.240000	0.005578	0.048292
8.250000	0.005567	0.048303
8.260000	0.005557	0.048314
8.270000	0.005546	0.048325
8.280000	0.005536	0.048335
8.290000	0.005526	0.048345
8.300000	0.005515	0.048356
8.310000	0.005505	0.048366
8.320000	0.005494	0.048376
8.330000	0.005484	0.048386
8.340000	0.005474	0.048396
8.350000	0.005463	0.048406
8.360000	0.005453	0.048416
8.370000	0.005443	0.048426
8.380000	0.005433	0.048436
8.390000	0.005422	0.048445
8.400000	0.005412	0.048455
8.410000	0.005402	0.048464
8.420000	0.005392	0.048473
8.430000	0.005382	0.048483
8.440000	0.005371	0.048492
8.450000	0.005361	0.048501
8.460000	0.005351	0.048510
8.470000	0.005341	0.048519
8.480000	0.005331	0.048527
8.490000	0.005321	0.048536
8.500000	0.005311	0.048545
8.510000	0.005301	0.048553
8.520000	0.005291	0.048562
8.530000	0.005281	0.048570
8.540000	0.005271	0.048579
8.550000	0.005261	0.048587
8.560000	0.005251	0.048595
8.570000	0.005241	0.048603
8.580000	0.005231	0.048611
8.590000	0.005221	0.048619
8.600000	0.005212	0.048626
8.610000	0.005202	0.048634
8.620000	0.005192	0.048642
8.630000	0.005182	0.048649
8.640000	0.005172	0.048657
8.650000	0.005162	0.048664
8.660000	0.005153	0.048671
8.670000	0.005143	0.048678
8.680000	0.005133	0.048686
8.690000	0.005124	0.048693
8.700000	0.005114	0.048699
8.710000	0.005104	0.048706
8.720000	0.005095	0.048713
8.730000	0.005085	0.048720
8.740000	0.005075	0.048726
8.750000	0.005066	0.048733
8.760000	0.005056	0.048739
8.770000	0.005047	0.048745
8.780000	0.005037	0.048752
8.790000	0.005027	0.048758
8.800000	0.005018	0.048764
8.810000	0.005008	0.048770
8.820000	0.004999	0.048775
8.830000	0.004989	0.048781
8.840000	0.004980	0.048787
8.850000	0.004971	0.048793
8.860000	0.004961	0.048798
8.870000	0.004952	0.048803
8.880000	0.004942	0.048809
8.890000	0.004933	0.048814
8.900000	0.004924	0.048819
8.910000	0.004914	0.048824
8.920000	0.004905	0.048829
8.930000	0.004896	0.048834
8.940000	0.004886	0.048839
8.950000	0.004877	0.048844
8.960000	0.004868	0.048848
8.970000	0.004859	0.048853
8.980000	0.004850	0.048857
8.990000	0.004840	0.048862
9.000000	0.004831	0.048866
9.010000	0.004822	0.048870
9.020000	0.004813	0.048874
9.030000	0.004804	0.048878
9.040000	0.004795	0.048882
9.050000	0.004785	0.048886
9.060000	0.004776	0.048890
9.070000	0.004767	0.048893
9.080000	0.004758	0.048897
9.090000	0.004749	0.048900
9.100000	0.004740	0.048904
9.110000	0.004731	0.048907
9.120000	0.004722	0.048910
9.130000	0.004713	0.048913
9.140000	0.004704	0.048916
9.150000	0.004695	0.048919
9.160000	0.004686	0.048922
9.170000	0.004678	0.048925
9.180000	0.004669	0.048928
9.190000	0.004660	0.048930
9.200000	0.004651	0.048933
9.210000	0.004642	0.048935
9.220000	0.004633	0.048938
9.230000	0.004624	0.048940
9.240000	0.004616	0.048942
9.250000	0.004607	0.048944
9.260000	0.004598	0.048946
9.270000	0.004589	0.048948
9.280000	0.004581	0.048950
9.290000	0.004572	0.048951
9.300000	0.004563	0.048953
9.310000	0.004555	0.048954
9.320000	0.004546	0.048956
9.330000	0.004537	0.048957
9.340000	0.004529	0.048959
9.350000	0.004520	0.048960
9.360000	0.004511	0.048961
9.370000	0.004503	0.048962
9.380000	0.004494	0.048963
9.390000	0.004486	0.048964
9.400000	0.004477	0.048964
9.410000	0.004469	0.048965
9.420000	0.004460	0.048965
9.430000	0.004452	0.048966
9.440000	0.004443	0.048966
9.450000	0.004435	0.048967
9.460000	0.004426	0.048967
9.470000	0.004418	0.048967
9.480000	0.004409	0.048967
9.490000	0.004401	0.048967
9.500000	0.004393	0.048967
9.510000	0.004384	0.048966
9.520000	0.004376	0.048966
9.530000	0.004367	0.048966
9.540000	0.004359	0.048965
9.550000	0.004351	0.048965
9.560000	0.004343	0.048964
9.570000	0.004334	0.048963
9.580000	0.004326	0.048962
9.590000	0.004318	0.048961
9.600000	0.004309	0.048960
9.610000	0.004301	0.048959
9.620000	0.004293	0.048958
9.630000	0.004285	0.048957
9.640000	0.004277	0.048955
9.650000	0.004269	0.048954
9.660000	0.004260	0.048952
9.670000	0.004252	0.048950
9.680000	0.004244	0.048949
9.690000	0.004236	0.048947
9.700000	0.004228	0.048945
9.710000	0.004220	0.048943
9.720000	0.004212	0.048941
9.730000	0.004204	0.048939
9.740000	0.004196	0.048936
9.750000	0.004188	0.048934
9.760000	0.004180	0.048931
9.770000	0.004172	0.048929
9.780000	0.004164	0.048926
9.790000	0.004156	0.048924
9.800000	0.004148	0.048921
9.810000	0.004140	0.048918
9.820000	0.004132	0.048915
9.830000	0.004124	0.048912
9.840000	0.004116	0.048909
9.850000	0.004108	0.048905
9.860000	0.004100	0.048902
9.870000	0.004093	0.048899
9.880000	0.004085	0.048895
9.890000	0.004077	0.048891
9.900000	0.004069	0.048888
9.910000	0.004061	0.048884
9.920000	0.004054	0.048880
9.930000	0.004046	0.048876
9.940000	0.004038	0.048872
9.950000	0.004030	0.048868
9.960000	0.004023	0.048864
9.970000	0.004015	0.048859
9.980000	0.004007	0.048855
9.990000	0.004000	0.048851
10.000000	0.003992	0.048846
