10	9.1667477536	0.0000000201	9.1667477536	0.0000000201	9.1663310584	9.1663195472	9.1663229025	9.1663202463	9.1663316123	9.1663201012	9.1663229025	9.1663202463
20	18.0198729892	0.9999999795	18.0198729892	0.0000000205	18.0181210253	18.0180165906	18.0180327389	18.0180091231	18.0181214909	18.0180170562	18.0180327389	18.0180091231
30	26.5567206245	0.9999999791	26.5567206245	0.0000000209	26.5527184219	26.5523534620	26.5523936735	26.5523088712	26.5527188105	26.5523538506	26.5523936735	26.5523088712
40	34.7745752605	0.9999999787	34.7745752605	0.0000000213	34.7674143621	34.7665379234	34.7665978517	34.7663860132	34.7674146253	34.7665381865	34.7665978517	34.7663860132
50	42.6706591757	0.9999999782	42.6706591757	0.0000000218	42.6594376878	42.6577184699	42.6577612074	42.6573264534	42.6594378639	42.6577186461	42.6577612074	42.6573264534
60	50.2421301842	0.9999999778	50.2421301842	0.0000000222	50.2259533354	50.2229828742	50.2229186434	50.2221297892	50.2259534600	50.2229829988	50.2229186434	50.2221297892
70	57.4860793382	1.0000000000	57.4860793382	1.0000000000	57.4640600460	57.4593560838	57.4590184329	57.4577026369	57.4640601443	57.4593561820	57.4590184329	57.4577026368
80	64.3995284550	1.0000000000	64.3995284550	0.0000000000	64.3707879212	64.3637979756	64.3629156511	64.3608507229	64.3707880095	64.3637980639	64.3629156510	64.3608507228
90	70.9794274402	1.0000000000	70.9794274402	1.0000000000	70.9430958002	70.9332009433	70.9313643793	70.9282694078	70.9430958888	70.9332010319	70.9313643793	70.9282694077
100	77.2226513775	0.0000000000	77.2226513775	0.0000000000	77.1778683911	77.1643872484	77.1610083513	77.1565322063	77.1778684867	77.1643873439	77.1610083512	77.1565322063
110	83.1259973490	0.0000000000	83.1259973490	0.0000000000	83.0719130751	83.0541060590	83.0483695923	83.0420767183	83.0719131823	83.0541061660	83.0483695921	83.0420767181
130	93.8998324005	0.0000000000	93.8134520294	0.0000000175	93.8246416400	93.7957539158	93.7816362135	93.7699725336	93.7484848326	93.7282693042	93.7241951639	93.7156802983
140	98.7634923413	0.0000000000	98.2909902813	0.9999964240	98.6765211486	98.6407856110	98.6198331224	98.6043385558	98.2263431289	98.2093731150	98.2098305238	98.2016494466
150	103.2736070013	1.0000000000	102.0982039204	0.0000033944	103.1740557515	103.1305474175	103.1002802800	103.0799518473	102.0321543295	102.0168005281	102.0198221224	102.0114319528
