#N	mu	E	BMF	RS2	RS3	EN2	EN3
4	3.1666031793e-02	3.3752844708e-01	3.3752844708e-01	1.5348964121e-01	-3.8006052014e-01	3.8691681698e-01	4.0845618872e-01
6	3.1666031793e-02	5.0629267061e-01	5.0629267061e-01	3.4065771132e-01	-2.1662196060e-01	5.3459616518e-01	5.4706515550e-01
8	3.1666031793e-02	6.7505689415e-01	6.7505689415e-01	5.1730928148e-01	-4.4896335334e-02	6.9727891204e-01	7.0726622970e-01
12	3.1666031793e-02	1.0125853412e+00	1.0125853412e+00	8.6200801274e-01	2.9805453080e-01	1.0302894395e+00	1.0384932250e+00
16	3.1666031793e-02	1.3501137883e+00	1.3501137883e+00	1.2028825622e+00	6.3900327453e-01	1.3659790164e+00	1.3734749798e+00
20	3.1666031793e-02	1.6876422354e+00	1.6876422354e+00	1.5423482026e+00	9.7877069438e-01	1.7025117944e+00	1.7096295131e+00
24	3.1666031793e-02	2.0251706825e+00	2.0251706825e+00	1.8811400169e+00	1.3178615792e+00	2.0394164283e+00	2.0462990882e+00
28	3.1666031793e-02	2.3626991295e+00	2.3626991295e+00	2.2195574833e+00	1.6565378964e+00	2.3765175140e+00	2.3832400313e+00
32	3.1666031793e-02	2.7002275766e+00	2.7002275766e+00	2.5577455108e+00	1.9949438078e+00	2.7137349249e+00	2.7203413584e+00
