#N	mu	E	BMF	RS2	RS3	EN2	EN3
4	1.0602646249e+00	4.5315557174e+00	4.5315557174e+00	4.5081494783e+00	4.5027641981e+00	4.5024036372e+00	4.5009996830e+00
6	1.0602646249e+00	6.7973335761e+00	6.7973335761e+00	6.7762679789e+00	6.7709301900e+00	6.7698655758e+00	6.7687455485e+00
8	1.0602646249e+00	9.0631114348e+00	9.0631114348e+00	9.0430489784e+00	9.0377649468e+00	9.0364034918e+00	9.0353995828e+00
12	1.0602646249e+00	1.3594667152e+01	1.3594667152e+01	1.3575516658e+01	1.3570298889e+01	1.3568672459e+01	1.3567770998e+01
16	1.0602646249e+00	1.8126222870e+01	1.8126222870e+01	1.8107497974e+01	1.8102316796e+01	1.8100568767e+01	1.8099714054e+01
20	1.0602646249e+00	2.2657778587e+01	2.2657778587e+01	2.2639300103e+01	2.2634141758e+01	2.2632324020e+01	2.2631496055e+01
24	1.0602646249e+00	2.7189334304e+01	2.7189334304e+01	2.7171016534e+01	2.7165873731e+01	2.7164010820e+01	2.7163200172e+01
28	1.0602646249e+00	3.1720890022e+01	3.1720890022e+01	3.1702685355e+01	3.1697553798e+01	3.1695659238e+01	3.1694860715e+01
32	1.0602646249e+00	3.6252445739e+01	3.6252445739e+01	3.6234324996e+01	3.6229201947e+01	3.6227283979e+01	3.6226494419e+01
