# N	E	RS2	RS3	EN2	EN3
10	5.0089228749e-01	5.0089174738e-01	5.0089174814e-01	5.0089175048e-01	5.0089175083e-01
25	1.2564103444e+00	1.2564067898e+00	1.2564068031e+00	1.2564068163e+00	1.2564068224e+00
50	2.5267355942e+00	2.5267211704e+00	2.5267212812e+00	2.5267212713e+00	2.5267213208e+00
75	3.8109436586e+00	3.8109110090e+00	3.8109113880e+00	3.8109113085e+00	3.8109114766e+00
100	5.1090026339e+00	5.1089443984e+00	5.1089453041e+00	5.1089450589e+00	5.1089454577e+00
250	1.3186462255e+01	1.3186095220e+01	1.3186109720e+01	1.3186104102e+01	1.3186110244e+01
500	2.7736342383e+01	2.7734858403e+01	2.7734977495e+01	2.7734930271e+01	2.7734977677e+01
750	4.3619956196e+01	4.3616595824e+01	4.3617007343e+01	4.3616828057e+01	4.3616982099e+01
1000	6.0809274871e+01	6.0803265173e+01	6.0804262831e+01	6.0803801434e+01	6.0804152791e+01
1500	9.9000529870e+01	9.8986933228e+01	9.8990448324e+01	9.8988603029e+01	9.8989700648e+01
2000	1.4211493659e+02	1.4209061178e+02	1.4209929146e+02	1.4209440009e+02	1.4209680914e+02
2500	1.8997739454e+02	1.8993904680e+02	1.8995667286e+02	1.8994630408e+02	1.8995066454e+02
3000	2.4243024038e+02	2.4237455343e+02	2.4240616524e+02	2.4238683985e+02	2.4239383096e+02
3500	2.9933097367e+02	2.9925457303e+02	2.9930658622e+02	2.9927367258e+02	2.9928398737e+02
4000	3.7700929893e+02	3.4390712595e+02	3.4398145826e+02	3.7693464055e+02	3.7695030362e+02
