# N	E	RS2	RS3	EN2	EN3
10	2.5063087790e-01	2.5063033223e-01	2.5063033331e-01	2.5063034102e-01	2.5063034152e-01
25	6.2953146522e-01	6.2952786942e-01	6.2952788829e-01	6.2952793937e-01	6.2952794789e-01
50	1.2688933512e+00	1.2688789593e+00	1.2688791162e+00	1.2688790468e+00	1.2688791165e+00
75	1.9180536789e+00	1.9180210952e+00	1.9180216327e+00	1.9180213917e+00	1.9180216283e+00
100	2.5769807319e+00	2.5769226026e+00	2.5769238883e+00	2.5769233067e+00	2.5769238672e+00
250	6.7339007031e+00	6.7335263501e+00	6.7335470509e+00	6.7335449047e+00	6.7335534538e+00
500	1.4423189561e+01	1.4421672901e+01	1.4421844474e+01	1.4421796130e+01	1.4421861056e+01
750	2.3039206084e+01	2.3035847876e+01	2.3036445852e+01	2.3036140074e+01	2.3036347656e+01
1000	3.2555502258e+01	3.2549488323e+01	3.2550949818e+01	3.2550173293e+01	3.2550639229e+01
1500	5.4192973834e+01	5.4179253047e+01	5.4184479525e+01	5.4181512188e+01	5.4182922852e+01
2000	7.9160816685e+01	7.9136118378e+01	7.9149195061e+01	7.9141323755e+01	7.9144328818e+01
2500	1.0730816482e+02	1.0726912828e+02	1.0729599423e+02	1.0727899394e+02	1.0728428246e+02
3000	1.6130699164e+02	1.1520431703e+02	1.1524192243e+02	1.6126180364e+02	1.6127357690e+02
3500	2.4972893421e+02	9.1109359068e+01	9.1155275128e+01	2.4961460307e+02	2.4968838310e+02
4000	3.4810306758e+02	5.8807072622e+01	5.8868926328e+01	3.4801608477e+02	3.4803052738e+02
