# N	E	RS2	RS3	EN2	EN3
4	1.9943502450e-02	1.9930177585e-02	1.9930178809e-02	1.9943055826e-02	1.9943056342e-02
10	4.9858756125e-02	4.9820093287e-02	4.9820122246e-02	4.9855736915e-02	4.9855749337e-02
100	4.9858756125e-01	4.9813685465e-01	4.9817207475e-01	4.9828755057e-01	4.9830140117e-01
200	9.9717512251e-01	9.9576264382e-01	9.9604719533e-01	9.9603240648e-01	9.9613436631e-01
300	1.4957626838e+00	1.4925741638e+00	1.4935378951e+00	1.4933045890e+00	1.4936220527e+00
400	1.9943502450e+00	1.9885587340e+00	1.9908475626e+00	1.9901554782e+00	1.9908538159e+00
500	2.4929378063e+00	2.4846384366e+00	2.4891113613e+00	2.4866246370e+00	2.4878974475e+00
600	2.9915253675e+00	2.9796387282e+00	2.9873731613e+00	2.9827436742e+00	2.9848061450e+00
700	3.4901129288e+00	3.4740631113e+00	3.4863505846e+00	3.4785385786e+00	3.4816227504e+00
800	3.9887004900e+00	3.9677113978e+00	3.9860604387e+00	3.9740312090e+00	3.9783824719e+00
900	4.4872880513e+00	4.4604888697e+00	4.4866256289e+00	4.4692402882e+00	4.4751147142e+00
1000	4.9858756125e+00	4.9533745865e+00	4.9892286882e+00	4.9641820911e+00	4.9718443519e+00
1100	5.4844631738e+00	5.4453713639e+00	5.4930988413e+00	5.4588709401e+00	5.4685926519e+00
1200	5.9830507350e+00	5.9360673173e+00	5.9980503595e+00	5.9533195704e+00	5.9653779538e+00
1300	6.4816382963e+00	6.4269788054e+00	6.5057853836e+00	6.4475394015e+00	6.4622161858e+00
1400	6.9802258575e+00	6.9158845519e+00	7.0143510214e+00	6.9415407543e+00	6.9591212652e+00
1500	7.4788134188e+00	7.4057926970e+00	7.5268907888e+00	7.4353330108e+00	7.4561054129e+00
1600	7.9774009801e+00	7.8949254550e+00	8.0418867606e+00	7.9289247546e+00	7.9531794050e+00
1700	8.4759885413e+00	8.3826595086e+00	8.5589580750e+00	8.4223238737e+00	8.4503527763e+00
1800	8.9745761026e+00	8.8705099267e+00	9.0797763668e+00	8.9155376491e+00	8.9476339885e+00
1900	9.4731636638e+00	9.3564909617e+00	9.6026618192e+00	9.4085728281e+00	9.4450305674e+00
2000	9.9717512251e+00	9.8427485524e+00	1.0129873788e+01	9.9014356862e+00	9.9425492204e+00
# N	E	RS2	RS3	EN2	EN3
4	1.9943502450e-02	1.9917543827e-02	1.9917545053e-02	1.9943055826e-02	1.9943056342e-02
10	4.9858756125e-02	4.9790306297e-02	4.9790335290e-02	4.9855736915e-02	4.9855749337e-02
100	4.9858756125e-01	4.9814017124e-01	4.9817539087e-01	4.9828755057e-01	4.9830140117e-01
200	9.9717512251e-01	9.9539973600e-01	9.9568449512e-01	9.9603240649e-01	9.9613436631e-01
300	1.4957626838e+00	1.4927355096e+00	1.4936990328e+00	1.4933045890e+00	1.4936220527e+00
400	1.9943502450e+00	1.9888415230e+00	1.9911297023e+00	1.9901554782e+00	1.9908538159e+00
500	2.4929378063e+00	2.4846042645e+00	2.4890773113e+00	2.4866246370e+00	2.4878974475e+00
600	2.9915253675e+00	2.9793958305e+00	2.9871315200e+00	2.9827436741e+00	2.9848061450e+00
700	3.4901129288e+00	3.4735106286e+00	3.4858019877e+00	3.4785385786e+00	3.4816227503e+00
800	3.9887004900e+00	3.9677385494e+00	3.9860873377e+00	3.9740312092e+00	3.9783824721e+00
900	4.4872880513e+00	4.4610650775e+00	4.4871951409e+00	4.4692402882e+00	4.4751147141e+00
1000	4.9858756125e+00	4.9533299631e+00	4.9891847038e+00	4.9641820910e+00	4.9718443519e+00
1100	5.4844631738e+00	5.4452574031e+00	5.4929868673e+00	5.4588709404e+00	5.4685926520e+00
1200	5.9830507350e+00	5.9364458173e+00	5.9984210429e+00	5.9533195701e+00	5.9653779537e+00
1300	6.4816382963e+00	6.4258760552e+00	6.5047093113e+00	6.4475394018e+00	6.4622161857e+00
1400	6.9802258575e+00	6.9166272336e+00	7.0150728934e+00	6.9415407541e+00	6.9591212652e+00
1500	7.4788134188e+00	7.4058785162e+00	7.5269739175e+00	7.4353330111e+00	7.4561054131e+00
1600	7.9774009801e+00	7.8949068974e+00	8.0418688566e+00	7.9289247553e+00	7.9531794052e+00
1700	8.4759885413e+00	8.3823681750e+00	8.5586788186e+00	8.4223238744e+00	8.4503527763e+00
1800	8.9745761026e+00	8.8699199912e+00	9.0792136526e+00	8.9155376492e+00	8.9476339880e+00
1900	9.4731636638e+00	9.3572294560e+00	9.6033623734e+00	9.4085728270e+00	9.4450305674e+00
2000	9.9717512251e+00	9.8413537740e+00	1.0128558590e+01	9.9014356872e+00	9.9425492196e+00
