# N	E	RS2	RS3	EN2	EN3
4	1.9909582664e-02	1.9898423251e-02	1.9898432682e-02	1.9907898927e-02	1.9907902918e-02
10	4.9858756125e-02	4.9829251402e-02	4.9829472303e-02	4.9847360043e-02	4.9847454057e-02
100	5.1125991194e-01	5.0996292040e-01	5.1023409108e-01	5.1017178559e-01	5.1026800862e-01
200	1.0504743532e+00	1.0454255830e+00	1.0476448616e+00	1.0464685502e+00	1.0471294268e+00
300	1.6173245397e+00	1.6061084833e+00	1.6137179186e+00	1.6089314634e+00	1.6108782641e+00
400	2.2115009209e+00	2.1915130638e+00	2.2098062310e+00	2.1974823658e+00	2.2015702783e+00
500	2.8327028659e+00	2.8015153003e+00	2.8377177338e+00	2.8119863400e+00	2.8191420275e+00
600	3.4806383591e+00	3.4354670829e+00	3.4988306642e+00	3.4522782889e+00	3.4634629026e+00
700	4.1551166788e+00	4.0933481241e+00	4.1952211324e+00	4.1181761963e+00	4.1343617938e+00
800	4.8555832313e+00	4.7746940508e+00	4.9286169013e+00	4.8094883802e+00	4.8316422378e+00
900	5.5820490291e+00	5.4793720639e+00	5.7011462202e+00	5.5260178890e+00	5.5550918037e+00
1000	6.3341606635e+00	6.2069430572e+00	6.5147300191e+00	6.2675653126e+00	6.3044882197e+00
1100	7.1116649218e+00	6.9569886933e+00	7.3713996695e+00	7.0339305590e+00	7.0796034891e+00
1200	7.9143155591e+00	7.7294365044e+00	8.2735830538e+00	7.8249141545e+00	7.8802068598e+00
1300	8.7418730539e+00	8.5242650652e+00	9.2238262032e+00	8.6403181219e+00	8.7060668230e+00
1400	9.5941043727e+00	9.3408805070e+00	1.0224246928e+01	9.4799465565e+00	9.5569526853e+00
1500	1.0470782743e+01	1.0180672128e+01	1.1279199651e+01	1.0343606465e+01	1.0432635062e+01
1600	1.1371687431e+01	1.1038520252e+01	1.2385779524e+01	1.1231106277e+01	1.1332889606e+01
1700	1.2296603537e+01	1.1918867146e+01	1.3552011421e+01	1.2142259601e+01	1.2257491746e+01
1800	1.3245321783e+01	1.2820541399e+01	1.4779370005e+01	1.3076881826e+01	1.3206222967e+01
# N	E	RS2	RS3	EN2	EN3
4	1.9954805501e-02	1.9937337097e-02	1.9937338278e-02	1.9954383730e-02	1.9954384230e-02
10	4.9929391890e-02	4.9917134544e-02	4.9917162165e-02	4.9926526989e-02	4.9926538856e-02
100	5.0563872367e-01	5.0526488225e-01	5.0529860265e-01	5.0535282673e-01	5.0536602048e-01
200	1.0253249746e+00	1.0239092168e+00	1.0241834809e+00	1.0242343497e+00	1.0243314578e+00
300	1.5589774605e+00	1.5559376341e+00	1.5568723031e+00	1.5566291483e+00	1.5569312407e+00
400	2.1065160804e+00	2.1012356609e+00	2.1034689684e+00	2.1025062816e+00	2.1031698304e+00
500	2.6678619040e+00	2.6599349255e+00	2.6643281332e+00	2.6618252286e+00	2.6630322833e+00
600	3.2429371517e+00	3.2315050878e+00	3.2391495644e+00	3.2345392976e+00	3.2364906692e+00
700	3.8316651755e+00	3.8161634695e+00	3.8283840358e+00	3.8205977067e+00	3.8235080328e+00
800	4.4339704387e+00	4.4138608663e+00	4.4322213651e+00	4.4199469129e+00	4.4240409663e+00
900	5.0497784975e+00	5.0242363359e+00	5.0505475205e+00	5.0325315066e+00	5.0380413580e+00
1000	5.6790159820e+00	5.6474836050e+00	5.6838043468e+00	5.6582948081e+00	5.6654576062e+00
1100	6.3216105771e+00	6.2832545732e+00	6.3319023089e+00	6.2971793232e+00	6.3062355199e+00
1200	6.9774910047e+00	6.9320893868e+00	6.9956335615e+00	6.9491270721e+00	6.9603189913e+00
1300	7.6465870052e+00	7.5932134771e+00	7.6744991826e+00	7.6140797955e+00	7.6276504696e+00
1400	8.3288293201e+00	8.2668896207e+00	8.3690279411e+00	8.2919791563e+00	8.3081713693e+00
1500	9.0241496741e+00	8.9530089287e+00	9.0793875573e+00	8.9827668753e+00	9.0018223727e+00
1600	9.7324807583e+00	9.6513296066e+00	9.8056232828e+00	9.6863848504e+00	9.7085436787e+00
1700	1.0453756213e+01	1.0361877719e+01	1.0548042226e+01	1.0402775173e+01	1.0428275159e+01
1800	1.1187910609e+01	1.1085006725e+01	1.1307280117e+01	1.1131880331e+01	1.1160956600e+01
1900	1.1934879438e+01	1.1820035569e+01	1.2082970122e+01	1.1873643143e+01	1.1906527757e+01
2000	1.2694599085e+01	1.2566689077e+01	1.2875149728e+01	1.2628006843e+01	1.2664928492e+01
