#N	mu	E	BMF	RS2	RS3	EN2	EN3
4	1.1196418186e+00	4.5352860136e+00	1.0000000669e+00	4.5343808167e+00	4.5343409244e+00	4.5343480619e+00	4.5343389690e+00
6	1.1006544302e+00	6.7461292362e+00	1.0000000670e+00	6.7438626250e+00	6.7436808308e+00	6.7436950207e+00	6.7436623301e+00
8	1.0815850323e+00	8.9188886576e+00	1.0000000670e+00	8.9146508708e+00	8.9141577742e+00	8.9141603973e+00	8.9140787966e+00
12	1.0431967620e+00	1.3149494006e+01	-6.7105710100e-08	1.3139472779e+01	1.3137581706e+01	1.3137324977e+01	1.3137018175e+01
16	1.0044700222e+00	1.7225760468e+01	-6.7188526853e-08	1.7207481184e+01	1.7202708267e+01	1.7201271056e+01	1.7200448415e+01
20	9.6539765316e-01	2.1146318153e+01	1.0000000673e+00	2.1117281919e+01	2.1107596692e+01	2.1102628499e+01	2.1100774329e+01
24	9.2597240377e-01	2.4909768218e+01	-1.6713046658e-07	2.4867453059e+01	2.4850271127e+01	2.4836504843e+01	2.4832709633e+01
28	8.8618664844e-01	2.8514682207e+01	1.0000001649e+00	2.8456538292e+01	2.8428714276e+01	2.8394763232e+01	2.8387360222e+01
32	8.4603288539e-01	3.1959601379e+01	1.0000001629e+00	3.1883057524e+01	3.1840878342e+01	3.1761205745e+01	3.1746862856e+01
