#N	mu	E	BMF	RS2	RS3	EN2	EN3
4	1.1196418186e+00	4.5352860136e+00	-6.6943906307e-08	4.5343808167e+00	4.5343409244e+00	4.5343480619e+00	4.5343389690e+00
6	1.1006544302e+00	6.7461292362e+00	-6.6983777414e-08	6.7438626250e+00	6.7436808308e+00	6.7436950207e+00	6.7436623301e+00
8	1.0815850323e+00	8.9188886576e+00	1.0000000670e+00	8.9146508708e+00	8.9141577742e+00	8.9141603973e+00	8.9140787966e+00
12	1.0431967620e+00	1.3149494006e+01	-6.7105709878e-08	1.3139472779e+01	1.3137581706e+01	1.3137324977e+01	1.3137018175e+01
16	1.0044700222e+00	1.7225760468e+01	-6.7188526964e-08	1.7207481184e+01	1.7202708267e+01	1.7201271056e+01	1.7200448415e+01
20	9.6539765316e-01	2.1146318153e+01	-6.7273024373e-08	2.1117281919e+01	2.1107596692e+01	2.1102628499e+01	2.1100774329e+01
24	9.0541560204e-01	2.4888058223e+01	1.0000001261e+00	2.4855510367e+01	2.4846560071e+01	2.4843322187e+01	2.4841141746e+01
28	8.2411460126e-01	2.8322193373e+01	1.0000000951e+00	2.8289334169e+01	2.8283828371e+01	2.8284114994e+01	2.8282034444e+01
32	7.4107703714e-01	3.1423645978e+01	-2.0267039802e-07	3.1386098966e+01	3.1381342106e+01	3.1383056346e+01	3.1380489354e+01
