-5.000000	12.500000	0.000000
-4.900000	12.005000	0.000000
-4.800000	11.520000	0.000000
-4.700000	11.045000	0.000000
-4.600000	10.580000	0.000000
-4.500000	10.125000	0.000000
-4.400000	9.680000	0.000000
-4.300000	9.245000	0.000000
-4.200000	8.820000	0.000001
-4.100000	8.405000	0.000002
-4.000000	8.000000	0.000004
-3.900000	7.605000	0.000008
-3.800000	7.220000	0.000015
-3.700000	6.845000	0.000028
-3.600000	6.480000	0.000054
-3.500000	6.125000	0.000101
-3.400000	5.780000	0.000187
-3.300000	5.445000	0.000338
-3.200000	5.120000	0.000599
-3.100000	4.805000	0.001038
-3.000000	4.500000	0.001754
-2.900000	4.205000	0.002893
-2.800000	3.920000	0.004656
-2.700000	3.645000	0.007312
-2.600000	3.380000	0.011204
-2.500000	3.125000	0.016756
-2.400000	2.880000	0.024455
-2.300000	2.645000	0.034829
-2.200000	2.420000	0.048397
-2.100000	2.205000	0.065588
-2.000000	2.000000	0.086652
-1.900000	1.805000	0.111549
-1.800000	1.620000	0.139847
-1.700000	1.445000	0.170655
-1.600000	1.280000	0.202613
-1.500000	1.125000	0.233968
-1.400000	0.980000	0.262731
-1.300000	0.845000	0.286915
-1.200000	0.720000	0.304814
-1.100000	0.605000	0.315262
-1.000000	0.500000	0.317822
-0.900000	0.405000	0.312865
-0.800000	0.320000	0.301508
-0.700000	0.245000	0.285438
-0.600000	0.180000	0.266650
-0.500000	0.125000	0.247185
-0.400000	0.080000	0.228885
-0.300000	0.045000	0.213254
-0.200000	0.020000	0.201392
-0.100000	0.005000	0.194016
-0.000000	0.000000	0.191516
0.100000	0.005000	0.194016
0.200000	0.020000	0.201392
0.300000	0.045000	0.213254
0.400000	0.080000	0.228885
0.500000	0.125000	0.247185
0.600000	0.180000	0.266650
0.700000	0.245000	0.285438
0.800000	0.320000	0.301508
0.900000	0.405000	0.312865
1.000000	0.500000	0.317822
1.100000	0.605000	0.315262
1.200000	0.720000	0.304814
1.300000	0.845000	0.286915
1.400000	0.980000	0.262731
1.500000	1.125000	0.233968
1.600000	1.280000	0.202613
1.700000	1.445000	0.170655
1.800000	1.620000	0.139847
1.900000	1.805000	0.111549
2.000000	2.000000	0.086652
2.100000	2.205000	0.065588
2.200000	2.420000	0.048397
2.300000	2.645000	0.034829
2.400000	2.880000	0.024455
2.500000	3.125000	0.016756
2.600000	3.380000	0.011204
2.700000	3.645000	0.007312
2.800000	3.920000	0.004656
2.900000	4.205000	0.002893
3.000000	4.500000	0.001754
3.100000	4.805000	0.001038
3.200000	5.120000	0.000599
3.300000	5.445000	0.000338
3.400000	5.780000	0.000187
3.500000	6.125000	0.000101
3.600000	6.480000	0.000054
3.700000	6.845000	0.000028
3.800000	7.220000	0.000015
3.900000	7.605000	0.000008
4.000000	8.000000	0.000004
4.100000	8.405000	0.000002
4.200000	8.820000	0.000001
4.300000	9.245000	0.000000
4.400000	9.680000	0.000000
4.500000	10.125000	0.000000
4.600000	10.580000	0.000000
4.700000	11.045000	0.000000
4.800000	11.520000	0.000000
4.900000	12.005000	0.000000
5.000000	12.500000	0.000000
