-10.000000	-6.613407
-9.500000	-6.095909
-9.000000	-5.585550
-8.500000	-5.083171
-8.000000	-4.589741
-7.500000	-4.106377
-7.000000	-3.634364
-6.500000	-3.175174
-6.000000	-2.730479
-5.500000	-2.302149
-5.000000	-1.892210
-4.500000	-1.502749
-4.000000	-1.135713
-3.500000	-0.792611
-3.000000	-0.474131
-2.500000	-0.179856
-2.000000	0.091742
-1.500000	0.342971
-1.000000	0.576449
-0.500000	0.794708
-0.000000	1.000000
0.500000	1.194229
1.000000	1.378974
1.500000	1.555533
2.000000	1.724971
2.500000	1.888165
3.000000	2.045842
3.500000	2.198605
