-10.000000	-7.550974
-9.500000	-6.901486
-9.000000	-6.267164
-8.500000	-5.649527
-8.000000	-5.050260
-7.500000	-4.471214
-7.000000	-3.914395
-6.500000	-3.381925
-6.000000	-2.875965
-5.500000	-2.398582
-5.000000	-1.951538
-4.500000	-1.536021
-4.000000	-1.152370
-3.500000	-0.799882
-3.000000	-0.476831
-2.500000	-0.180685
-2.000000	0.091539
-1.500000	0.342935
-1.000000	0.576444
-0.500000	0.794708
0.000000	1.000000
0.500000	1.194229
1.000000	1.378974
1.500000	1.555533
2.000000	1.724971
2.500000	1.888165
3.000000	2.045842
3.500000	2.198605
