-10.000000	-2.295812
-9.500000	-1.747144
-9.000000	-1.233890
-8.500000	-0.765902
-8.000000	-0.383156
-7.500000	-0.167132
-7.000000	0.040691
-6.500000	0.241688
-6.000000	0.436556
-5.500000	0.625749
-5.000000	0.809605
-4.500000	0.988412
-4.000000	1.162428
-3.500000	1.331896
-3.000000	1.497051
-2.500000	1.658120
-2.000000	1.815322
-1.500000	1.968868
-1.000000	2.118956
-0.500000	2.265778
0.000000	2.409512
0.500000	2.550326
1.000000	2.688379
1.500000	2.823820
2.000000	2.956787
2.500000	3.087409
3.000000	3.215808
3.500000	3.342097
4.000000	3.466382
4.100000	3.491007
