-10.000000	0.000000
-9.500000	-1.584801
-9.000000	-1.150896
-8.500000	-0.740644
-8.000000	-0.361661
-7.500000	-0.123415
-7.000000	0.073802
-6.500000	0.267061
-6.000000	0.456288
-5.500000	0.641418
-5.000000	0.822413
-4.500000	0.999265
-4.000000	1.172004
-3.500000	1.340693
-3.000000	1.505424
-2.500000	1.666314
-2.000000	1.823495
-1.500000	1.977112
-1.000000	2.127318
-0.500000	2.274267
-0.000000	2.418116
0.500000	2.559019
1.000000	2.697127
1.500000	2.832586
2.000000	2.965536
2.500000	3.096111
3.000000	3.224439
3.500000	3.350637
4.000000	3.474818
4.100000	3.499421
