# x	potential	default	random
-3.000000	4.500000	0.000297	0.000021
-2.990000	4.470050	0.000315	0.000022
-2.980000	4.440200	0.000333	0.000023
-2.970000	4.410450	0.000353	0.000025
-2.960000	4.380800	0.000374	0.000026
-2.950000	4.351250	0.000396	0.000028
-2.940000	4.321800	0.000419	0.000029
-2.930000	4.292450	0.000443	0.000031
-2.920000	4.263200	0.000469	0.000033
-2.910000	4.234050	0.000497	0.000035
-2.900000	4.205000	0.000525	0.000037
-2.890000	4.176050	0.000556	0.000039
-2.880000	4.147200	0.000588	0.000041
-2.870000	4.118450	0.000621	0.000044
-2.860000	4.089800	0.000657	0.000046
-2.850000	4.061250	0.000694	0.000049
-2.840000	4.032800	0.000733	0.000052
-2.830000	4.004450	0.000774	0.000055
-2.820000	3.976200	0.000818	0.000058
-2.810000	3.948050	0.000864	0.000061
-2.800000	3.920000	0.000912	0.000065
-2.790000	3.892050	0.000962	0.000069
-2.780000	3.864200	0.001015	0.000073
-2.770000	3.836450	0.001070	0.000077
-2.760000	3.808800	0.001129	0.000081
-2.750000	3.781250	0.001190	0.000086
-2.740000	3.753800	0.001254	0.000091
-2.730000	3.726450	0.001321	0.000096
-2.720000	3.699200	0.001392	0.000101
-2.710000	3.672050	0.001466	0.000107
-2.700000	3.645000	0.001543	0.000113
-2.690000	3.618050	0.001625	0.000119
-2.680000	3.591200	0.001710	0.000126
-2.670000	3.564450	0.001799	0.000132
-2.660000	3.537800	0.001892	0.000139
-2.650000	3.511250	0.001990	0.000147
-2.640000	3.484800	0.002092	0.000155
-2.630000	3.458450	0.002199	0.000163
-2.620000	3.432200	0.002311	0.000171
-2.610000	3.406050	0.002428	0.000180
-2.600000	3.380000	0.002550	0.000190
-2.590000	3.354050	0.002678	0.000200
-2.580000	3.328200	0.002812	0.000210
-2.570000	3.302450	0.002952	0.000220
-2.560000	3.276800	0.003098	0.000232
-2.550000	3.251250	0.003251	0.000243
-2.540000	3.225800	0.003411	0.000255
-2.530000	3.200450	0.003578	0.000268
-2.520000	3.175200	0.003752	0.000281
-2.510000	3.150050	0.003934	0.000295
-2.500000	3.125000	0.004125	0.000310
-2.490000	3.100050	0.004323	0.000325
-2.480000	3.075200	0.004531	0.000341
-2.470000	3.050450	0.004747	0.000357
-2.460000	3.025800	0.004973	0.000375
-2.450000	3.001250	0.005208	0.000393
-2.440000	2.976800	0.005454	0.000411
-2.430000	2.952450	0.005710	0.000431
-2.420000	2.928200	0.005977	0.000452
-2.410000	2.904050	0.006256	0.000473
-2.400000	2.880000	0.006546	0.000495
-2.390000	2.856050	0.006848	0.000519
-2.380000	2.832200	0.007163	0.000543
-2.370000	2.808450	0.007491	0.000569
-2.360000	2.784800	0.007832	0.000595
-2.350000	2.761250	0.008188	0.000623
-2.340000	2.737800	0.008557	0.000652
-2.330000	2.714450	0.008942	0.000682
-2.320000	2.691200	0.009342	0.000714
-2.310000	2.668050	0.009757	0.000747
-2.300000	2.645000	0.010189	0.000781
-2.290000	2.622050	0.010638	0.000816
-2.280000	2.599200	0.011104	0.000854
-2.270000	2.576450	0.011588	0.000892
-2.260000	2.553800	0.012090	0.000933
-2.250000	2.531250	0.012612	0.000975
-2.240000	2.508800	0.013152	0.001018
-2.230000	2.486450	0.013713	0.001064
-2.220000	2.464200	0.014295	0.001111
-2.210000	2.442050	0.014898	0.001160
-2.200000	2.420000	0.015522	0.001211
-2.190000	2.398050	0.016169	0.001264
-2.180000	2.376200	0.016840	0.001319
-2.170000	2.354450	0.017534	0.001376
-2.160000	2.332800	0.018252	0.001436
-2.150000	2.311250	0.018995	0.001497
-2.140000	2.289800	0.019764	0.001561
-2.130000	2.268450	0.020559	0.001627
-2.120000	2.247200	0.021382	0.001695
-2.110000	2.226050	0.022232	0.001766
-2.100000	2.205000	0.023110	0.001839
-2.090000	2.184050	0.024018	0.001915
-2.080000	2.163200	0.024956	0.001994
-2.070000	2.142450	0.025924	0.002075
-2.060000	2.121800	0.026924	0.002159
-2.050000	2.101250	0.027956	0.002246
-2.040000	2.080800	0.029021	0.002336
-2.030000	2.060450	0.030120	0.002428
-2.020000	2.040200	0.031254	0.002524
-2.010000	2.020050	0.032423	0.002623
-2.000000	2.000000	0.033628	0.002725
-1.990000	1.980050	0.034871	0.002831
-1.980000	1.960200	0.036151	0.002940
-1.970000	1.940450	0.037470	0.003052
-1.960000	1.920800	0.038829	0.003168
-1.950000	1.901250	0.040229	0.003288
-1.940000	1.881800	0.041670	0.003411
-1.930000	1.862450	0.043153	0.003539
-1.920000	1.843200	0.044679	0.003670
-1.910000	1.824050	0.046249	0.003805
-1.900000	1.805000	0.047864	0.003945
-1.890000	1.786050	0.049524	0.004089
-1.880000	1.767200	0.051231	0.004237
-1.870000	1.748450	0.052985	0.004390
-1.860000	1.729800	0.054787	0.004548
-1.850000	1.711250	0.056638	0.004710
-1.840000	1.692800	0.058539	0.004878
-1.830000	1.674450	0.060489	0.005050
-1.820000	1.656200	0.062491	0.005227
-1.810000	1.638050	0.064544	0.005410
-1.800000	1.620000	0.066650	0.005598
-1.790000	1.602050	0.068809	0.005792
-1.780000	1.584200	0.071021	0.005991
-1.770000	1.566450	0.073287	0.006196
-1.760000	1.548800	0.075608	0.006407
-1.750000	1.531250	0.077984	0.006623
-1.740000	1.513800	0.080416	0.006846
-1.730000	1.496450	0.082904	0.007075
-1.720000	1.479200	0.085448	0.007310
-1.710000	1.462050	0.088048	0.007552
-1.700000	1.445000	0.090706	0.007800
-1.690000	1.428050	0.093421	0.008055
-1.680000	1.411200	0.096193	0.008316
-1.670000	1.394450	0.099023	0.008584
-1.660000	1.377800	0.101911	0.008859
-1.650000	1.361250	0.104856	0.009141
-1.640000	1.344800	0.107859	0.009429
-1.630000	1.328450	0.110919	0.009725
-1.620000	1.312200	0.114037	0.010028
-1.610000	1.296050	0.117213	0.010338
-1.600000	1.280000	0.120445	0.010655
-1.590000	1.264050	0.123735	0.010979
-1.580000	1.248200	0.127081	0.011311
-1.570000	1.232450	0.130483	0.011650
-1.560000	1.216800	0.133941	0.011996
-1.550000	1.201250	0.137455	0.012350
-1.540000	1.185800	0.141023	0.012712
-1.530000	1.170450	0.144645	0.013080
-1.520000	1.155200	0.148321	0.013457
-1.510000	1.140050	0.152050	0.013840
-1.500000	1.125000	0.155831	0.014232
-1.490000	1.110050	0.159663	0.014631
-1.480000	1.095200	0.163545	0.015038
-1.470000	1.080450	0.167476	0.015452
-1.460000	1.065800	0.171456	0.015874
-1.450000	1.051250	0.175483	0.016303
-1.440000	1.036800	0.179555	0.016741
-1.430000	1.022450	0.183673	0.017186
-1.420000	1.008200	0.187833	0.017639
-1.410000	0.994050	0.192035	0.018100
-1.400000	0.980000	0.196278	0.018568
-1.390000	0.966050	0.200559	0.019045
-1.380000	0.952200	0.204876	0.019529
-1.370000	0.938450	0.209229	0.020021
-1.360000	0.924800	0.213615	0.020521
-1.350000	0.911250	0.218031	0.021029
-1.340000	0.897800	0.222477	0.021545
-1.330000	0.884450	0.226949	0.022069
-1.320000	0.871200	0.231445	0.022601
-1.310000	0.858050	0.235962	0.023141
-1.300000	0.845000	0.240499	0.023689
-1.290000	0.832050	0.245052	0.024245
-1.280000	0.819200	0.249618	0.024809
-1.270000	0.806450	0.254195	0.025381
-1.260000	0.793800	0.258779	0.025961
-1.250000	0.781250	0.263368	0.026549
-1.240000	0.768800	0.267957	0.027144
-1.230000	0.756450	0.272543	0.027747
-1.220000	0.744200	0.277123	0.028358
-1.210000	0.732050	0.281694	0.028976
-1.200000	0.720000	0.286251	0.029602
-1.190000	0.708050	0.290790	0.030235
-1.180000	0.696200	0.295308	0.030875
-1.170000	0.684450	0.299801	0.031522
-1.160000	0.672800	0.304264	0.032176
-1.150000	0.661250	0.308694	0.032836
-1.140000	0.649800	0.313085	0.033503
-1.130000	0.638450	0.317434	0.034176
-1.120000	0.627201	0.321737	0.034855
-1.110000	0.616051	0.325988	0.035540
-1.100000	0.605001	0.330184	0.036229
-1.090000	0.594051	0.334321	0.036924
-1.080000	0.583202	0.338392	0.037624
-1.070000	0.572452	0.342395	0.038328
-1.060000	0.561803	0.346325	0.039036
-1.050000	0.551254	0.350177	0.039748
-1.040000	0.540805	0.353947	0.040463
-1.030000	0.530457	0.357630	0.041181
-1.020000	0.520209	0.361223	0.041902
-1.010000	0.510062	0.364720	0.042624
-1.000000	0.500015	0.368118	0.043349
-0.990000	0.490069	0.371413	0.044075
-0.980000	0.480224	0.374600	0.044802
-0.970000	0.470481	0.377676	0.045530
-0.960000	0.460840	0.380637	0.046258
-0.950000	0.451300	0.383478	0.046986
-0.940000	0.441864	0.386197	0.047713
-0.930000	0.432530	0.388789	0.048439
-0.920000	0.423301	0.391251	0.049164
-0.910000	0.414177	0.393581	0.049887
-0.900000	0.405160	0.395773	0.050609
-0.890000	0.396250	0.397827	0.051327
-0.880000	0.387449	0.399738	0.052043
-0.870000	0.378760	0.401503	0.052756
-0.860000	0.370185	0.403120	0.053465
-0.850000	0.361727	0.404587	0.054170
-0.840000	0.353389	0.405901	0.054872
-0.830000	0.345176	0.407059	0.055568
-0.820000	0.337093	0.408059	0.056260
-0.810000	0.329144	0.408899	0.056947
-0.800000	0.321338	0.409578	0.057628
-0.790000	0.313683	0.410093	0.058304
-0.780000	0.306187	0.410442	0.058974
-0.770000	0.298861	0.410625	0.059637
-0.760000	0.291719	0.410640	0.060294
-0.750000	0.284776	0.410485	0.060943
-0.740000	0.278048	0.410160	0.061586
-0.730000	0.271555	0.409664	0.062220
-0.720000	0.265319	0.408995	0.062847
-0.710000	0.259367	0.408154	0.063466
-0.700000	0.253727	0.407140	0.064076
-0.690000	0.248433	0.405952	0.064677
-0.680000	0.243522	0.404592	0.065269
-0.670000	0.239037	0.403059	0.065851
-0.660000	0.235026	0.401353	0.066423
-0.650000	0.231540	0.399477	0.066985
-0.640000	0.228641	0.397429	0.067536
-0.630000	0.226393	0.395213	0.068076
-0.620000	0.224868	0.392829	0.068604
-0.610000	0.224148	0.390280	0.069121
-0.600000	0.224318	0.387567	0.069625
-0.590000	0.225476	0.384694	0.070117
-0.580000	0.227725	0.381663	0.070596
-0.570000	0.231178	0.378477	0.071062
-0.560000	0.235955	0.375140	0.071515
-0.550000	0.242186	0.371657	0.071954
-0.540000	0.250009	0.368030	0.072379
-0.530000	0.259572	0.364266	0.072790
-0.520000	0.271030	0.360370	0.073187
-0.510000	0.284543	0.356346	0.073571
-0.500000	0.300283	0.352201	0.073940
-0.490000	0.318424	0.347941	0.074296
-0.480000	0.339145	0.343574	0.074638
-0.470000	0.362632	0.339105	0.074968
-0.460000	0.389070	0.334544	0.075284
-0.450000	0.418647	0.329896	0.075589
-0.440000	0.451546	0.325171	0.075882
-0.430000	0.487950	0.320377	0.076164
-0.420000	0.528036	0.315523	0.076438
-0.410000	0.571970	0.310618	0.076702
-0.400000	0.619910	0.305671	0.076960
-0.390000	0.671997	0.300692	0.077212
-0.380000	0.728358	0.295689	0.077459
-0.370000	0.789099	0.290674	0.077705
-0.360000	0.854302	0.285656	0.077950
-0.350000	0.924023	0.280645	0.078196
-0.340000	0.998291	0.275650	0.078447
-0.330000	1.077099	0.270682	0.078704
-0.320000	1.160408	0.265752	0.078971
-0.310000	1.248140	0.260868	0.079249
-0.300000	1.340176	0.256040	0.079543
-0.290000	1.436356	0.251279	0.079854
-0.280000	1.536475	0.246592	0.080188
-0.270000	1.640283	0.241991	0.080546
-0.260000	1.747486	0.237483	0.080933
-0.250000	1.857741	0.233077	0.081354
-0.240000	1.970661	0.228782	0.081811
-0.230000	2.085813	0.224605	0.082309
-0.220000	2.202722	0.220554	0.082853
-0.210000	2.320871	0.216636	0.083447
-0.200000	2.439707	0.212859	0.084097
-0.190000	2.558641	0.209229	0.084806
-0.180000	2.677052	0.205751	0.085580
-0.170000	2.794299	0.202432	0.086425
-0.160000	2.909716	0.199277	0.087346
-0.150000	3.022624	0.196291	0.088348
-0.140000	3.132339	0.193478	0.089437
-0.130000	3.238174	0.190843	0.090619
-0.120000	3.339446	0.188389	0.091900
-0.110000	3.435489	0.186120	0.093286
-0.100000	3.525653	0.184038	0.094784
-0.090000	3.609320	0.182147	0.096400
-0.080000	3.685901	0.180449	0.098141
-0.070000	3.754853	0.178946	0.100013
-0.060000	3.815678	0.177640	0.102024
-0.050000	3.867931	0.176532	0.104180
-0.040000	3.911227	0.175624	0.106488
-0.030000	3.945243	0.174916	0.108956
-0.020000	3.969725	0.174411	0.111590
-0.010000	3.984489	0.174107	0.114399
-0.000000	3.989423	0.174006	0.117389
0.010000	3.984489	0.174107	0.120567
0.020000	3.969725	0.174411	0.123941
0.030000	3.945243	0.174916	0.127518
0.040000	3.911227	0.175624	0.131306
0.050000	3.867931	0.176532	0.135310
0.060000	3.815678	0.177640	0.139539
0.070000	3.754853	0.178946	0.143998
0.080000	3.685901	0.180449	0.148694
0.090000	3.609320	0.182147	0.153633
0.100000	3.525653	0.184038	0.158821
0.110000	3.435489	0.186120	0.164263
0.120000	3.339446	0.188389	0.169965
0.130000	3.238174	0.190843	0.175929
0.140000	3.132339	0.193478	0.182162
0.150000	3.022624	0.196291	0.188665
0.160000	2.909716	0.199277	0.195441
0.170000	2.794299	0.202432	0.202493
0.180000	2.677052	0.205751	0.209821
0.190000	2.558641	0.209229	0.217427
0.200000	2.439707	0.212859	0.225310
0.210000	2.320871	0.216636	0.233468
0.220000	2.202722	0.220554	0.241901
0.230000	2.085813	0.224605	0.250605
0.240000	1.970661	0.228782	0.259575
0.250000	1.857741	0.233077	0.268809
0.260000	1.747486	0.237483	0.278299
0.270000	1.640283	0.241991	0.288040
0.280000	1.536475	0.246592	0.298024
0.290000	1.436356	0.251279	0.308242
0.300000	1.340176	0.256040	0.318686
0.310000	1.248140	0.260868	0.329344
0.320000	1.160408	0.265752	0.340206
0.330000	1.077099	0.270682	0.351261
0.340000	0.998291	0.275650	0.362494
0.350000	0.924023	0.280645	0.373893
0.360000	0.854302	0.285656	0.385443
0.370000	0.789099	0.290674	0.397131
0.380000	0.728358	0.295689	0.408939
0.390000	0.671997	0.300692	0.420852
0.400000	0.619910	0.305671	0.432855
0.410000	0.571970	0.310618	0.444929
0.420000	0.528036	0.315523	0.457057
0.430000	0.487950	0.320377	0.469223
0.440000	0.451546	0.325171	0.481407
0.450000	0.418647	0.329896	0.493593
0.460000	0.389070	0.334544	0.505762
0.470000	0.362632	0.339105	0.517895
0.480000	0.339145	0.343574	0.529976
0.490000	0.318424	0.347941	0.541986
0.500000	0.300283	0.352201	0.553906
0.510000	0.284543	0.356346	0.565720
0.520000	0.271030	0.360370	0.577410
0.530000	0.259572	0.364266	0.588959
0.540000	0.250009	0.368030	0.600349
0.550000	0.242186	0.371657	0.611566
0.560000	0.235955	0.375140	0.622592
0.570000	0.231178	0.378477	0.633412
0.580000	0.227725	0.381663	0.644011
0.590000	0.225476	0.384694	0.654375
0.600000	0.224318	0.387567	0.664490
0.610000	0.224148	0.390280	0.674342
0.620000	0.224868	0.392829	0.683918
0.630000	0.226393	0.395213	0.693206
0.640000	0.228641	0.397429	0.702194
0.650000	0.231540	0.399477	0.710872
0.660000	0.235026	0.401353	0.719228
0.670000	0.239037	0.403059	0.727253
0.680000	0.243522	0.404592	0.734938
0.690000	0.248433	0.405952	0.742273
0.700000	0.253727	0.407140	0.749251
0.710000	0.259367	0.408154	0.755865
0.720000	0.265319	0.408995	0.762107
0.730000	0.271555	0.409664	0.767971
0.740000	0.278048	0.410160	0.773452
0.750000	0.284776	0.410485	0.778544
0.760000	0.291719	0.410640	0.783243
0.770000	0.298861	0.410625	0.787545
0.780000	0.306187	0.410442	0.791446
0.790000	0.313683	0.410093	0.794944
0.800000	0.321338	0.409578	0.798037
0.810000	0.329144	0.408899	0.800722
0.820000	0.337093	0.408059	0.803000
0.830000	0.345176	0.407059	0.804868
0.840000	0.353389	0.405901	0.806327
0.850000	0.361727	0.404587	0.807378
0.860000	0.370185	0.403120	0.808022
0.870000	0.378760	0.401503	0.808260
0.880000	0.387449	0.399738	0.808094
0.890000	0.396250	0.397827	0.807527
0.900000	0.405160	0.395773	0.806562
0.910000	0.414177	0.393581	0.805203
0.920000	0.423301	0.391251	0.803454
0.930000	0.432530	0.388789	0.801320
0.940000	0.441864	0.386197	0.798806
0.950000	0.451300	0.383478	0.795918
0.960000	0.460840	0.380637	0.792662
0.970000	0.470481	0.377676	0.789044
0.980000	0.480224	0.374600	0.785073
0.990000	0.490069	0.371413	0.780755
1.000000	0.500015	0.368118	0.776098
1.010000	0.510062	0.364720	0.771111
1.020000	0.520209	0.361223	0.765803
1.030000	0.530457	0.357630	0.760183
1.040000	0.540805	0.353947	0.754261
1.050000	0.551254	0.350177	0.748046
1.060000	0.561803	0.346325	0.741549
1.070000	0.572452	0.342395	0.734781
1.080000	0.583202	0.338392	0.727752
1.090000	0.594051	0.334321	0.720473
1.100000	0.605001	0.330184	0.712955
1.110000	0.616051	0.325988	0.705211
1.120000	0.627201	0.321737	0.697250
1.130000	0.638450	0.317434	0.689087
1.140000	0.649800	0.313085	0.680731
1.150000	0.661250	0.308694	0.672195
1.160000	0.672800	0.304264	0.663490
1.170000	0.684450	0.299801	0.654629
1.180000	0.696200	0.295308	0.645624
1.190000	0.708050	0.290790	0.636486
1.200000	0.720000	0.286251	0.627226
1.210000	0.732050	0.281694	0.617857
1.220000	0.744200	0.277123	0.608390
1.230000	0.756450	0.272543	0.598836
1.240000	0.768800	0.267957	0.589207
1.250000	0.781250	0.263368	0.579512
1.260000	0.793800	0.258779	0.569763
1.270000	0.806450	0.254195	0.559970
1.280000	0.819200	0.249618	0.550144
1.290000	0.832050	0.245052	0.540294
1.300000	0.845000	0.240499	0.530429
1.310000	0.858050	0.235962	0.520560
1.320000	0.871200	0.231445	0.510694
1.330000	0.884450	0.226949	0.500841
1.340000	0.897800	0.222477	0.491009
1.350000	0.911250	0.218031	0.481206
1.360000	0.924800	0.213615	0.471439
1.370000	0.938450	0.209229	0.461715
1.380000	0.952200	0.204876	0.452043
1.390000	0.966050	0.200559	0.442428
1.400000	0.980000	0.196278	0.432876
1.410000	0.994050	0.192035	0.423395
1.420000	1.008200	0.187833	0.413988
1.430000	1.022450	0.183673	0.404662
1.440000	1.036800	0.179555	0.395422
1.450000	1.051250	0.175483	0.386272
1.460000	1.065800	0.171456	0.377216
1.470000	1.080450	0.167476	0.368260
1.480000	1.095200	0.163545	0.359406
1.490000	1.110050	0.159663	0.350659
1.500000	1.125000	0.155831	0.342022
1.510000	1.140050	0.152050	0.333497
1.520000	1.155200	0.148321	0.325087
1.530000	1.170450	0.144645	0.316796
1.540000	1.185800	0.141023	0.308625
1.550000	1.201250	0.137455	0.300577
1.560000	1.216800	0.133941	0.292653
1.570000	1.232450	0.130483	0.284855
1.580000	1.248200	0.127081	0.277185
1.590000	1.264050	0.123735	0.269645
1.600000	1.280000	0.120445	0.262234
1.610000	1.296050	0.117213	0.254955
1.620000	1.312200	0.114037	0.247808
1.630000	1.328450	0.110919	0.240794
1.640000	1.344800	0.107859	0.233913
1.650000	1.361250	0.104856	0.227165
1.660000	1.377800	0.101911	0.220551
1.670000	1.394450	0.099023	0.214072
1.680000	1.411200	0.096193	0.207725
1.690000	1.428050	0.093421	0.201513
1.700000	1.445000	0.090706	0.195434
1.710000	1.462050	0.088048	0.189488
1.720000	1.479200	0.085448	0.183674
1.730000	1.496450	0.082904	0.177992
1.740000	1.513800	0.080416	0.172440
1.750000	1.531250	0.077984	0.167019
1.760000	1.548800	0.075608	0.161727
1.770000	1.566450	0.073287	0.156562
1.780000	1.584200	0.071021	0.151525
1.790000	1.602050	0.068809	0.146612
1.800000	1.620000	0.066650	0.141825
1.810000	1.638050	0.064544	0.137159
1.820000	1.656200	0.062491	0.132616
1.830000	1.674450	0.060489	0.128192
1.840000	1.692800	0.058539	0.123886
1.850000	1.711250	0.056638	0.119696
1.860000	1.729800	0.054787	0.115621
1.870000	1.748450	0.052985	0.111659
1.880000	1.767200	0.051231	0.107808
1.890000	1.786050	0.049524	0.104065
1.900000	1.805000	0.047864	0.100431
1.910000	1.824050	0.046249	0.096901
1.920000	1.843200	0.044679	0.093474
1.930000	1.862450	0.043153	0.090149
1.940000	1.881800	0.041670	0.086923
1.950000	1.901250	0.040229	0.083793
1.960000	1.920800	0.038829	0.080759
1.970000	1.940450	0.037470	0.077818
1.980000	1.960200	0.036151	0.074968
1.990000	1.980050	0.034871	0.072206
2.000000	2.000000	0.033628	0.069531
2.010000	2.020050	0.032423	0.066941
2.020000	2.040200	0.031254	0.064433
2.030000	2.060450	0.030120	0.062006
2.040000	2.080800	0.029021	0.059657
2.050000	2.101250	0.027956	0.057385
2.060000	2.121800	0.026924	0.055188
2.070000	2.142450	0.025924	0.053063
2.080000	2.163200	0.024956	0.051009
2.090000	2.184050	0.024018	0.049023
2.100000	2.205000	0.023110	0.047105
2.110000	2.226050	0.022232	0.045251
2.120000	2.247200	0.021382	0.043461
2.130000	2.268450	0.020559	0.041732
2.140000	2.289800	0.019764	0.040064
2.150000	2.311250	0.018995	0.038453
2.160000	2.332800	0.018252	0.036899
2.170000	2.354450	0.017534	0.035399
2.180000	2.376200	0.016840	0.033953
2.190000	2.398050	0.016169	0.032558
2.200000	2.420000	0.015522	0.031214
2.210000	2.442050	0.014898	0.029918
2.220000	2.464200	0.014295	0.028670
2.230000	2.486450	0.013713	0.027467
2.240000	2.508800	0.013152	0.026309
2.250000	2.531250	0.012612	0.025194
2.260000	2.553800	0.012090	0.024120
2.270000	2.576450	0.011588	0.023088
2.280000	2.599200	0.011104	0.022094
2.290000	2.622050	0.010638	0.021138
2.300000	2.645000	0.010189	0.020219
2.310000	2.668050	0.009757	0.019336
2.320000	2.691200	0.009342	0.018487
2.330000	2.714450	0.008942	0.017672
2.340000	2.737800	0.008557	0.016889
2.350000	2.761250	0.008188	0.016137
2.360000	2.784800	0.007832	0.015415
2.370000	2.808450	0.007491	0.014723
2.380000	2.832200	0.007163	0.014059
2.390000	2.856050	0.006848	0.013421
2.400000	2.880000	0.006546	0.012811
2.410000	2.904050	0.006256	0.012225
2.420000	2.928200	0.005977	0.011664
2.430000	2.952450	0.005710	0.011127
2.440000	2.976800	0.005454	0.010612
2.450000	3.001250	0.005208	0.010119
2.460000	3.025800	0.004973	0.009647
2.470000	3.050450	0.004747	0.009195
2.480000	3.075200	0.004531	0.008763
2.490000	3.100050	0.004323	0.008350
2.500000	3.125000	0.004125	0.007955
2.510000	3.150050	0.003934	0.007577
2.520000	3.175200	0.003752	0.007216
2.530000	3.200450	0.003578	0.006870
2.540000	3.225800	0.003411	0.006541
2.550000	3.251250	0.003251	0.006225
2.560000	3.276800	0.003098	0.005924
2.570000	3.302450	0.002952	0.005637
2.580000	3.328200	0.002812	0.005362
2.590000	3.354050	0.002678	0.005100
2.600000	3.380000	0.002550	0.004850
2.610000	3.406050	0.002428	0.004611
2.620000	3.432200	0.002311	0.004383
2.630000	3.458450	0.002199	0.004166
2.640000	3.484800	0.002092	0.003959
2.650000	3.511250	0.001990	0.003761
2.660000	3.537800	0.001892	0.003572
2.670000	3.564450	0.001799	0.003392
2.680000	3.591200	0.001710	0.003221
2.690000	3.618050	0.001625	0.003057
2.700000	3.645000	0.001543	0.002901
2.710000	3.672050	0.001466	0.002753
2.720000	3.699200	0.001392	0.002611
2.730000	3.726450	0.001321	0.002477
2.740000	3.753800	0.001254	0.002348
2.750000	3.781250	0.001190	0.002226
2.760000	3.808800	0.001129	0.002109
2.770000	3.836450	0.001070	0.001999
2.780000	3.864200	0.001015	0.001893
2.790000	3.892050	0.000962	0.001793
2.800000	3.920000	0.000912	0.001697
2.810000	3.948050	0.000864	0.001606
2.820000	3.976200	0.000818	0.001520
2.830000	4.004450	0.000774	0.001438
2.840000	4.032800	0.000733	0.001360
2.850000	4.061250	0.000694	0.001286
2.860000	4.089800	0.000657	0.001216
2.870000	4.118450	0.000621	0.001149
2.880000	4.147200	0.000588	0.001085
2.890000	4.176050	0.000556	0.001025
2.900000	4.205000	0.000525	0.000968
2.910000	4.234050	0.000497	0.000914
2.920000	4.263200	0.000469	0.000863
2.930000	4.292450	0.000443	0.000814
2.940000	4.321800	0.000419	0.000768
2.950000	4.351250	0.000396	0.000725
2.960000	4.380800	0.000374	0.000684
2.970000	4.410450	0.000353	0.000645
2.980000	4.440200	0.000333	0.000608
2.990000	4.470050	0.000315	0.000573
3.000000	4.500000	0.000297	0.000540
