# x	potential	default	random
-3.000000	4.500000	0.000275	0.000483
-2.990000	4.470050	0.000292	0.000513
-2.980000	4.440200	0.000309	0.000545
-2.970000	4.410450	0.000327	0.000578
-2.960000	4.380800	0.000347	0.000613
-2.950000	4.351250	0.000367	0.000651
-2.940000	4.321800	0.000389	0.000691
-2.930000	4.292450	0.000412	0.000732
-2.920000	4.263200	0.000436	0.000777
-2.910000	4.234050	0.000462	0.000823
-2.900000	4.205000	0.000489	0.000873
-2.890000	4.176050	0.000517	0.000925
-2.880000	4.147200	0.000547	0.000980
-2.870000	4.118450	0.000578	0.001038
-2.860000	4.089800	0.000612	0.001099
-2.850000	4.061250	0.000646	0.001163
-2.840000	4.032800	0.000683	0.001231
-2.830000	4.004450	0.000722	0.001302
-2.820000	3.976200	0.000763	0.001378
-2.810000	3.948050	0.000806	0.001457
-2.800000	3.920000	0.000851	0.001540
-2.790000	3.892050	0.000898	0.001628
-2.780000	3.864200	0.000948	0.001720
-2.770000	3.836450	0.001000	0.001817
-2.760000	3.808800	0.001055	0.001919
-2.750000	3.781250	0.001112	0.002027
-2.740000	3.753800	0.001173	0.002139
-2.730000	3.726450	0.001236	0.002258
-2.720000	3.699200	0.001302	0.002382
-2.710000	3.672050	0.001372	0.002513
-2.700000	3.645000	0.001445	0.002651
-2.690000	3.618050	0.001521	0.002795
-2.680000	3.591200	0.001602	0.002946
-2.670000	3.564450	0.001686	0.003105
-2.660000	3.537800	0.001774	0.003272
-2.650000	3.511250	0.001866	0.003448
-2.640000	3.484800	0.001962	0.003632
-2.630000	3.458450	0.002063	0.003825
-2.620000	3.432200	0.002169	0.004027
-2.610000	3.406050	0.002280	0.004239
-2.600000	3.380000	0.002396	0.004462
-2.590000	3.354050	0.002517	0.004696
-2.580000	3.328200	0.002643	0.004941
-2.570000	3.302450	0.002776	0.005198
-2.560000	3.276800	0.002914	0.005467
-2.550000	3.251250	0.003059	0.005749
-2.540000	3.225800	0.003211	0.006044
-2.530000	3.200450	0.003369	0.006354
-2.520000	3.175200	0.003535	0.006679
-2.510000	3.150050	0.003708	0.007018
-2.500000	3.125000	0.003888	0.007374
-2.490000	3.100050	0.004077	0.007746
-2.480000	3.075200	0.004274	0.008136
-2.470000	3.050450	0.004480	0.008544
-2.460000	3.025800	0.004694	0.008971
-2.450000	3.001250	0.004919	0.009417
-2.440000	2.976800	0.005153	0.009883
-2.430000	2.952450	0.005397	0.010371
-2.420000	2.928200	0.005651	0.010881
-2.410000	2.904050	0.005917	0.011413
-2.400000	2.880000	0.006193	0.011970
-2.390000	2.856050	0.006482	0.012551
-2.380000	2.832200	0.006782	0.013157
-2.370000	2.808450	0.007096	0.013790
-2.360000	2.784800	0.007422	0.014450
-2.350000	2.761250	0.007761	0.015139
-2.340000	2.737800	0.008115	0.015857
-2.330000	2.714450	0.008483	0.016606
-2.320000	2.691200	0.008865	0.017386
-2.310000	2.668050	0.009263	0.018199
-2.300000	2.645000	0.009677	0.019046
-2.290000	2.622050	0.010107	0.019928
-2.280000	2.599200	0.010554	0.020846
-2.270000	2.576450	0.011019	0.021802
-2.260000	2.553800	0.011501	0.022796
-2.250000	2.531250	0.012001	0.023830
-2.240000	2.508800	0.012521	0.024906
-2.230000	2.486450	0.013060	0.026024
-2.220000	2.464200	0.013620	0.027186
-2.210000	2.442050	0.014200	0.028394
-2.200000	2.420000	0.014801	0.029648
-2.190000	2.398050	0.015424	0.030951
-2.180000	2.376200	0.016070	0.032304
-2.170000	2.354450	0.016739	0.033709
-2.160000	2.332800	0.017432	0.035166
-2.150000	2.311250	0.018149	0.036679
-2.140000	2.289800	0.018891	0.038248
-2.130000	2.268450	0.019660	0.039876
-2.120000	2.247200	0.020454	0.041563
-2.110000	2.226050	0.021276	0.043313
-2.100000	2.205000	0.022126	0.045126
-2.090000	2.184050	0.023005	0.047005
-2.080000	2.163200	0.023913	0.048952
-2.070000	2.142450	0.024852	0.050968
-2.060000	2.121800	0.025821	0.053056
-2.050000	2.101250	0.026822	0.055218
-2.040000	2.080800	0.027856	0.057456
-2.030000	2.060450	0.028923	0.059771
-2.020000	2.040200	0.030024	0.062167
-2.010000	2.020050	0.031161	0.064645
-2.000000	2.000000	0.032333	0.067207
-1.990000	1.980050	0.033542	0.069856
-1.980000	1.960200	0.034789	0.072594
-1.970000	1.940450	0.036074	0.075423
-1.960000	1.920800	0.037399	0.078346
-1.950000	1.901250	0.038763	0.081364
-1.940000	1.881800	0.040169	0.084481
-1.930000	1.862450	0.041617	0.087698
-1.920000	1.843200	0.043108	0.091017
-1.910000	1.824050	0.044643	0.094441
-1.900000	1.805000	0.046222	0.097973
-1.890000	1.786050	0.047847	0.101614
-1.880000	1.767200	0.049518	0.105367
-1.870000	1.748450	0.051236	0.109233
-1.860000	1.729800	0.053003	0.113216
-1.850000	1.711250	0.054818	0.117316
-1.840000	1.692800	0.056683	0.121537
-1.830000	1.674450	0.058598	0.125880
-1.820000	1.656200	0.060565	0.130348
-1.810000	1.638050	0.062583	0.134941
-1.800000	1.620000	0.064654	0.139663
-1.790000	1.602050	0.066779	0.144515
-1.780000	1.584200	0.068957	0.149498
-1.770000	1.566450	0.071190	0.154615
-1.760000	1.548800	0.073479	0.159866
-1.750000	1.531250	0.075823	0.165254
-1.740000	1.513800	0.078223	0.170780
-1.730000	1.496450	0.080680	0.176445
-1.720000	1.479200	0.083194	0.182250
-1.710000	1.462050	0.085766	0.188197
-1.700000	1.445000	0.088396	0.194287
-1.690000	1.428050	0.091084	0.200519
-1.680000	1.411200	0.093830	0.206897
-1.670000	1.394450	0.096635	0.213418
-1.660000	1.377800	0.099499	0.220086
-1.650000	1.361250	0.102422	0.226899
-1.640000	1.344800	0.105404	0.233858
-1.630000	1.328450	0.108446	0.240963
-1.620000	1.312200	0.111546	0.248215
-1.610000	1.296050	0.114705	0.255612
-1.600000	1.280000	0.117924	0.263155
-1.590000	1.264050	0.121201	0.270843
-1.580000	1.248200	0.124536	0.278676
-1.570000	1.232450	0.127930	0.286651
-1.560000	1.216800	0.131381	0.294769
-1.550000	1.201250	0.134890	0.303028
-1.540000	1.185800	0.138456	0.311427
-1.530000	1.170450	0.142078	0.319963
-1.520000	1.155200	0.145756	0.328635
-1.510000	1.140050	0.149489	0.337440
-1.500000	1.125000	0.153277	0.346377
-1.490000	1.110050	0.157119	0.355441
-1.480000	1.095200	0.161013	0.364631
-1.470000	1.080450	0.164959	0.373942
-1.460000	1.065800	0.168957	0.383372
-1.450000	1.051250	0.173004	0.392916
-1.440000	1.036800	0.177099	0.402570
-1.430000	1.022450	0.181243	0.412329
-1.420000	1.008200	0.185432	0.422189
-1.410000	0.994050	0.189666	0.432144
-1.400000	0.980000	0.193943	0.442188
-1.390000	0.966050	0.198262	0.452316
-1.380000	0.952200	0.202620	0.462520
-1.370000	0.938450	0.207017	0.472796
-1.360000	0.924800	0.211449	0.483134
-1.350000	0.911250	0.215916	0.493528
-1.340000	0.897800	0.220414	0.503969
-1.330000	0.884450	0.224942	0.514450
-1.320000	0.871200	0.229497	0.524961
-1.310000	0.858050	0.234077	0.535494
-1.300000	0.845000	0.238679	0.546039
-1.290000	0.832050	0.243300	0.556586
-1.280000	0.819200	0.247938	0.567125
-1.270000	0.806450	0.252589	0.577645
-1.260000	0.793800	0.257250	0.588135
-1.250000	0.781250	0.261918	0.598584
-1.240000	0.768800	0.266590	0.608981
-1.230000	0.756450	0.271262	0.619314
-1.220000	0.744200	0.275930	0.629570
-1.210000	0.732050	0.280591	0.639737
-1.200000	0.720000	0.285241	0.649802
-1.190000	0.708050	0.289876	0.659753
-1.180000	0.696200	0.294492	0.669576
-1.170000	0.684450	0.299084	0.679259
-1.160000	0.672800	0.303649	0.688788
-1.150000	0.661250	0.308182	0.698150
-1.140000	0.649800	0.312679	0.707332
-1.130000	0.638450	0.317135	0.716320
-1.120000	0.627201	0.321546	0.725100
-1.110000	0.616051	0.325908	0.733660
-1.100000	0.605001	0.330215	0.741986
-1.090000	0.594051	0.334463	0.750065
-1.080000	0.583202	0.338648	0.757884
-1.070000	0.572452	0.342764	0.765431
-1.060000	0.561803	0.346808	0.772693
-1.050000	0.551254	0.350774	0.779657
-1.040000	0.540805	0.354658	0.786313
-1.030000	0.530457	0.358456	0.792647
-1.020000	0.520209	0.362162	0.798650
-1.010000	0.510062	0.365773	0.804310
-1.000000	0.500015	0.369284	0.809617
-0.990000	0.490069	0.372691	0.814561
-0.980000	0.480224	0.375989	0.819133
-0.970000	0.470481	0.379174	0.823323
-0.960000	0.460840	0.382243	0.827122
-0.950000	0.451300	0.385190	0.830524
-0.940000	0.441864	0.388013	0.833520
-0.930000	0.432530	0.390708	0.836105
-0.920000	0.423301	0.393270	0.838270
-0.910000	0.414177	0.395697	0.840012
-0.900000	0.405160	0.397984	0.841324
-0.890000	0.396250	0.400129	0.842203
-0.880000	0.387449	0.402129	0.842645
-0.870000	0.378760	0.403980	0.842645
-0.860000	0.370185	0.405679	0.842203
-0.850000	0.361727	0.407225	0.841316
-0.840000	0.353389	0.408613	0.839982
-0.830000	0.345176	0.409842	0.838201
-0.820000	0.337093	0.410910	0.835973
-0.810000	0.329144	0.411813	0.833299
-0.800000	0.321338	0.412551	0.830180
-0.790000	0.313683	0.413120	0.826617
-0.780000	0.306187	0.413520	0.822615
-0.770000	0.298861	0.413748	0.818175
-0.760000	0.291719	0.413804	0.813301
-0.750000	0.284776	0.413686	0.807999
-0.740000	0.278048	0.413393	0.802274
-0.730000	0.271555	0.412924	0.796131
-0.720000	0.265319	0.412278	0.789578
-0.710000	0.259367	0.411454	0.782620
-0.700000	0.253727	0.410454	0.775267
-0.690000	0.248433	0.409275	0.767526
-0.680000	0.243522	0.407918	0.759408
-0.670000	0.239037	0.406385	0.750921
-0.660000	0.235026	0.404674	0.742076
-0.650000	0.231540	0.402788	0.732885
-0.640000	0.228641	0.400727	0.723359
-0.630000	0.226393	0.398492	0.713511
-0.620000	0.224868	0.396086	0.703354
-0.610000	0.224148	0.393510	0.692901
-0.600000	0.224318	0.390767	0.682166
-0.590000	0.225476	0.387860	0.671165
-0.580000	0.227725	0.384791	0.659913
-0.570000	0.231178	0.381564	0.648426
-0.560000	0.235955	0.378183	0.636719
-0.550000	0.242186	0.374652	0.624811
-0.540000	0.250009	0.370975	0.612718
-0.530000	0.259572	0.367158	0.600459
-0.520000	0.271030	0.363205	0.588050
-0.510000	0.284543	0.359123	0.575511
-0.500000	0.300283	0.354918	0.562861
-0.490000	0.318424	0.350597	0.550117
-0.480000	0.339145	0.346165	0.537300
-0.470000	0.362632	0.341632	0.524428
-0.460000	0.389070	0.337003	0.511520
-0.450000	0.418647	0.332288	0.498597
-0.440000	0.451546	0.327494	0.485676
-0.430000	0.487950	0.322631	0.472777
-0.420000	0.528036	0.317708	0.459919
-0.410000	0.571970	0.312732	0.447121
-0.400000	0.619910	0.307715	0.434399
-0.390000	0.671997	0.302666	0.421772
-0.380000	0.728358	0.297594	0.409258
-0.370000	0.789099	0.292510	0.396873
-0.360000	0.854302	0.287423	0.384634
-0.350000	0.924023	0.282344	0.372555
-0.340000	0.998291	0.277283	0.360651
-0.330000	1.077099	0.272250	0.348937
-0.320000	1.160408	0.267255	0.337427
-0.310000	1.248140	0.262308	0.326131
-0.300000	1.340176	0.257419	0.315062
-0.290000	1.436356	0.252598	0.304231
-0.280000	1.536475	0.247853	0.293647
-0.270000	1.640283	0.243195	0.283318
-0.260000	1.747486	0.238633	0.273253
-0.250000	1.857741	0.234174	0.263458
-0.240000	1.970661	0.229828	0.253940
-0.230000	2.085813	0.225603	0.244702
-0.220000	2.202722	0.221505	0.235749
-0.210000	2.320871	0.217543	0.227083
-0.200000	2.439707	0.213724	0.218706
-0.190000	2.558641	0.210053	0.210620
-0.180000	2.677052	0.206538	0.202825
-0.170000	2.794299	0.203183	0.195320
-0.160000	2.909716	0.199994	0.188103
-0.150000	3.022624	0.196976	0.181172
-0.140000	3.132339	0.194134	0.174525
-0.130000	3.238174	0.191472	0.168157
-0.120000	3.339446	0.188992	0.162064
-0.110000	3.435489	0.186700	0.156243
-0.100000	3.525653	0.184598	0.150686
-0.090000	3.609320	0.182688	0.145389
-0.080000	3.685901	0.180973	0.140345
-0.070000	3.754853	0.179455	0.135549
-0.060000	3.815678	0.178136	0.130992
-0.050000	3.867931	0.177017	0.126668
-0.040000	3.911227	0.176100	0.122570
-0.030000	3.945243	0.175386	0.118690
-0.020000	3.969725	0.174875	0.115021
-0.010000	3.984489	0.174568	0.111554
-0.000000	3.989423	0.174466	0.108283
0.010000	3.984489	0.174568	0.105199
0.020000	3.969725	0.174875	0.102294
0.030000	3.945243	0.175386	0.099562
0.040000	3.911227	0.176100	0.096994
0.050000	3.867931	0.177017	0.094583
0.060000	3.815678	0.178136	0.092321
0.070000	3.754853	0.179455	0.090202
0.080000	3.685901	0.180973	0.088217
0.090000	3.609320	0.182688	0.086360
0.100000	3.525653	0.184598	0.084624
0.110000	3.435489	0.186700	0.083003
0.120000	3.339446	0.188992	0.081489
0.130000	3.238174	0.191472	0.080076
0.140000	3.132339	0.194134	0.078759
0.150000	3.022624	0.196976	0.077532
0.160000	2.909716	0.199994	0.076387
0.170000	2.794299	0.203183	0.075321
0.180000	2.677052	0.206538	0.074327
0.190000	2.558641	0.210053	0.073400
0.200000	2.439707	0.213724	0.072535
0.210000	2.320871	0.217543	0.071728
0.220000	2.202722	0.221505	0.070973
0.230000	2.085813	0.225603	0.070266
0.240000	1.970661	0.229828	0.069603
0.250000	1.857741	0.234174	0.068980
0.260000	1.747486	0.238633	0.068393
0.270000	1.640283	0.243195	0.067838
0.280000	1.536475	0.247853	0.067311
0.290000	1.436356	0.252598	0.066810
0.300000	1.340176	0.257419	0.066330
0.310000	1.248140	0.262308	0.065870
0.320000	1.160408	0.267255	0.065426
0.330000	1.077099	0.272250	0.064995
0.340000	0.998291	0.277283	0.064576
0.350000	0.924023	0.282344	0.064165
0.360000	0.854302	0.287423	0.063761
0.370000	0.789099	0.292510	0.063362
0.380000	0.728358	0.297594	0.062967
0.390000	0.671997	0.302666	0.062573
0.400000	0.619910	0.307715	0.062178
0.410000	0.571970	0.312732	0.061783
0.420000	0.528036	0.317708	0.061385
0.430000	0.487950	0.322631	0.060985
0.440000	0.451546	0.327494	0.060579
0.450000	0.418647	0.332288	0.060169
0.460000	0.389070	0.337003	0.059754
0.470000	0.362632	0.341632	0.059332
0.480000	0.339145	0.346165	0.058904
0.490000	0.318424	0.350597	0.058469
0.500000	0.300283	0.354918	0.058027
0.510000	0.284543	0.359123	0.057578
0.520000	0.271030	0.363205	0.057121
0.530000	0.259572	0.367158	0.056658
0.540000	0.250009	0.370975	0.056187
0.550000	0.242186	0.374652	0.055709
0.560000	0.235955	0.378183	0.055224
0.570000	0.231178	0.381564	0.054732
0.580000	0.227725	0.384791	0.054234
0.590000	0.225476	0.387860	0.053729
0.600000	0.224318	0.390767	0.053218
0.610000	0.224148	0.393510	0.052702
0.620000	0.224868	0.396086	0.052179
0.630000	0.226393	0.398492	0.051652
0.640000	0.228641	0.400727	0.051119
0.650000	0.231540	0.402788	0.050581
0.660000	0.235026	0.404674	0.050039
0.670000	0.239037	0.406385	0.049493
0.680000	0.243522	0.407918	0.048943
0.690000	0.248433	0.409275	0.048389
0.700000	0.253727	0.410454	0.047831
0.710000	0.259367	0.411454	0.047270
0.720000	0.265319	0.412278	0.046707
0.730000	0.271555	0.412924	0.046140
0.740000	0.278048	0.413393	0.045571
0.750000	0.284776	0.413686	0.044999
0.760000	0.291719	0.413804	0.044425
0.770000	0.298861	0.413748	0.043850
0.780000	0.306187	0.413520	0.043272
0.790000	0.313683	0.413120	0.042693
0.800000	0.321338	0.412551	0.042112
0.810000	0.329144	0.411813	0.041530
0.820000	0.337093	0.410910	0.040947
0.830000	0.345176	0.409842	0.040363
0.840000	0.353389	0.408613	0.039778
0.850000	0.361727	0.407225	0.039193
0.860000	0.370185	0.405679	0.038608
0.870000	0.378760	0.403980	0.038022
0.880000	0.387449	0.402129	0.037437
0.890000	0.396250	0.400129	0.036852
0.900000	0.405160	0.397984	0.036267
0.910000	0.414177	0.395697	0.035683
0.920000	0.423301	0.393270	0.035100
0.930000	0.432530	0.390708	0.034519
0.940000	0.441864	0.388013	0.033939
0.950000	0.451300	0.385190	0.033360
0.960000	0.460840	0.382243	0.032784
0.970000	0.470481	0.379174	0.032210
0.980000	0.480224	0.375989	0.031638
0.990000	0.490069	0.372691	0.031069
1.000000	0.500015	0.369284	0.030503
1.010000	0.510062	0.365773	0.029941
1.020000	0.520209	0.362162	0.029381
1.030000	0.530457	0.358456	0.028826
1.040000	0.540805	0.354658	0.028274
1.050000	0.551254	0.350774	0.027727
1.060000	0.561803	0.346808	0.027184
1.070000	0.572452	0.342764	0.026646
1.080000	0.583202	0.338648	0.026113
1.090000	0.594051	0.334463	0.025585
1.100000	0.605001	0.330215	0.025063
1.110000	0.616051	0.325908	0.024545
1.120000	0.627201	0.321546	0.024034
1.130000	0.638450	0.317135	0.023528
1.140000	0.649800	0.312679	0.023028
1.150000	0.661250	0.308182	0.022534
1.160000	0.672800	0.303649	0.022047
1.170000	0.684450	0.299084	0.021566
1.180000	0.696200	0.294492	0.021091
1.190000	0.708050	0.289876	0.020622
1.200000	0.720000	0.285241	0.020161
1.210000	0.732050	0.280591	0.019705
1.220000	0.744200	0.275930	0.019257
1.230000	0.756450	0.271262	0.018815
1.240000	0.768800	0.266590	0.018379
1.250000	0.781250	0.261918	0.017951
1.260000	0.793800	0.257250	0.017529
1.270000	0.806450	0.252589	0.017113
1.280000	0.819200	0.247938	0.016705
1.290000	0.832050	0.243300	0.016303
1.300000	0.845000	0.238679	0.015907
1.310000	0.858050	0.234077	0.015519
1.320000	0.871200	0.229497	0.015136
1.330000	0.884450	0.224942	0.014761
1.340000	0.897800	0.220414	0.014391
1.350000	0.911250	0.215916	0.014028
1.360000	0.924800	0.211449	0.013671
1.370000	0.938450	0.207017	0.013321
1.380000	0.952200	0.202620	0.012977
1.390000	0.966050	0.198262	0.012639
1.400000	0.980000	0.193943	0.012307
1.410000	0.994050	0.189666	0.011981
1.420000	1.008200	0.185432	0.011662
1.430000	1.022450	0.181243	0.011348
1.440000	1.036800	0.177099	0.011040
1.450000	1.051250	0.173004	0.010738
1.460000	1.065800	0.168957	0.010442
1.470000	1.080450	0.164959	0.010152
1.480000	1.095200	0.161013	0.009868
1.490000	1.110050	0.157119	0.009589
1.500000	1.125000	0.153277	0.009316
1.510000	1.140050	0.149489	0.009048
1.520000	1.155200	0.145756	0.008787
1.530000	1.170450	0.142078	0.008530
1.540000	1.185800	0.138456	0.008280
1.550000	1.201250	0.134890	0.008034
1.560000	1.216800	0.131381	0.007795
1.570000	1.232450	0.127930	0.007560
1.580000	1.248200	0.124536	0.007331
1.590000	1.264050	0.121201	0.007108
1.600000	1.280000	0.117924	0.006889
1.610000	1.296050	0.114705	0.006676
1.620000	1.312200	0.111546	0.006468
1.630000	1.328450	0.108446	0.006266
1.640000	1.344800	0.105404	0.006068
1.650000	1.361250	0.102422	0.005875
1.660000	1.377800	0.099499	0.005687
1.670000	1.394450	0.096635	0.005505
1.680000	1.411200	0.093830	0.005327
1.690000	1.428050	0.091084	0.005153
1.700000	1.445000	0.088396	0.004985
1.710000	1.462050	0.085766	0.004821
1.720000	1.479200	0.083194	0.004661
1.730000	1.496450	0.080680	0.004507
1.740000	1.513800	0.078223	0.004356
1.750000	1.531250	0.075823	0.004210
1.760000	1.548800	0.073479	0.004068
1.770000	1.566450	0.071190	0.003930
1.780000	1.584200	0.068957	0.003796
1.790000	1.602050	0.066779	0.003666
1.800000	1.620000	0.064654	0.003540
1.810000	1.638050	0.062583	0.003418
1.820000	1.656200	0.060565	0.003299
1.830000	1.674450	0.058598	0.003184
1.840000	1.692800	0.056683	0.003073
1.850000	1.711250	0.054818	0.002964
1.860000	1.729800	0.053003	0.002860
1.870000	1.748450	0.051236	0.002758
1.880000	1.767200	0.049518	0.002659
1.890000	1.786050	0.047847	0.002564
1.900000	1.805000	0.046222	0.002471
1.910000	1.824050	0.044643	0.002382
1.920000	1.843200	0.043108	0.002295
1.930000	1.862450	0.041617	0.002211
1.940000	1.881800	0.040169	0.002129
1.950000	1.901250	0.038763	0.002051
1.960000	1.920800	0.037399	0.001974
1.970000	1.940450	0.036074	0.001900
1.980000	1.960200	0.034789	0.001829
1.990000	1.980050	0.033542	0.001759
2.000000	2.000000	0.032333	0.001692
2.010000	2.020050	0.031161	0.001627
2.020000	2.040200	0.030024	0.001564
2.030000	2.060450	0.028923	0.001504
2.040000	2.080800	0.027856	0.001445
2.050000	2.101250	0.026822	0.001388
2.060000	2.121800	0.025821	0.001333
2.070000	2.142450	0.024852	0.001280
2.080000	2.163200	0.023913	0.001229
2.090000	2.184050	0.023005	0.001179
2.100000	2.205000	0.022126	0.001131
2.110000	2.226050	0.021276	0.001085
2.120000	2.247200	0.020454	0.001041
2.130000	2.268450	0.019660	0.000998
2.140000	2.289800	0.018891	0.000956
2.150000	2.311250	0.018149	0.000916
2.160000	2.332800	0.017432	0.000878
2.170000	2.354450	0.016739	0.000841
2.180000	2.376200	0.016070	0.000805
2.190000	2.398050	0.015424	0.000771
2.200000	2.420000	0.014801	0.000738
2.210000	2.442050	0.014200	0.000706
2.220000	2.464200	0.013620	0.000675
2.230000	2.486450	0.013060	0.000646
2.240000	2.508800	0.012521	0.000618
2.250000	2.531250	0.012001	0.000591
2.260000	2.553800	0.011501	0.000565
2.270000	2.576450	0.011019	0.000540
2.280000	2.599200	0.010554	0.000516
2.290000	2.622050	0.010107	0.000493
2.300000	2.645000	0.009677	0.000471
2.310000	2.668050	0.009263	0.000450
2.320000	2.691200	0.008865	0.000430
2.330000	2.714450	0.008483	0.000411
2.340000	2.737800	0.008115	0.000392
2.350000	2.761250	0.007761	0.000374
2.360000	2.784800	0.007422	0.000357
2.370000	2.808450	0.007096	0.000341
2.380000	2.832200	0.006782	0.000326
2.390000	2.856050	0.006482	0.000311
2.400000	2.880000	0.006193	0.000297
2.410000	2.904050	0.005917	0.000283
2.420000	2.928200	0.005651	0.000270
2.430000	2.952450	0.005397	0.000258
2.440000	2.976800	0.005153	0.000246
2.450000	3.001250	0.004919	0.000234
2.460000	3.025800	0.004694	0.000224
2.470000	3.050450	0.004480	0.000213
2.480000	3.075200	0.004274	0.000203
2.490000	3.100050	0.004077	0.000194
2.500000	3.125000	0.003888	0.000185
2.510000	3.150050	0.003708	0.000176
2.520000	3.175200	0.003535	0.000167
2.530000	3.200450	0.003369	0.000159
2.540000	3.225800	0.003211	0.000152
2.550000	3.251250	0.003059	0.000144
2.560000	3.276800	0.002914	0.000137
2.570000	3.302450	0.002776	0.000131
2.580000	3.328200	0.002643	0.000124
2.590000	3.354050	0.002517	0.000118
2.600000	3.380000	0.002396	0.000112
2.610000	3.406050	0.002280	0.000107
2.620000	3.432200	0.002169	0.000101
2.630000	3.458450	0.002063	0.000096
2.640000	3.484800	0.001962	0.000091
2.650000	3.511250	0.001866	0.000087
2.660000	3.537800	0.001774	0.000082
2.670000	3.564450	0.001686	0.000078
2.680000	3.591200	0.001602	0.000074
2.690000	3.618050	0.001521	0.000070
2.700000	3.645000	0.001445	0.000066
2.710000	3.672050	0.001372	0.000063
2.720000	3.699200	0.001302	0.000059
2.730000	3.726450	0.001236	0.000056
2.740000	3.753800	0.001173	0.000053
2.750000	3.781250	0.001112	0.000050
2.760000	3.808800	0.001055	0.000047
2.770000	3.836450	0.001000	0.000045
2.780000	3.864200	0.000948	0.000042
2.790000	3.892050	0.000898	0.000040
2.800000	3.920000	0.000851	0.000038
2.810000	3.948050	0.000806	0.000036
2.820000	3.976200	0.000763	0.000034
2.830000	4.004450	0.000722	0.000032
2.840000	4.032800	0.000683	0.000030
2.850000	4.061250	0.000646	0.000028
2.860000	4.089800	0.000612	0.000027
2.870000	4.118450	0.000578	0.000025
2.880000	4.147200	0.000547	0.000024
2.890000	4.176050	0.000517	0.000022
2.900000	4.205000	0.000489	0.000021
2.910000	4.234050	0.000462	0.000020
2.920000	4.263200	0.000436	0.000019
2.930000	4.292450	0.000412	0.000018
2.940000	4.321800	0.000389	0.000017
2.950000	4.351250	0.000367	0.000016
2.960000	4.380800	0.000347	0.000015
2.970000	4.410450	0.000327	0.000014
2.980000	4.440200	0.000309	0.000013
2.990000	4.470050	0.000292	0.000013
3.000000	4.500000	0.000275	0.000012
