# x	potential	default	random
-3.000000	4.500000	0.000128	0.000128
-2.990000	4.470050	0.000136	0.000136
-2.980000	4.440200	0.000144	0.000144
-2.970000	4.410450	0.000153	0.000153
-2.960000	4.380800	0.000162	0.000162
-2.950000	4.351250	0.000172	0.000172
-2.940000	4.321800	0.000183	0.000183
-2.930000	4.292450	0.000194	0.000194
-2.920000	4.263200	0.000205	0.000205
-2.910000	4.234050	0.000218	0.000218
-2.900000	4.205000	0.000231	0.000231
-2.890000	4.176050	0.000245	0.000245
-2.880000	4.147200	0.000259	0.000259
-2.870000	4.118450	0.000275	0.000275
-2.860000	4.089800	0.000291	0.000291
-2.850000	4.061250	0.000308	0.000308
-2.840000	4.032800	0.000326	0.000326
-2.830000	4.004450	0.000345	0.000345
-2.820000	3.976200	0.000365	0.000365
-2.810000	3.948050	0.000386	0.000386
-2.800000	3.920000	0.000409	0.000409
-2.790000	3.892050	0.000432	0.000432
-2.780000	3.864200	0.000457	0.000457
-2.770000	3.836450	0.000483	0.000483
-2.760000	3.808800	0.000510	0.000510
-2.750000	3.781250	0.000539	0.000539
-2.740000	3.753800	0.000569	0.000569
-2.730000	3.726450	0.000600	0.000600
-2.720000	3.699200	0.000633	0.000633
-2.710000	3.672050	0.000668	0.000668
-2.700000	3.645000	0.000705	0.000705
-2.690000	3.618050	0.000743	0.000743
-2.680000	3.591200	0.000783	0.000783
-2.670000	3.564450	0.000826	0.000826
-2.660000	3.537800	0.000870	0.000870
-2.650000	3.511250	0.000916	0.000916
-2.640000	3.484800	0.000965	0.000965
-2.630000	3.458450	0.001016	0.001016
-2.620000	3.432200	0.001069	0.001069
-2.610000	3.406050	0.001125	0.001125
-2.600000	3.380000	0.001184	0.001184
-2.590000	3.354050	0.001245	0.001245
-2.580000	3.328200	0.001310	0.001310
-2.570000	3.302450	0.001377	0.001377
-2.560000	3.276800	0.001448	0.001448
-2.550000	3.251250	0.001522	0.001522
-2.540000	3.225800	0.001599	0.001599
-2.530000	3.200450	0.001680	0.001680
-2.520000	3.175200	0.001765	0.001765
-2.510000	3.150050	0.001854	0.001854
-2.500000	3.125000	0.001947	0.001947
-2.490000	3.100050	0.002044	0.002044
-2.480000	3.075200	0.002146	0.002146
-2.470000	3.050450	0.002253	0.002253
-2.460000	3.025800	0.002364	0.002364
-2.450000	3.001250	0.002481	0.002481
-2.440000	2.976800	0.002603	0.002603
-2.430000	2.952450	0.002730	0.002730
-2.420000	2.928200	0.002864	0.002864
-2.410000	2.904050	0.003003	0.003003
-2.400000	2.880000	0.003148	0.003148
-2.390000	2.856050	0.003300	0.003300
-2.380000	2.832200	0.003459	0.003459
-2.370000	2.808450	0.003625	0.003625
-2.360000	2.784800	0.003797	0.003797
-2.350000	2.761250	0.003978	0.003978
-2.340000	2.737800	0.004166	0.004166
-2.330000	2.714450	0.004362	0.004362
-2.320000	2.691200	0.004567	0.004567
-2.310000	2.668050	0.004780	0.004780
-2.300000	2.645000	0.005003	0.005003
-2.290000	2.622050	0.005234	0.005234
-2.280000	2.599200	0.005475	0.005475
-2.270000	2.576450	0.005726	0.005726
-2.260000	2.553800	0.005987	0.005987
-2.250000	2.531250	0.006259	0.006259
-2.240000	2.508800	0.006542	0.006542
-2.230000	2.486450	0.006836	0.006836
-2.220000	2.464200	0.007141	0.007141
-2.210000	2.442050	0.007459	0.007459
-2.200000	2.420000	0.007789	0.007789
-2.190000	2.398050	0.008131	0.008131
-2.180000	2.376200	0.008487	0.008487
-2.170000	2.354450	0.008856	0.008856
-2.160000	2.332800	0.009239	0.009239
-2.150000	2.311250	0.009637	0.009637
-2.140000	2.289800	0.010049	0.010049
-2.130000	2.268450	0.010477	0.010477
-2.120000	2.247200	0.010920	0.010920
-2.110000	2.226050	0.011380	0.011380
-2.100000	2.205000	0.011856	0.011856
-2.090000	2.184050	0.012349	0.012349
-2.080000	2.163200	0.012860	0.012860
-2.070000	2.142450	0.013389	0.013389
-2.060000	2.121800	0.013937	0.013937
-2.050000	2.101250	0.014504	0.014504
-2.040000	2.080800	0.015091	0.015091
-2.030000	2.060450	0.015698	0.015698
-2.020000	2.040200	0.016327	0.016327
-2.010000	2.020050	0.016977	0.016977
-2.000000	2.000000	0.017649	0.017649
-1.990000	1.980050	0.018344	0.018344
-1.980000	1.960200	0.019063	0.019063
-1.970000	1.940450	0.019805	0.019805
-1.960000	1.920800	0.020573	0.020573
-1.950000	1.901250	0.021366	0.021366
-1.940000	1.881800	0.022185	0.022185
-1.930000	1.862450	0.023032	0.023032
-1.920000	1.843200	0.023905	0.023905
-1.910000	1.824050	0.024807	0.024807
-1.900000	1.805000	0.025738	0.025738
-1.890000	1.786050	0.026699	0.026699
-1.880000	1.767200	0.027690	0.027690
-1.870000	1.748450	0.028713	0.028713
-1.860000	1.729800	0.029767	0.029767
-1.850000	1.711250	0.030854	0.030854
-1.840000	1.692800	0.031975	0.031975
-1.830000	1.674450	0.033130	0.033130
-1.820000	1.656200	0.034319	0.034319
-1.810000	1.638050	0.035544	0.035544
-1.800000	1.620000	0.036806	0.036806
-1.790000	1.602050	0.038104	0.038104
-1.780000	1.584200	0.039440	0.039440
-1.770000	1.566450	0.040815	0.040815
-1.760000	1.548800	0.042228	0.042228
-1.750000	1.531250	0.043682	0.043682
-1.740000	1.513800	0.045176	0.045176
-1.730000	1.496450	0.046711	0.046711
-1.720000	1.479200	0.048287	0.048287
-1.710000	1.462050	0.049907	0.049907
-1.700000	1.445000	0.051569	0.051569
-1.690000	1.428050	0.053274	0.053274
-1.680000	1.411200	0.055024	0.055024
-1.670000	1.394450	0.056819	0.056819
-1.660000	1.377800	0.058658	0.058658
-1.650000	1.361250	0.060544	0.060544
-1.640000	1.344800	0.062476	0.062476
-1.630000	1.328450	0.064455	0.064455
-1.620000	1.312200	0.066481	0.066481
-1.610000	1.296050	0.068555	0.068555
-1.600000	1.280000	0.070677	0.070677
-1.590000	1.264050	0.072848	0.072848
-1.580000	1.248200	0.075068	0.075068
-1.570000	1.232450	0.077338	0.077338
-1.560000	1.216800	0.079658	0.079658
-1.550000	1.201250	0.082028	0.082028
-1.540000	1.185800	0.084449	0.084449
-1.530000	1.170450	0.086921	0.086921
-1.520000	1.155200	0.089444	0.089444
-1.510000	1.140050	0.092019	0.092019
-1.500000	1.125000	0.094646	0.094646
-1.490000	1.110050	0.097326	0.097326
-1.480000	1.095200	0.100058	0.100058
-1.470000	1.080450	0.102843	0.102843
-1.460000	1.065800	0.105681	0.105681
-1.450000	1.051250	0.108572	0.108572
-1.440000	1.036800	0.111516	0.111516
-1.430000	1.022450	0.114514	0.114514
-1.420000	1.008200	0.117566	0.117566
-1.410000	0.994050	0.120671	0.120671
-1.400000	0.980000	0.123829	0.123829
-1.390000	0.966050	0.127041	0.127041
-1.380000	0.952200	0.130307	0.130307
-1.370000	0.938450	0.133625	0.133625
-1.360000	0.924800	0.136997	0.136997
-1.350000	0.911250	0.140421	0.140421
-1.340000	0.897800	0.143898	0.143898
-1.330000	0.884450	0.147427	0.147427
-1.320000	0.871200	0.151008	0.151008
-1.310000	0.858050	0.154639	0.154639
-1.300000	0.845000	0.158321	0.158321
-1.290000	0.832050	0.162052	0.162052
-1.280000	0.819200	0.165832	0.165832
-1.270000	0.806450	0.169660	0.169660
-1.260000	0.793800	0.173535	0.173535
-1.250000	0.781250	0.177456	0.177456
-1.240000	0.768800	0.181422	0.181422
-1.230000	0.756450	0.185431	0.185431
-1.220000	0.744200	0.189482	0.189482
-1.210000	0.732050	0.193573	0.193573
-1.200000	0.720000	0.197704	0.197704
-1.190000	0.708050	0.201872	0.201872
-1.180000	0.696200	0.206075	0.206075
-1.170000	0.684450	0.210313	0.210313
-1.160000	0.672800	0.214582	0.214582
-1.150000	0.661250	0.218880	0.218880
-1.140000	0.649800	0.223206	0.223206
-1.130000	0.638450	0.227558	0.227558
-1.120000	0.627200	0.231932	0.231932
-1.110000	0.616050	0.236327	0.236327
-1.100000	0.605001	0.240740	0.240740
-1.090000	0.594051	0.245169	0.245169
-1.080000	0.583201	0.249610	0.249610
-1.070000	0.572451	0.254062	0.254062
-1.060000	0.561802	0.258521	0.258521
-1.050000	0.551252	0.262985	0.262985
-1.040000	0.540803	0.267450	0.267450
-1.030000	0.530453	0.271914	0.271914
-1.020000	0.520204	0.276374	0.276374
-1.010000	0.510056	0.280827	0.280827
-1.000000	0.500007	0.285270	0.285270
-0.990000	0.490060	0.289700	0.289700
-0.980000	0.480212	0.294113	0.294113
-0.970000	0.470466	0.298507	0.298507
-0.960000	0.460820	0.302879	0.302879
-0.950000	0.451275	0.307225	0.307225
-0.940000	0.441832	0.311543	0.311543
-0.930000	0.432490	0.315829	0.315829
-0.920000	0.423251	0.320079	0.320079
-0.910000	0.414114	0.324292	0.324292
-0.900000	0.405080	0.328464	0.328464
-0.890000	0.396150	0.332591	0.332591
-0.880000	0.387325	0.336670	0.336670
-0.870000	0.378605	0.340698	0.340698
-0.860000	0.369993	0.344673	0.344673
-0.850000	0.361489	0.348590	0.348590
-0.840000	0.353095	0.352447	0.352447
-0.830000	0.344813	0.356241	0.356241
-0.820000	0.336646	0.359967	0.359967
-0.810000	0.328597	0.363623	0.363623
-0.800000	0.320669	0.367206	0.367206
-0.790000	0.312866	0.370713	0.370713
-0.780000	0.305193	0.374139	0.374139
-0.770000	0.297656	0.377482	0.377482
-0.760000	0.290260	0.380739	0.380739
-0.750000	0.283013	0.383905	0.383905
-0.740000	0.275924	0.386979	0.386979
-0.730000	0.269002	0.389956	0.389956
-0.720000	0.262260	0.392833	0.392833
-0.710000	0.255708	0.395607	0.395607
-0.700000	0.249363	0.398275	0.398275
-0.690000	0.243241	0.400833	0.400833
-0.680000	0.237361	0.403278	0.403278
-0.670000	0.231744	0.405607	0.405607
-0.660000	0.226413	0.407817	0.407817
-0.650000	0.221395	0.409905	0.409905
-0.640000	0.216720	0.411868	0.411868
-0.630000	0.212421	0.413703	0.413703
-0.620000	0.208534	0.415408	0.415408
-0.610000	0.205099	0.416979	0.416979
-0.600000	0.202159	0.418415	0.418415
-0.590000	0.199763	0.419713	0.419713
-0.580000	0.197963	0.420872	0.420872
-0.570000	0.196814	0.421889	0.421889
-0.560000	0.196377	0.422764	0.422764
-0.550000	0.196718	0.423494	0.423494
-0.540000	0.197905	0.424079	0.424079
-0.530000	0.200011	0.424519	0.424519
-0.520000	0.203115	0.424813	0.424813
-0.510000	0.207297	0.424961	0.424961
-0.500000	0.212642	0.424963	0.424963
-0.490000	0.219237	0.424822	0.424822
-0.480000	0.227173	0.424537	0.424537
-0.470000	0.236541	0.424110	0.424110
-0.460000	0.247435	0.423544	0.423544
-0.450000	0.259948	0.422840	0.422840
-0.440000	0.274173	0.422003	0.422003
-0.430000	0.290200	0.421035	0.421035
-0.420000	0.308118	0.419941	0.419941
-0.410000	0.328010	0.418724	0.418724
-0.400000	0.349955	0.417389	0.417389
-0.390000	0.374024	0.415942	0.415942
-0.380000	0.400279	0.414388	0.414388
-0.370000	0.428774	0.412733	0.412733
-0.360000	0.459551	0.410984	0.410984
-0.350000	0.492637	0.409147	0.409147
-0.340000	0.528045	0.407229	0.407229
-0.330000	0.565775	0.405238	0.405238
-0.320000	0.605804	0.403182	0.403182
-0.310000	0.648095	0.401069	0.401069
-0.300000	0.692588	0.398906	0.398906
-0.290000	0.739203	0.396702	0.396702
-0.280000	0.787837	0.394466	0.394466
-0.270000	0.838367	0.392207	0.392207
-0.260000	0.890643	0.389933	0.389933
-0.250000	0.944495	0.387653	0.387653
-0.240000	0.999730	0.385376	0.385376
-0.230000	1.056131	0.383112	0.383112
-0.220000	1.113461	0.380868	0.380868
-0.210000	1.171461	0.378653	0.378653
-0.200000	1.229854	0.376477	0.376477
-0.190000	1.288345	0.374347	0.374347
-0.180000	1.346626	0.372272	0.372272
-0.170000	1.404374	0.370260	0.370260
-0.160000	1.461258	0.368318	0.368318
-0.150000	1.516937	0.366454	0.366454
-0.140000	1.571070	0.364675	0.364675
-0.130000	1.623312	0.362988	0.362988
-0.120000	1.673323	0.361399	0.361399
-0.110000	1.720769	0.359914	0.359914
-0.100000	1.765327	0.358539	0.358539
-0.090000	1.806685	0.357279	0.357279
-0.080000	1.844551	0.356139	0.356139
-0.070000	1.878652	0.355122	0.355122
-0.060000	1.908739	0.354234	0.354234
-0.050000	1.934591	0.353476	0.353476
-0.040000	1.956013	0.352852	0.352852
-0.030000	1.972847	0.352365	0.352365
-0.020000	1.984963	0.352015	0.352015
-0.010000	1.992270	0.351805	0.351805
-0.000000	1.994711	0.351735	0.351735
0.010000	1.992270	0.351805	0.351805
0.020000	1.984963	0.352015	0.352015
0.030000	1.972847	0.352365	0.352365
0.040000	1.956013	0.352852	0.352852
0.050000	1.934591	0.353476	0.353476
0.060000	1.908739	0.354234	0.354234
0.070000	1.878652	0.355122	0.355122
0.080000	1.844551	0.356139	0.356139
0.090000	1.806685	0.357279	0.357279
0.100000	1.765327	0.358539	0.358539
0.110000	1.720769	0.359914	0.359914
0.120000	1.673323	0.361399	0.361399
0.130000	1.623312	0.362988	0.362988
0.140000	1.571070	0.364675	0.364675
0.150000	1.516937	0.366454	0.366454
0.160000	1.461258	0.368318	0.368318
0.170000	1.404374	0.370260	0.370260
0.180000	1.346626	0.372272	0.372272
0.190000	1.288345	0.374347	0.374347
0.200000	1.229854	0.376477	0.376477
0.210000	1.171461	0.378653	0.378653
0.220000	1.113461	0.380868	0.380868
0.230000	1.056131	0.383112	0.383112
0.240000	0.999730	0.385376	0.385376
0.250000	0.944495	0.387653	0.387653
0.260000	0.890643	0.389933	0.389933
0.270000	0.838367	0.392207	0.392207
0.280000	0.787837	0.394466	0.394466
0.290000	0.739203	0.396702	0.396702
0.300000	0.692588	0.398906	0.398906
0.310000	0.648095	0.401069	0.401069
0.320000	0.605804	0.403182	0.403182
0.330000	0.565775	0.405238	0.405238
0.340000	0.528045	0.407229	0.407229
0.350000	0.492637	0.409147	0.409147
0.360000	0.459551	0.410984	0.410984
0.370000	0.428774	0.412733	0.412733
0.380000	0.400279	0.414388	0.414388
0.390000	0.374024	0.415942	0.415942
0.400000	0.349955	0.417389	0.417389
0.410000	0.328010	0.418724	0.418724
0.420000	0.308118	0.419941	0.419941
0.430000	0.290200	0.421035	0.421035
0.440000	0.274173	0.422003	0.422003
0.450000	0.259948	0.422840	0.422840
0.460000	0.247435	0.423544	0.423544
0.470000	0.236541	0.424110	0.424110
0.480000	0.227173	0.424537	0.424537
0.490000	0.219237	0.424822	0.424822
0.500000	0.212642	0.424963	0.424963
0.510000	0.207297	0.424961	0.424961
0.520000	0.203115	0.424813	0.424813
0.530000	0.200011	0.424519	0.424519
0.540000	0.197905	0.424079	0.424079
0.550000	0.196718	0.423494	0.423494
0.560000	0.196377	0.422764	0.422764
0.570000	0.196814	0.421889	0.421889
0.580000	0.197963	0.420872	0.420872
0.590000	0.199763	0.419713	0.419713
0.600000	0.202159	0.418415	0.418415
0.610000	0.205099	0.416979	0.416979
0.620000	0.208534	0.415408	0.415408
0.630000	0.212421	0.413703	0.413703
0.640000	0.216720	0.411868	0.411868
0.650000	0.221395	0.409905	0.409905
0.660000	0.226413	0.407817	0.407817
0.670000	0.231744	0.405607	0.405607
0.680000	0.237361	0.403278	0.403278
0.690000	0.243241	0.400833	0.400833
0.700000	0.249363	0.398275	0.398275
0.710000	0.255708	0.395607	0.395607
0.720000	0.262260	0.392833	0.392833
0.730000	0.269002	0.389956	0.389956
0.740000	0.275924	0.386979	0.386979
0.750000	0.283013	0.383905	0.383905
0.760000	0.290260	0.380739	0.380739
0.770000	0.297656	0.377482	0.377482
0.780000	0.305193	0.374139	0.374139
0.790000	0.312866	0.370713	0.370713
0.800000	0.320669	0.367206	0.367206
0.810000	0.328597	0.363623	0.363623
0.820000	0.336646	0.359967	0.359967
0.830000	0.344813	0.356241	0.356241
0.840000	0.353095	0.352447	0.352447
0.850000	0.361489	0.348590	0.348590
0.860000	0.369993	0.344673	0.344673
0.870000	0.378605	0.340698	0.340698
0.880000	0.387325	0.336670	0.336670
0.890000	0.396150	0.332591	0.332591
0.900000	0.405080	0.328464	0.328464
0.910000	0.414114	0.324292	0.324292
0.920000	0.423251	0.320079	0.320079
0.930000	0.432490	0.315829	0.315829
0.940000	0.441832	0.311543	0.311543
0.950000	0.451275	0.307225	0.307225
0.960000	0.460820	0.302879	0.302879
0.970000	0.470466	0.298507	0.298507
0.980000	0.480212	0.294113	0.294113
0.990000	0.490060	0.289700	0.289700
1.000000	0.500007	0.285270	0.285270
1.010000	0.510056	0.280827	0.280827
1.020000	0.520204	0.276374	0.276374
1.030000	0.530453	0.271914	0.271914
1.040000	0.540803	0.267450	0.267450
1.050000	0.551252	0.262985	0.262985
1.060000	0.561802	0.258521	0.258521
1.070000	0.572451	0.254062	0.254062
1.080000	0.583201	0.249610	0.249610
1.090000	0.594051	0.245169	0.245169
1.100000	0.605001	0.240740	0.240740
1.110000	0.616050	0.236327	0.236327
1.120000	0.627200	0.231932	0.231932
1.130000	0.638450	0.227558	0.227558
1.140000	0.649800	0.223206	0.223206
1.150000	0.661250	0.218880	0.218880
1.160000	0.672800	0.214582	0.214582
1.170000	0.684450	0.210313	0.210313
1.180000	0.696200	0.206075	0.206075
1.190000	0.708050	0.201872	0.201872
1.200000	0.720000	0.197704	0.197704
1.210000	0.732050	0.193573	0.193573
1.220000	0.744200	0.189482	0.189482
1.230000	0.756450	0.185431	0.185431
1.240000	0.768800	0.181422	0.181422
1.250000	0.781250	0.177456	0.177456
1.260000	0.793800	0.173535	0.173535
1.270000	0.806450	0.169660	0.169660
1.280000	0.819200	0.165832	0.165832
1.290000	0.832050	0.162052	0.162052
1.300000	0.845000	0.158321	0.158321
1.310000	0.858050	0.154639	0.154639
1.320000	0.871200	0.151008	0.151008
1.330000	0.884450	0.147427	0.147427
1.340000	0.897800	0.143898	0.143898
1.350000	0.911250	0.140421	0.140421
1.360000	0.924800	0.136997	0.136997
1.370000	0.938450	0.133625	0.133625
1.380000	0.952200	0.130307	0.130307
1.390000	0.966050	0.127041	0.127041
1.400000	0.980000	0.123829	0.123829
1.410000	0.994050	0.120671	0.120671
1.420000	1.008200	0.117566	0.117566
1.430000	1.022450	0.114514	0.114514
1.440000	1.036800	0.111516	0.111516
1.450000	1.051250	0.108572	0.108572
1.460000	1.065800	0.105681	0.105681
1.470000	1.080450	0.102843	0.102843
1.480000	1.095200	0.100058	0.100058
1.490000	1.110050	0.097326	0.097326
1.500000	1.125000	0.094646	0.094646
1.510000	1.140050	0.092019	0.092019
1.520000	1.155200	0.089444	0.089444
1.530000	1.170450	0.086921	0.086921
1.540000	1.185800	0.084449	0.084449
1.550000	1.201250	0.082028	0.082028
1.560000	1.216800	0.079658	0.079658
1.570000	1.232450	0.077338	0.077338
1.580000	1.248200	0.075068	0.075068
1.590000	1.264050	0.072848	0.072848
1.600000	1.280000	0.070677	0.070677
1.610000	1.296050	0.068555	0.068555
1.620000	1.312200	0.066481	0.066481
1.630000	1.328450	0.064455	0.064455
1.640000	1.344800	0.062476	0.062476
1.650000	1.361250	0.060544	0.060544
1.660000	1.377800	0.058658	0.058658
1.670000	1.394450	0.056819	0.056819
1.680000	1.411200	0.055024	0.055024
1.690000	1.428050	0.053274	0.053274
1.700000	1.445000	0.051569	0.051569
1.710000	1.462050	0.049907	0.049907
1.720000	1.479200	0.048287	0.048287
1.730000	1.496450	0.046711	0.046711
1.740000	1.513800	0.045176	0.045176
1.750000	1.531250	0.043682	0.043682
1.760000	1.548800	0.042228	0.042228
1.770000	1.566450	0.040815	0.040815
1.780000	1.584200	0.039440	0.039440
1.790000	1.602050	0.038104	0.038104
1.800000	1.620000	0.036806	0.036806
1.810000	1.638050	0.035544	0.035544
1.820000	1.656200	0.034319	0.034319
1.830000	1.674450	0.033130	0.033130
1.840000	1.692800	0.031975	0.031975
1.850000	1.711250	0.030854	0.030854
1.860000	1.729800	0.029767	0.029767
1.870000	1.748450	0.028713	0.028713
1.880000	1.767200	0.027690	0.027690
1.890000	1.786050	0.026699	0.026699
1.900000	1.805000	0.025738	0.025738
1.910000	1.824050	0.024807	0.024807
1.920000	1.843200	0.023905	0.023905
1.930000	1.862450	0.023032	0.023032
1.940000	1.881800	0.022185	0.022185
1.950000	1.901250	0.021366	0.021366
1.960000	1.920800	0.020573	0.020573
1.970000	1.940450	0.019805	0.019805
1.980000	1.960200	0.019063	0.019063
1.990000	1.980050	0.018344	0.018344
2.000000	2.000000	0.017649	0.017649
2.010000	2.020050	0.016977	0.016977
2.020000	2.040200	0.016327	0.016327
2.030000	2.060450	0.015698	0.015698
2.040000	2.080800	0.015091	0.015091
2.050000	2.101250	0.014504	0.014504
2.060000	2.121800	0.013937	0.013937
2.070000	2.142450	0.013389	0.013389
2.080000	2.163200	0.012860	0.012860
2.090000	2.184050	0.012349	0.012349
2.100000	2.205000	0.011856	0.011856
2.110000	2.226050	0.011380	0.011380
2.120000	2.247200	0.010920	0.010920
2.130000	2.268450	0.010477	0.010477
2.140000	2.289800	0.010049	0.010049
2.150000	2.311250	0.009637	0.009637
2.160000	2.332800	0.009239	0.009239
2.170000	2.354450	0.008856	0.008856
2.180000	2.376200	0.008487	0.008487
2.190000	2.398050	0.008131	0.008131
2.200000	2.420000	0.007789	0.007789
2.210000	2.442050	0.007459	0.007459
2.220000	2.464200	0.007141	0.007141
2.230000	2.486450	0.006836	0.006836
2.240000	2.508800	0.006542	0.006542
2.250000	2.531250	0.006259	0.006259
2.260000	2.553800	0.005987	0.005987
2.270000	2.576450	0.005726	0.005726
2.280000	2.599200	0.005475	0.005475
2.290000	2.622050	0.005234	0.005234
2.300000	2.645000	0.005003	0.005003
2.310000	2.668050	0.004780	0.004780
2.320000	2.691200	0.004567	0.004567
2.330000	2.714450	0.004362	0.004362
2.340000	2.737800	0.004166	0.004166
2.350000	2.761250	0.003978	0.003978
2.360000	2.784800	0.003797	0.003797
2.370000	2.808450	0.003625	0.003625
2.380000	2.832200	0.003459	0.003459
2.390000	2.856050	0.003300	0.003300
2.400000	2.880000	0.003148	0.003148
2.410000	2.904050	0.003003	0.003003
2.420000	2.928200	0.002864	0.002864
2.430000	2.952450	0.002730	0.002730
2.440000	2.976800	0.002603	0.002603
2.450000	3.001250	0.002481	0.002481
2.460000	3.025800	0.002364	0.002364
2.470000	3.050450	0.002253	0.002253
2.480000	3.075200	0.002146	0.002146
2.490000	3.100050	0.002044	0.002044
2.500000	3.125000	0.001947	0.001947
2.510000	3.150050	0.001854	0.001854
2.520000	3.175200	0.001765	0.001765
2.530000	3.200450	0.001680	0.001680
2.540000	3.225800	0.001599	0.001599
2.550000	3.251250	0.001522	0.001522
2.560000	3.276800	0.001448	0.001448
2.570000	3.302450	0.001377	0.001377
2.580000	3.328200	0.001310	0.001310
2.590000	3.354050	0.001245	0.001245
2.600000	3.380000	0.001184	0.001184
2.610000	3.406050	0.001125	0.001125
2.620000	3.432200	0.001069	0.001069
2.630000	3.458450	0.001016	0.001016
2.640000	3.484800	0.000965	0.000965
2.650000	3.511250	0.000916	0.000916
2.660000	3.537800	0.000870	0.000870
2.670000	3.564450	0.000826	0.000826
2.680000	3.591200	0.000783	0.000783
2.690000	3.618050	0.000743	0.000743
2.700000	3.645000	0.000705	0.000705
2.710000	3.672050	0.000668	0.000668
2.720000	3.699200	0.000633	0.000633
2.730000	3.726450	0.000600	0.000600
2.740000	3.753800	0.000569	0.000569
2.750000	3.781250	0.000539	0.000539
2.760000	3.808800	0.000510	0.000510
2.770000	3.836450	0.000483	0.000483
2.780000	3.864200	0.000457	0.000457
2.790000	3.892050	0.000432	0.000432
2.800000	3.920000	0.000409	0.000409
2.810000	3.948050	0.000386	0.000386
2.820000	3.976200	0.000365	0.000365
2.830000	4.004450	0.000345	0.000345
2.840000	4.032800	0.000326	0.000326
2.850000	4.061250	0.000308	0.000308
2.860000	4.089800	0.000291	0.000291
2.870000	4.118450	0.000275	0.000275
2.880000	4.147200	0.000259	0.000259
2.890000	4.176050	0.000245	0.000245
2.900000	4.205000	0.000231	0.000231
2.910000	4.234050	0.000218	0.000218
2.920000	4.263200	0.000205	0.000205
2.930000	4.292450	0.000194	0.000194
2.940000	4.321800	0.000183	0.000183
2.950000	4.351250	0.000172	0.000172
2.960000	4.380800	0.000162	0.000162
2.970000	4.410450	0.000153	0.000153
2.980000	4.440200	0.000144	0.000144
2.990000	4.470050	0.000136	0.000136
3.000000	4.500000	0.000128	0.000128
