# x	potential	default	random
-3.000000	4.500000	0.000290	0.000521
-2.990000	4.470050	0.000307	0.000553
-2.980000	4.440200	0.000325	0.000587
-2.970000	4.410450	0.000344	0.000623
-2.960000	4.380800	0.000365	0.000661
-2.950000	4.351250	0.000386	0.000701
-2.940000	4.321800	0.000409	0.000743
-2.930000	4.292450	0.000433	0.000788
-2.920000	4.263200	0.000458	0.000835
-2.910000	4.234050	0.000485	0.000885
-2.900000	4.205000	0.000513	0.000937
-2.890000	4.176050	0.000542	0.000993
-2.880000	4.147200	0.000574	0.001051
-2.870000	4.118450	0.000607	0.001113
-2.860000	4.089800	0.000641	0.001178
-2.850000	4.061250	0.000678	0.001246
-2.840000	4.032800	0.000716	0.001318
-2.830000	4.004450	0.000757	0.001394
-2.820000	3.976200	0.000799	0.001474
-2.810000	3.948050	0.000844	0.001558
-2.800000	3.920000	0.000891	0.001646
-2.790000	3.892050	0.000940	0.001739
-2.780000	3.864200	0.000992	0.001837
-2.770000	3.836450	0.001046	0.001940
-2.760000	3.808800	0.001104	0.002048
-2.750000	3.781250	0.001164	0.002161
-2.740000	3.753800	0.001226	0.002281
-2.730000	3.726450	0.001292	0.002406
-2.720000	3.699200	0.001362	0.002538
-2.710000	3.672050	0.001434	0.002676
-2.700000	3.645000	0.001510	0.002821
-2.690000	3.618050	0.001590	0.002973
-2.680000	3.591200	0.001673	0.003132
-2.670000	3.564450	0.001760	0.003300
-2.660000	3.537800	0.001852	0.003476
-2.650000	3.511250	0.001948	0.003660
-2.640000	3.484800	0.002048	0.003854
-2.630000	3.458450	0.002153	0.004057
-2.620000	3.432200	0.002263	0.004269
-2.610000	3.406050	0.002378	0.004492
-2.600000	3.380000	0.002498	0.004726
-2.590000	3.354050	0.002623	0.004971
-2.580000	3.328200	0.002755	0.005228
-2.570000	3.302450	0.002892	0.005497
-2.560000	3.276800	0.003036	0.005779
-2.550000	3.251250	0.003186	0.006074
-2.540000	3.225800	0.003343	0.006383
-2.530000	3.200450	0.003507	0.006707
-2.520000	3.175200	0.003679	0.007045
-2.510000	3.150050	0.003858	0.007400
-2.500000	3.125000	0.004045	0.007771
-2.490000	3.100050	0.004240	0.008159
-2.480000	3.075200	0.004444	0.008565
-2.470000	3.050450	0.004657	0.008990
-2.460000	3.025800	0.004879	0.009434
-2.450000	3.001250	0.005110	0.009898
-2.440000	2.976800	0.005352	0.010383
-2.430000	2.952450	0.005604	0.010889
-2.420000	2.928200	0.005867	0.011418
-2.410000	2.904050	0.006141	0.011971
-2.400000	2.880000	0.006427	0.012547
-2.390000	2.856050	0.006725	0.013149
-2.380000	2.832200	0.007035	0.013777
-2.370000	2.808450	0.007358	0.014432
-2.360000	2.784800	0.007694	0.015115
-2.350000	2.761250	0.008044	0.015827
-2.340000	2.737800	0.008408	0.016569
-2.330000	2.714450	0.008787	0.017342
-2.320000	2.691200	0.009181	0.018147
-2.310000	2.668050	0.009591	0.018985
-2.300000	2.645000	0.010017	0.019857
-2.290000	2.622050	0.010459	0.020766
-2.280000	2.599200	0.010919	0.021710
-2.270000	2.576450	0.011396	0.022693
-2.260000	2.553800	0.011892	0.023715
-2.250000	2.531250	0.012406	0.024777
-2.240000	2.508800	0.012940	0.025880
-2.230000	2.486450	0.013493	0.027027
-2.220000	2.464200	0.014068	0.028218
-2.210000	2.442050	0.014663	0.029455
-2.200000	2.420000	0.015280	0.030740
-2.190000	2.398050	0.015919	0.032073
-2.180000	2.376200	0.016581	0.033456
-2.170000	2.354450	0.017266	0.034891
-2.160000	2.332800	0.017976	0.036379
-2.150000	2.311250	0.018711	0.037922
-2.140000	2.289800	0.019471	0.039521
-2.130000	2.268450	0.020257	0.041179
-2.120000	2.247200	0.021070	0.042897
-2.110000	2.226050	0.021911	0.044677
-2.100000	2.205000	0.022780	0.046521
-2.090000	2.184050	0.023678	0.048429
-2.080000	2.163200	0.024606	0.050405
-2.070000	2.142450	0.025564	0.052451
-2.060000	2.121800	0.026554	0.054567
-2.050000	2.101250	0.027575	0.056757
-2.040000	2.080800	0.028630	0.059021
-2.030000	2.060450	0.029718	0.061363
-2.020000	2.040200	0.030841	0.063784
-2.010000	2.020050	0.032000	0.066286
-2.000000	2.000000	0.033194	0.068872
-1.990000	1.980050	0.034425	0.071543
-1.980000	1.960200	0.035695	0.074302
-1.970000	1.940450	0.037003	0.077150
-1.960000	1.920800	0.038350	0.080091
-1.950000	1.901250	0.039738	0.083125
-1.940000	1.881800	0.041167	0.086256
-1.930000	1.862450	0.042639	0.089485
-1.920000	1.843200	0.044153	0.092814
-1.910000	1.824050	0.045711	0.096246
-1.900000	1.805000	0.047315	0.099783
-1.890000	1.786050	0.048963	0.103426
-1.880000	1.767200	0.050658	0.107179
-1.870000	1.748450	0.052400	0.111042
-1.860000	1.729800	0.054191	0.115018
-1.850000	1.711250	0.056030	0.119109
-1.840000	1.692800	0.057919	0.123316
-1.830000	1.674450	0.059858	0.127642
-1.820000	1.656200	0.061848	0.132089
-1.810000	1.638050	0.063890	0.136657
-1.800000	1.620000	0.065984	0.141349
-1.790000	1.602050	0.068131	0.146167
-1.780000	1.584200	0.070332	0.151111
-1.770000	1.566450	0.072588	0.156184
-1.760000	1.548800	0.074898	0.161386
-1.750000	1.531250	0.077264	0.166719
-1.740000	1.513800	0.079685	0.172185
-1.730000	1.496450	0.082163	0.177784
-1.720000	1.479200	0.084697	0.183516
-1.710000	1.462050	0.087288	0.189384
-1.700000	1.445000	0.089937	0.195388
-1.690000	1.428050	0.092643	0.201529
-1.680000	1.411200	0.095407	0.207806
-1.670000	1.394450	0.098229	0.214221
-1.660000	1.377800	0.101109	0.220774
-1.650000	1.361250	0.104047	0.227465
-1.640000	1.344800	0.107043	0.234293
-1.630000	1.328450	0.110097	0.241260
-1.620000	1.312200	0.113210	0.248364
-1.610000	1.296050	0.116380	0.255606
-1.600000	1.280000	0.119608	0.262984
-1.590000	1.264050	0.122894	0.270498
-1.580000	1.248200	0.126237	0.278147
-1.570000	1.232450	0.129636	0.285930
-1.560000	1.216800	0.133092	0.293846
-1.550000	1.201250	0.136605	0.301893
-1.540000	1.185800	0.140172	0.310069
-1.530000	1.170450	0.143795	0.318373
-1.520000	1.155200	0.147472	0.326803
-1.510000	1.140050	0.151202	0.335356
-1.500000	1.125000	0.154986	0.344029
-1.490000	1.110050	0.158821	0.352820
-1.480000	1.095200	0.162708	0.361726
-1.470000	1.080450	0.166644	0.370744
-1.460000	1.065800	0.170630	0.379869
-1.450000	1.051250	0.174664	0.389098
-1.440000	1.036800	0.178745	0.398427
-1.430000	1.022450	0.182871	0.407851
-1.420000	1.008200	0.187041	0.417366
-1.410000	0.994050	0.191254	0.426965
-1.400000	0.980000	0.195508	0.436645
-1.390000	0.966050	0.199802	0.446399
-1.380000	0.952200	0.204134	0.456220
-1.370000	0.938450	0.208501	0.466104
-1.360000	0.924800	0.212903	0.476041
-1.350000	0.911250	0.217336	0.486026
-1.340000	0.897800	0.221799	0.496052
-1.330000	0.884450	0.226290	0.506109
-1.320000	0.871200	0.230806	0.516190
-1.310000	0.858050	0.235345	0.526286
-1.300000	0.845000	0.239903	0.536389
-1.290000	0.832050	0.244479	0.546488
-1.280000	0.819200	0.249069	0.556575
-1.270000	0.806450	0.253671	0.566640
-1.260000	0.793800	0.258281	0.576672
-1.250000	0.781250	0.262896	0.586660
-1.240000	0.768800	0.267512	0.596595
-1.230000	0.756450	0.272127	0.606464
-1.220000	0.744200	0.276737	0.616257
-1.210000	0.732050	0.281337	0.625963
-1.200000	0.720000	0.285925	0.635568
-1.190000	0.708050	0.290496	0.645062
-1.180000	0.696200	0.295047	0.654432
-1.170000	0.684450	0.299573	0.663667
-1.160000	0.672800	0.304070	0.672753
-1.150000	0.661250	0.308534	0.681680
-1.140000	0.649800	0.312960	0.690433
-1.130000	0.638450	0.317345	0.699001
-1.120000	0.627201	0.321683	0.707372
-1.110000	0.616051	0.325971	0.715533
-1.100000	0.605001	0.330204	0.723472
-1.090000	0.594051	0.334377	0.731177
-1.080000	0.583202	0.338486	0.738636
-1.070000	0.572452	0.342527	0.745837
-1.060000	0.561803	0.346494	0.752769
-1.050000	0.551254	0.350384	0.759421
-1.040000	0.540805	0.354191	0.765781
-1.030000	0.530457	0.357912	0.771839
-1.020000	0.520209	0.361542	0.777585
-1.010000	0.510062	0.365077	0.783008
-1.000000	0.500015	0.368513	0.788098
-0.990000	0.490069	0.371844	0.792848
-0.980000	0.480224	0.375068	0.797247
-0.970000	0.470481	0.378180	0.801288
-0.960000	0.460840	0.381176	0.804963
-0.950000	0.451300	0.384052	0.808263
-0.940000	0.441864	0.386805	0.811183
-0.930000	0.432530	0.389431	0.813716
-0.920000	0.423301	0.391926	0.815856
-0.910000	0.414177	0.394287	0.817597
-0.900000	0.405160	0.396511	0.818935
-0.890000	0.396250	0.398595	0.819866
-0.880000	0.387449	0.400535	0.820385
-0.870000	0.378760	0.402328	0.820490
-0.860000	0.370185	0.403973	0.820178
-0.850000	0.361727	0.405465	0.819447
-0.840000	0.353389	0.406803	0.818295
-0.830000	0.345176	0.407984	0.816722
-0.820000	0.337093	0.409007	0.814727
-0.810000	0.329144	0.409867	0.812310
-0.800000	0.321338	0.410565	0.809473
-0.790000	0.313683	0.411098	0.806216
-0.780000	0.306187	0.411464	0.802542
-0.770000	0.298861	0.411662	0.798452
-0.760000	0.291719	0.411690	0.793952
-0.750000	0.284776	0.411547	0.789043
-0.740000	0.278048	0.411232	0.783731
-0.730000	0.271555	0.410744	0.778021
-0.720000	0.265319	0.410083	0.771917
-0.710000	0.259367	0.409248	0.765427
-0.700000	0.253727	0.408238	0.758557
-0.690000	0.248433	0.407053	0.751315
-0.680000	0.243522	0.405694	0.743708
-0.670000	0.239037	0.404160	0.735745
-0.660000	0.235026	0.402453	0.727436
-0.650000	0.231540	0.400573	0.718790
-0.640000	0.228641	0.398521	0.709818
-0.630000	0.226393	0.396298	0.700531
-0.620000	0.224868	0.393907	0.690941
-0.610000	0.224148	0.391349	0.681060
-0.600000	0.224318	0.388626	0.670902
-0.590000	0.225476	0.385741	0.660479
-0.580000	0.227725	0.382698	0.649806
-0.570000	0.231178	0.379498	0.638897
-0.560000	0.235955	0.376147	0.627768
-0.550000	0.242186	0.372647	0.616434
-0.540000	0.250009	0.369004	0.604911
-0.530000	0.259572	0.365222	0.593217
-0.520000	0.271030	0.361307	0.581367
-0.510000	0.284543	0.357264	0.569379
-0.500000	0.300283	0.353099	0.557272
-0.490000	0.318424	0.348819	0.545062
-0.480000	0.339145	0.344431	0.532769
-0.470000	0.362632	0.339940	0.520409
-0.460000	0.389070	0.335357	0.508003
-0.450000	0.418647	0.330687	0.495567
-0.440000	0.451546	0.325939	0.483122
-0.430000	0.487950	0.321122	0.470684
-0.420000	0.528036	0.316245	0.458273
-0.410000	0.571970	0.311317	0.445906
-0.400000	0.619910	0.306347	0.433601
-0.390000	0.671997	0.301344	0.421376
-0.380000	0.728358	0.296319	0.409248
-0.370000	0.789099	0.291281	0.397233
-0.360000	0.854302	0.286240	0.385347
-0.350000	0.924023	0.281206	0.373606
-0.340000	0.998291	0.276190	0.362025
-0.330000	1.077099	0.271200	0.350618
-0.320000	1.160408	0.266248	0.339398
-0.310000	1.248140	0.261344	0.328378
-0.300000	1.340176	0.256496	0.317570
-0.290000	1.436356	0.251714	0.306984
-0.280000	1.536475	0.247009	0.296631
-0.270000	1.640283	0.242389	0.286520
-0.260000	1.747486	0.237863	0.276659
-0.250000	1.857741	0.233439	0.267056
-0.240000	1.970661	0.229127	0.257716
-0.230000	2.085813	0.224934	0.248645
-0.220000	2.202722	0.220868	0.239847
-0.210000	2.320871	0.216936	0.231326
-0.200000	2.439707	0.213145	0.223085
-0.190000	2.558641	0.209501	0.215124
-0.180000	2.677052	0.206011	0.207445
-0.170000	2.794299	0.202680	0.200048
-0.160000	2.909716	0.199514	0.192932
-0.150000	3.022624	0.196517	0.186095
-0.140000	3.132339	0.193695	0.179535
-0.130000	3.238174	0.191051	0.173249
-0.120000	3.339446	0.188588	0.167233
-0.110000	3.435489	0.186311	0.161484
-0.100000	3.525653	0.184223	0.155995
-0.090000	3.609320	0.182325	0.150763
-0.080000	3.685901	0.180622	0.145781
-0.070000	3.754853	0.179114	0.141044
-0.060000	3.815678	0.177803	0.136544
-0.050000	3.867931	0.176692	0.132276
-0.040000	3.911227	0.175781	0.128233
-0.030000	3.945243	0.175071	0.124407
-0.020000	3.969725	0.174564	0.120792
-0.010000	3.984489	0.174259	0.117379
-0.000000	3.989423	0.174158	0.114162
0.010000	3.984489	0.174259	0.111134
0.020000	3.969725	0.174564	0.108286
0.030000	3.945243	0.175071	0.105611
0.040000	3.911227	0.175781	0.103102
0.050000	3.867931	0.176692	0.100752
0.060000	3.815678	0.177803	0.098553
0.070000	3.754853	0.179114	0.096498
0.080000	3.685901	0.180622	0.094581
0.090000	3.609320	0.182325	0.092793
0.100000	3.525653	0.184223	0.091129
0.110000	3.435489	0.186311	0.089581
0.120000	3.339446	0.188588	0.088144
0.130000	3.238174	0.191051	0.086810
0.140000	3.132339	0.193695	0.085574
0.150000	3.022624	0.196517	0.084430
0.160000	2.909716	0.199514	0.083371
0.170000	2.794299	0.202680	0.082393
0.180000	2.677052	0.206011	0.081489
0.190000	2.558641	0.209501	0.080654
0.200000	2.439707	0.213145	0.079883
0.210000	2.320871	0.216936	0.079171
0.220000	2.202722	0.220868	0.078513
0.230000	2.085813	0.224934	0.077905
0.240000	1.970661	0.229127	0.077341
0.250000	1.857741	0.233439	0.076818
0.260000	1.747486	0.237863	0.076332
0.270000	1.640283	0.242389	0.075878
0.280000	1.536475	0.247009	0.075453
0.290000	1.436356	0.251714	0.075053
0.300000	1.340176	0.256496	0.074675
0.310000	1.248140	0.261344	0.074315
0.320000	1.160408	0.266248	0.073970
0.330000	1.077099	0.271200	0.073639
0.340000	0.998291	0.276190	0.073317
0.350000	0.924023	0.281206	0.073002
0.360000	0.854302	0.286240	0.072692
0.370000	0.789099	0.291281	0.072385
0.380000	0.728358	0.296319	0.072079
0.390000	0.671997	0.301344	0.071772
0.400000	0.619910	0.306347	0.071463
0.410000	0.571970	0.311317	0.071149
0.420000	0.528036	0.316245	0.070831
0.430000	0.487950	0.321122	0.070505
0.440000	0.451546	0.325939	0.070172
0.450000	0.418647	0.330687	0.069831
0.460000	0.389070	0.335357	0.069480
0.470000	0.362632	0.339940	0.069120
0.480000	0.339145	0.344431	0.068749
0.490000	0.318424	0.348819	0.068367
0.500000	0.300283	0.353099	0.067975
0.510000	0.284543	0.357264	0.067571
0.520000	0.271030	0.361307	0.067156
0.530000	0.259572	0.365222	0.066729
0.540000	0.250009	0.369004	0.066291
0.550000	0.242186	0.372647	0.065841
0.560000	0.235955	0.376147	0.065381
0.570000	0.231178	0.379498	0.064909
0.580000	0.227725	0.382698	0.064427
0.590000	0.225476	0.385741	0.063934
0.600000	0.224318	0.388626	0.063431
0.610000	0.224148	0.391349	0.062918
0.620000	0.224868	0.393907	0.062395
0.630000	0.226393	0.396298	0.061863
0.640000	0.228641	0.398521	0.061322
0.650000	0.231540	0.400573	0.060772
0.660000	0.235026	0.402453	0.060214
0.670000	0.239037	0.404160	0.059648
0.680000	0.243522	0.405694	0.059074
0.690000	0.248433	0.407053	0.058493
0.700000	0.253727	0.408238	0.057905
0.710000	0.259367	0.409248	0.057310
0.720000	0.265319	0.410083	0.056709
0.730000	0.271555	0.410744	0.056101
0.740000	0.278048	0.411232	0.055488
0.750000	0.284776	0.411547	0.054869
0.760000	0.291719	0.411690	0.054245
0.770000	0.298861	0.411662	0.053616
0.780000	0.306187	0.411464	0.052982
0.790000	0.313683	0.411098	0.052344
0.800000	0.321338	0.410565	0.051701
0.810000	0.329144	0.409867	0.051055
0.820000	0.337093	0.409007	0.050405
0.830000	0.345176	0.407984	0.049751
0.840000	0.353389	0.406803	0.049094
0.850000	0.361727	0.405465	0.048435
0.860000	0.370185	0.403973	0.047773
0.870000	0.378760	0.402328	0.047108
0.880000	0.387449	0.400535	0.046441
0.890000	0.396250	0.398595	0.045773
0.900000	0.405160	0.396511	0.045103
0.910000	0.414177	0.394287	0.044432
0.920000	0.423301	0.391926	0.043760
0.930000	0.432530	0.389431	0.043088
0.940000	0.441864	0.386805	0.042415
0.950000	0.451300	0.384052	0.041743
0.960000	0.460840	0.381176	0.041071
0.970000	0.470481	0.378180	0.040400
0.980000	0.480224	0.375068	0.039730
0.990000	0.490069	0.371844	0.039062
1.000000	0.500015	0.368513	0.038395
1.010000	0.510062	0.365077	0.037731
1.020000	0.520209	0.361542	0.037069
1.030000	0.530457	0.357912	0.036410
1.040000	0.540805	0.354191	0.035754
1.050000	0.551254	0.350384	0.035102
1.060000	0.561803	0.346494	0.034454
1.070000	0.572452	0.342527	0.033810
1.080000	0.583202	0.338486	0.033170
1.090000	0.594051	0.334377	0.032535
1.100000	0.605001	0.330204	0.031905
1.110000	0.616051	0.325971	0.031280
1.120000	0.627201	0.321683	0.030661
1.130000	0.638450	0.317345	0.030048
1.140000	0.649800	0.312960	0.029440
1.150000	0.661250	0.308534	0.028839
1.160000	0.672800	0.304070	0.028244
1.170000	0.684450	0.299573	0.027656
1.180000	0.696200	0.295047	0.027074
1.190000	0.708050	0.290496	0.026499
1.200000	0.720000	0.285925	0.025932
1.210000	0.732050	0.281337	0.025371
1.220000	0.744200	0.276737	0.024817
1.230000	0.756450	0.272127	0.024271
1.240000	0.768800	0.267512	0.023732
1.250000	0.781250	0.262896	0.023200
1.260000	0.793800	0.258281	0.022676
1.270000	0.806450	0.253671	0.022159
1.280000	0.819200	0.249069	0.021650
1.290000	0.832050	0.244479	0.021148
1.300000	0.845000	0.239903	0.020654
1.310000	0.858050	0.235345	0.020167
1.320000	0.871200	0.230806	0.019687
1.330000	0.884450	0.226290	0.019215
1.340000	0.897800	0.221799	0.018751
1.350000	0.911250	0.217336	0.018294
1.360000	0.924800	0.212903	0.017844
1.370000	0.938450	0.208501	0.017402
1.380000	0.952200	0.204134	0.016966
1.390000	0.966050	0.199802	0.016539
1.400000	0.980000	0.195508	0.016118
1.410000	0.994050	0.191254	0.015705
1.420000	1.008200	0.187041	0.015298
1.430000	1.022450	0.182871	0.014899
1.440000	1.036800	0.178745	0.014507
1.450000	1.051250	0.174664	0.014122
1.460000	1.065800	0.170630	0.013744
1.470000	1.080450	0.166644	0.013373
1.480000	1.095200	0.162708	0.013010
1.490000	1.110050	0.158821	0.012652
1.500000	1.125000	0.154986	0.012302
1.510000	1.140050	0.151202	0.011959
1.520000	1.155200	0.147472	0.011623
1.530000	1.170450	0.143795	0.011293
1.540000	1.185800	0.140172	0.010970
1.550000	1.201250	0.136605	0.010654
1.560000	1.216800	0.133092	0.010344
1.570000	1.232450	0.129636	0.010042
1.580000	1.248200	0.126237	0.009745
1.590000	1.264050	0.122894	0.009456
1.600000	1.280000	0.119608	0.009173
1.610000	1.296050	0.116380	0.008896
1.620000	1.312200	0.113210	0.008626
1.630000	1.328450	0.110097	0.008362
1.640000	1.344800	0.107043	0.008105
1.650000	1.361250	0.104047	0.007853
1.660000	1.377800	0.101109	0.007608
1.670000	1.394450	0.098229	0.007369
1.680000	1.411200	0.095407	0.007137
1.690000	1.428050	0.092643	0.006910
1.700000	1.445000	0.089937	0.006689
1.710000	1.462050	0.087288	0.006474
1.720000	1.479200	0.084697	0.006264
1.730000	1.496450	0.082163	0.006060
1.740000	1.513800	0.079685	0.005862
1.750000	1.531250	0.077264	0.005669
1.760000	1.548800	0.074898	0.005482
1.770000	1.566450	0.072588	0.005300
1.780000	1.584200	0.070332	0.005123
1.790000	1.602050	0.068131	0.004951
1.800000	1.620000	0.065984	0.004784
1.810000	1.638050	0.063890	0.004621
1.820000	1.656200	0.061848	0.004464
1.830000	1.674450	0.059858	0.004311
1.840000	1.692800	0.057919	0.004163
1.850000	1.711250	0.056030	0.004019
1.860000	1.729800	0.054191	0.003879
1.870000	1.748450	0.052400	0.003743
1.880000	1.767200	0.050658	0.003612
1.890000	1.786050	0.048963	0.003484
1.900000	1.805000	0.047315	0.003361
1.910000	1.824050	0.045711	0.003241
1.920000	1.843200	0.044153	0.003124
1.930000	1.862450	0.042639	0.003012
1.940000	1.881800	0.041167	0.002902
1.950000	1.901250	0.039738	0.002797
1.960000	1.920800	0.038350	0.002694
1.970000	1.940450	0.037003	0.002595
1.980000	1.960200	0.035695	0.002498
1.990000	1.980050	0.034425	0.002405
2.000000	2.000000	0.033194	0.002315
2.010000	2.020050	0.032000	0.002227
2.020000	2.040200	0.030841	0.002143
2.030000	2.060450	0.029718	0.002061
2.040000	2.080800	0.028630	0.001981
2.050000	2.101250	0.027575	0.001905
2.060000	2.121800	0.026554	0.001830
2.070000	2.142450	0.025564	0.001759
2.080000	2.163200	0.024606	0.001689
2.090000	2.184050	0.023678	0.001622
2.100000	2.205000	0.022780	0.001557
2.110000	2.226050	0.021911	0.001495
2.120000	2.247200	0.021070	0.001434
2.130000	2.268450	0.020257	0.001376
2.140000	2.289800	0.019471	0.001320
2.150000	2.311250	0.018711	0.001265
2.160000	2.332800	0.017976	0.001213
2.170000	2.354450	0.017266	0.001163
2.180000	2.376200	0.016581	0.001114
2.190000	2.398050	0.015919	0.001067
2.200000	2.420000	0.015280	0.001022
2.210000	2.442050	0.014663	0.000979
2.220000	2.464200	0.014068	0.000937
2.230000	2.486450	0.013493	0.000897
2.240000	2.508800	0.012940	0.000858
2.250000	2.531250	0.012406	0.000821
2.260000	2.553800	0.011892	0.000786
2.270000	2.576450	0.011396	0.000751
2.280000	2.599200	0.010919	0.000719
2.290000	2.622050	0.010459	0.000687
2.300000	2.645000	0.010017	0.000657
2.310000	2.668050	0.009591	0.000628
2.320000	2.691200	0.009181	0.000600
2.330000	2.714450	0.008787	0.000573
2.340000	2.737800	0.008408	0.000548
2.350000	2.761250	0.008044	0.000523
2.360000	2.784800	0.007694	0.000500
2.370000	2.808450	0.007358	0.000478
2.380000	2.832200	0.007035	0.000456
2.390000	2.856050	0.006725	0.000435
2.400000	2.880000	0.006427	0.000416
2.410000	2.904050	0.006141	0.000397
2.420000	2.928200	0.005867	0.000379
2.430000	2.952450	0.005604	0.000362
2.440000	2.976800	0.005352	0.000345
2.450000	3.001250	0.005110	0.000329
2.460000	3.025800	0.004879	0.000314
2.470000	3.050450	0.004657	0.000299
2.480000	3.075200	0.004444	0.000286
2.490000	3.100050	0.004240	0.000272
2.500000	3.125000	0.004045	0.000260
2.510000	3.150050	0.003858	0.000247
2.520000	3.175200	0.003679	0.000236
2.530000	3.200450	0.003507	0.000224
2.540000	3.225800	0.003343	0.000214
2.550000	3.251250	0.003186	0.000204
2.560000	3.276800	0.003036	0.000194
2.570000	3.302450	0.002892	0.000184
2.580000	3.328200	0.002755	0.000175
2.590000	3.354050	0.002623	0.000167
2.600000	3.380000	0.002498	0.000159
2.610000	3.406050	0.002378	0.000151
2.620000	3.432200	0.002263	0.000143
2.630000	3.458450	0.002153	0.000136
2.640000	3.484800	0.002048	0.000129
2.650000	3.511250	0.001948	0.000123
2.660000	3.537800	0.001852	0.000116
2.670000	3.564450	0.001760	0.000110
2.680000	3.591200	0.001673	0.000105
2.690000	3.618050	0.001590	0.000099
2.700000	3.645000	0.001510	0.000094
2.710000	3.672050	0.001434	0.000089
2.720000	3.699200	0.001362	0.000084
2.730000	3.726450	0.001292	0.000080
2.740000	3.753800	0.001226	0.000076
2.750000	3.781250	0.001164	0.000072
2.760000	3.808800	0.001104	0.000068
2.770000	3.836450	0.001046	0.000064
2.780000	3.864200	0.000992	0.000060
2.790000	3.892050	0.000940	0.000057
2.800000	3.920000	0.000891	0.000054
2.810000	3.948050	0.000844	0.000051
2.820000	3.976200	0.000799	0.000048
2.830000	4.004450	0.000757	0.000046
2.840000	4.032800	0.000716	0.000043
2.850000	4.061250	0.000678	0.000041
2.860000	4.089800	0.000641	0.000038
2.870000	4.118450	0.000607	0.000036
2.880000	4.147200	0.000574	0.000034
2.890000	4.176050	0.000542	0.000032
2.900000	4.205000	0.000513	0.000030
2.910000	4.234050	0.000485	0.000029
2.920000	4.263200	0.000458	0.000027
2.930000	4.292450	0.000433	0.000026
2.940000	4.321800	0.000409	0.000024
2.950000	4.351250	0.000386	0.000023
2.960000	4.380800	0.000365	0.000022
2.970000	4.410450	0.000344	0.000020
2.980000	4.440200	0.000325	0.000019
2.990000	4.470050	0.000307	0.000018
3.000000	4.500000	0.000290	0.000017
