# x	potential	default	random
-3.000000	4.500000	1.486138	1.398300
-2.990000	4.470050	1.486172	1.398367
-2.980000	4.440200	1.486209	1.398437
-2.970000	4.410450	1.486247	1.398511
-2.960000	4.380800	1.486287	1.398588
-2.950000	4.351250	1.486329	1.398670
-2.940000	4.321800	1.486373	1.398756
-2.930000	4.292450	1.486420	1.398847
-2.920000	4.263200	1.486469	1.398942
-2.910000	4.234050	1.486520	1.399043
-2.900000	4.205000	1.486575	1.399149
-2.890000	4.176050	1.486632	1.399261
-2.880000	4.147200	1.486692	1.399379
-2.870000	4.118450	1.486756	1.399504
-2.860000	4.089800	1.486822	1.399635
-2.850000	4.061250	1.486893	1.399773
-2.840000	4.032800	1.486967	1.399918
-2.830000	4.004450	1.487045	1.400072
-2.820000	3.976200	1.487128	1.400233
-2.810000	3.948050	1.487214	1.400403
-2.800000	3.920000	1.487306	1.400583
-2.790000	3.892050	1.487402	1.400771
-2.780000	3.864200	1.487504	1.400970
-2.770000	3.836450	1.487611	1.401179
-2.760000	3.808800	1.487723	1.401399
-2.750000	3.781250	1.487842	1.401630
-2.740000	3.753800	1.487966	1.401874
-2.730000	3.726450	1.488098	1.402130
-2.720000	3.699200	1.488236	1.402399
-2.710000	3.672050	1.488381	1.402682
-2.700000	3.645000	1.488534	1.402979
-2.690000	3.618050	1.488695	1.403291
-2.680000	3.591200	1.488864	1.403618
-2.670000	3.564450	1.489041	1.403962
-2.660000	3.537800	1.489228	1.404322
-2.650000	3.511250	1.489424	1.404700
-2.640000	3.484800	1.489629	1.405097
-2.630000	3.458450	1.489845	1.405512
-2.620000	3.432200	1.490071	1.405947
-2.610000	3.406050	1.490308	1.406402
-2.600000	3.380000	1.490556	1.406879
-2.590000	3.354050	1.490816	1.407377
-2.580000	3.328200	1.491089	1.407899
-2.570000	3.302450	1.491374	1.408443
-2.560000	3.276800	1.491672	1.409013
-2.550000	3.251250	1.491984	1.409607
-2.540000	3.225800	1.492310	1.410227
-2.530000	3.200450	1.492650	1.410874
-2.520000	3.175200	1.493006	1.411549
-2.510000	3.150050	1.493377	1.412253
-2.500000	3.125000	1.493763	1.412986
-2.490000	3.100050	1.494167	1.413749
-2.480000	3.075200	1.494587	1.414543
-2.470000	3.050450	1.495024	1.415370
-2.460000	3.025800	1.495480	1.416229
-2.450000	3.001250	1.495953	1.417122
-2.440000	2.976800	1.496446	1.418050
-2.430000	2.952450	1.496958	1.419013
-2.420000	2.928200	1.497489	1.420013
-2.410000	2.904050	1.498041	1.421051
-2.400000	2.880000	1.498613	1.422126
-2.390000	2.856050	1.499207	1.423241
-2.380000	2.832200	1.499822	1.424396
-2.370000	2.808450	1.500459	1.425592
-2.360000	2.784800	1.501119	1.426829
-2.350000	2.761250	1.501802	1.428110
-2.340000	2.737800	1.502508	1.429433
-2.330000	2.714450	1.503237	1.430801
-2.320000	2.691200	1.503991	1.432215
-2.310000	2.668050	1.504769	1.433674
-2.300000	2.645000	1.505572	1.435180
-2.290000	2.622050	1.506400	1.436734
-2.280000	2.599200	1.507254	1.438336
-2.270000	2.576450	1.508134	1.439987
-2.260000	2.553800	1.509040	1.441689
-2.250000	2.531250	1.509973	1.443441
-2.240000	2.508800	1.510932	1.445244
-2.230000	2.486450	1.511919	1.447100
-2.220000	2.464200	1.512932	1.449009
-2.210000	2.442050	1.513974	1.450972
-2.200000	2.420000	1.515043	1.452989
-2.190000	2.398050	1.516141	1.455061
-2.180000	2.376200	1.517267	1.457189
-2.170000	2.354450	1.518421	1.459374
-2.160000	2.332800	1.519604	1.461615
-2.150000	2.311250	1.520816	1.463914
-2.140000	2.289800	1.522057	1.466272
-2.130000	2.268450	1.523327	1.468689
-2.120000	2.247200	1.524627	1.471165
-2.110000	2.226050	1.525956	1.473701
-2.100000	2.205000	1.527315	1.476298
-2.090000	2.184050	1.528703	1.478957
-2.080000	2.163200	1.530121	1.481677
-2.070000	2.142450	1.531569	1.484460
-2.060000	2.121800	1.533047	1.487305
-2.050000	2.101250	1.534556	1.490215
-2.040000	2.080800	1.536094	1.493188
-2.030000	2.060450	1.537663	1.496226
-2.020000	2.040200	1.539262	1.499329
-2.010000	2.020050	1.540891	1.502498
-2.000000	2.000000	1.542551	1.505733
-1.990000	1.980050	1.544241	1.509035
-1.980000	1.960200	1.545962	1.512404
-1.970000	1.940450	1.547714	1.515840
-1.960000	1.920800	1.549496	1.519344
-1.950000	1.901250	1.551310	1.522917
-1.940000	1.881800	1.553154	1.526560
-1.930000	1.862450	1.555030	1.530271
-1.920000	1.843200	1.556936	1.534053
-1.910000	1.824050	1.558874	1.537905
-1.900000	1.805000	1.560843	1.541828
-1.890000	1.786050	1.562844	1.545822
-1.880000	1.767200	1.564876	1.549889
-1.870000	1.748450	1.566940	1.554027
-1.860000	1.729800	1.569036	1.558238
-1.850000	1.711250	1.571164	1.562522
-1.840000	1.692800	1.573324	1.566879
-1.830000	1.674450	1.575517	1.571310
-1.820000	1.656200	1.577742	1.575815
-1.810000	1.638050	1.580000	1.580395
-1.800000	1.620000	1.582290	1.585049
-1.790000	1.602050	1.584615	1.589779
-1.780000	1.584200	1.586972	1.594584
-1.770000	1.566450	1.589363	1.599464
-1.760000	1.548800	1.591788	1.604420
-1.750000	1.531250	1.594247	1.609452
-1.740000	1.513800	1.596740	1.614559
-1.730000	1.496450	1.599268	1.619743
-1.720000	1.479200	1.601830	1.625003
-1.710000	1.462050	1.604428	1.630339
-1.700000	1.445000	1.607060	1.635752
-1.690000	1.428050	1.609729	1.641240
-1.680000	1.411200	1.612433	1.646803
-1.670000	1.394450	1.615173	1.652443
-1.660000	1.377800	1.617949	1.658157
-1.650000	1.361250	1.620761	1.663946
-1.640000	1.344800	1.623610	1.669809
-1.630000	1.328450	1.626495	1.675746
-1.620000	1.312200	1.629417	1.681755
-1.610000	1.296050	1.632376	1.687837
-1.600000	1.280000	1.635372	1.693990
-1.590000	1.264050	1.638405	1.700213
-1.580000	1.248200	1.641475	1.706506
-1.570000	1.232450	1.644582	1.712866
-1.560000	1.216800	1.647726	1.719292
-1.550000	1.201250	1.650906	1.725784
-1.540000	1.185800	1.654124	1.732339
-1.530000	1.170450	1.657377	1.738956
-1.520000	1.155200	1.660667	1.745632
-1.510000	1.140050	1.663993	1.752365
-1.500000	1.125000	1.667353	1.759154
-1.490000	1.110050	1.670749	1.765996
-1.480000	1.095200	1.674179	1.772888
-1.470000	1.080450	1.677643	1.779827
-1.460000	1.065800	1.681140	1.786811
-1.450000	1.051250	1.684669	1.793836
-1.440000	1.036800	1.688230	1.800899
-1.430000	1.022450	1.691821	1.807997
-1.420000	1.008200	1.695441	1.815125
-1.410000	0.994050	1.699089	1.822280
-1.400000	0.980000	1.702765	1.829458
-1.390000	0.966050	1.706465	1.836654
-1.380000	0.952200	1.710190	1.843864
-1.370000	0.938450	1.713937	1.851083
-1.360000	0.924800	1.717705	1.858306
-1.350000	0.911250	1.721492	1.865528
-1.340000	0.897800	1.725295	1.872743
-1.330000	0.884450	1.729113	1.879947
-1.320000	0.871200	1.732944	1.887133
-1.310000	0.858050	1.736786	1.894295
-1.300000	0.845000	1.740635	1.901427
-1.290000	0.832050	1.744489	1.908523
-1.280000	0.819200	1.748346	1.915576
-1.270000	0.806450	1.752203	1.922580
-1.260000	0.793800	1.756056	1.929528
-1.250000	0.781250	1.759904	1.936413
-1.240000	0.768800	1.763741	1.943227
-1.230000	0.756450	1.767566	1.949963
-1.220000	0.744200	1.771375	1.956614
-1.210000	0.732050	1.775164	1.963172
-1.200000	0.720000	1.778930	1.969630
-1.190000	0.708050	1.782668	1.975979
-1.180000	0.696200	1.786376	1.982212
-1.170000	0.684450	1.790048	1.988321
-1.160000	0.672800	1.793682	1.994298
-1.150000	0.661250	1.797273	2.000135
-1.140000	0.649800	1.800816	2.005824
-1.130000	0.638450	1.804308	2.011357
-1.120000	0.627201	1.807744	2.016725
-1.110000	0.616051	1.811119	2.021922
-1.100000	0.605001	1.814431	2.026938
-1.090000	0.594051	1.817673	2.031766
-1.080000	0.583202	1.820842	2.036399
-1.070000	0.572452	1.823932	2.040828
-1.060000	0.561803	1.826941	2.045046
-1.050000	0.551254	1.829863	2.049046
-1.040000	0.540805	1.832693	2.052820
-1.030000	0.530457	1.835428	2.056362
-1.020000	0.520209	1.838063	2.059665
-1.010000	0.510062	1.840594	2.062722
-1.000000	0.500015	1.843017	2.065526
-0.990000	0.490069	1.845327	2.068073
-0.980000	0.480224	1.847521	2.070356
-0.970000	0.470481	1.849594	2.072369
-0.960000	0.460840	1.851543	2.074109
-0.950000	0.451300	1.853365	2.075569
-0.940000	0.441864	1.855056	2.076747
-0.930000	0.432530	1.856612	2.077637
-0.920000	0.423301	1.858030	2.078237
-0.910000	0.414177	1.859309	2.078542
-0.900000	0.405160	1.860444	2.078552
-0.890000	0.396250	1.861433	2.078263
-0.880000	0.387449	1.862275	2.077674
-0.870000	0.378760	1.862967	2.076784
-0.860000	0.370185	1.863507	2.075591
-0.850000	0.361727	1.863894	2.074096
-0.840000	0.353389	1.864126	2.072299
-0.830000	0.345176	1.864203	2.070200
-0.820000	0.337093	1.864124	2.067801
-0.810000	0.329144	1.863888	2.065104
-0.800000	0.321338	1.863496	2.062111
-0.790000	0.313683	1.862947	2.058824
-0.780000	0.306187	1.862242	2.055248
-0.770000	0.298861	1.861381	2.051386
-0.760000	0.291719	1.860367	2.047242
-0.750000	0.284776	1.859199	2.042821
-0.740000	0.278048	1.857881	2.038128
-0.730000	0.271555	1.856413	2.033170
-0.720000	0.265319	1.854798	2.027953
-0.710000	0.259367	1.853038	2.022482
-0.700000	0.253727	1.851138	2.016767
-0.690000	0.248433	1.849098	2.010813
-0.680000	0.243522	1.846924	2.004629
-0.670000	0.239037	1.844619	1.998223
-0.660000	0.235026	1.842186	1.991605
-0.650000	0.231540	1.839630	1.984783
-0.640000	0.228641	1.836955	1.977766
-0.630000	0.226393	1.834166	1.970564
-0.620000	0.224868	1.831268	1.963188
-0.610000	0.224148	1.828266	1.955647
-0.600000	0.224318	1.825165	1.947951
-0.590000	0.225476	1.821971	1.940112
-0.580000	0.227725	1.818689	1.932140
-0.570000	0.231178	1.815325	1.924045
-0.560000	0.235955	1.811885	1.915840
-0.550000	0.242186	1.808374	1.907534
-0.540000	0.250009	1.804800	1.899140
-0.530000	0.259572	1.801168	1.890667
-0.520000	0.271030	1.797484	1.882128
-0.510000	0.284543	1.793755	1.873533
-0.500000	0.300283	1.789986	1.864894
-0.490000	0.318424	1.786185	1.856221
-0.480000	0.339145	1.782358	1.847524
-0.470000	0.362632	1.778511	1.838816
-0.460000	0.389070	1.774649	1.830106
-0.450000	0.418647	1.770781	1.821404
-0.440000	0.451546	1.766910	1.812720
-0.430000	0.487950	1.763045	1.804066
-0.420000	0.528036	1.759190	1.795449
-0.410000	0.571970	1.755352	1.786879
-0.400000	0.619910	1.751536	1.778365
-0.390000	0.671997	1.747748	1.769917
-0.380000	0.728358	1.743993	1.761542
-0.370000	0.789099	1.740278	1.753248
-0.360000	0.854302	1.736606	1.745043
-0.350000	0.924023	1.732984	1.736935
-0.340000	0.998291	1.729416	1.728929
-0.330000	1.077099	1.725906	1.721034
-0.320000	1.160408	1.722460	1.713254
-0.310000	1.248140	1.719081	1.705597
-0.300000	1.340176	1.715774	1.698066
-0.290000	1.436356	1.712543	1.690667
-0.280000	1.536475	1.709392	1.683405
-0.270000	1.640283	1.706323	1.676284
-0.260000	1.747486	1.703341	1.669308
-0.250000	1.857741	1.700449	1.662479
-0.240000	1.970661	1.697650	1.655802
-0.230000	2.085813	1.694946	1.649278
-0.220000	2.202722	1.692341	1.642910
-0.210000	2.320871	1.689836	1.636700
-0.200000	2.439707	1.687435	1.630650
-0.190000	2.558641	1.685139	1.624760
-0.180000	2.677052	1.682950	1.619031
-0.170000	2.794299	1.680870	1.613465
-0.160000	2.909716	1.678901	1.608061
-0.150000	3.022624	1.677045	1.602819
-0.140000	3.132339	1.675302	1.597740
-0.130000	3.238174	1.673674	1.592821
-0.120000	3.339446	1.672163	1.588064
-0.110000	3.435489	1.670769	1.583465
-0.100000	3.525653	1.669494	1.579025
-0.090000	3.609320	1.668337	1.574742
-0.080000	3.685901	1.667300	1.570614
-0.070000	3.754853	1.666384	1.566639
-0.060000	3.815678	1.665589	1.562815
-0.050000	3.867931	1.664916	1.559140
-0.040000	3.911227	1.664364	1.555612
-0.030000	3.945243	1.663935	1.552228
-0.020000	3.969725	1.663628	1.548986
-0.010000	3.984489	1.663444	1.545882
-0.000000	3.989423	1.663382	1.542916
0.010000	3.984489	1.663444	1.540082
0.020000	3.969725	1.663628	1.537380
0.030000	3.945243	1.663935	1.534805
0.040000	3.911227	1.664364	1.532355
0.050000	3.867931	1.664916	1.530026
0.060000	3.815678	1.665589	1.527817
0.070000	3.754853	1.666384	1.525723
0.080000	3.685901	1.667300	1.523742
0.090000	3.609320	1.668337	1.521871
0.100000	3.525653	1.669494	1.520106
0.110000	3.435489	1.670769	1.518444
0.120000	3.339446	1.672163	1.516883
0.130000	3.238174	1.673674	1.515419
0.140000	3.132339	1.675302	1.514049
0.150000	3.022624	1.677045	1.512771
0.160000	2.909716	1.678901	1.511581
0.170000	2.794299	1.680870	1.510476
0.180000	2.677052	1.682950	1.509453
0.190000	2.558641	1.685139	1.508509
0.200000	2.439707	1.687435	1.507642
0.210000	2.320871	1.689836	1.506848
0.220000	2.202722	1.692341	1.506124
0.230000	2.085813	1.694946	1.505468
0.240000	1.970661	1.697650	1.504876
0.250000	1.857741	1.700449	1.504346
0.260000	1.747486	1.703341	1.503875
0.270000	1.640283	1.706323	1.503460
0.280000	1.536475	1.709392	1.503099
0.290000	1.436356	1.712543	1.502787
0.300000	1.340176	1.715774	1.502524
0.310000	1.248140	1.719081	1.502305
0.320000	1.160408	1.722460	1.502128
0.330000	1.077099	1.725906	1.501991
0.340000	0.998291	1.729416	1.501890
0.350000	0.924023	1.732984	1.501822
0.360000	0.854302	1.736606	1.501786
0.370000	0.789099	1.740278	1.501778
0.380000	0.728358	1.743993	1.501796
0.390000	0.671997	1.747748	1.501837
0.400000	0.619910	1.751536	1.501898
0.410000	0.571970	1.755352	1.501977
0.420000	0.528036	1.759190	1.502071
0.430000	0.487950	1.763045	1.502178
0.440000	0.451546	1.766910	1.502294
0.450000	0.418647	1.770781	1.502418
0.460000	0.389070	1.774649	1.502547
0.470000	0.362632	1.778511	1.502678
0.480000	0.339145	1.782358	1.502810
0.490000	0.318424	1.786185	1.502939
0.500000	0.300283	1.789986	1.503063
0.510000	0.284543	1.793755	1.503181
0.520000	0.271030	1.797484	1.503290
0.530000	0.259572	1.801168	1.503388
0.540000	0.250009	1.804800	1.503472
0.550000	0.242186	1.808374	1.503542
0.560000	0.235955	1.811885	1.503594
0.570000	0.231178	1.815325	1.503627
0.580000	0.227725	1.818689	1.503640
0.590000	0.225476	1.821971	1.503631
0.600000	0.224318	1.825165	1.503597
0.610000	0.224148	1.828266	1.503538
0.620000	0.224868	1.831268	1.503453
0.630000	0.226393	1.834166	1.503339
0.640000	0.228641	1.836955	1.503196
0.650000	0.231540	1.839630	1.503023
0.660000	0.235026	1.842186	1.502819
0.670000	0.239037	1.844619	1.502583
0.680000	0.243522	1.846924	1.502314
0.690000	0.248433	1.849098	1.502011
0.700000	0.253727	1.851138	1.501674
0.710000	0.259367	1.853038	1.501303
0.720000	0.265319	1.854798	1.500897
0.730000	0.271555	1.856413	1.500456
0.740000	0.278048	1.857881	1.499981
0.750000	0.284776	1.859199	1.499470
0.760000	0.291719	1.860367	1.498924
0.770000	0.298861	1.861381	1.498343
0.780000	0.306187	1.862242	1.497729
0.790000	0.313683	1.862947	1.497080
0.800000	0.321338	1.863496	1.496397
0.810000	0.329144	1.863888	1.495682
0.820000	0.337093	1.864124	1.494935
0.830000	0.345176	1.864203	1.494156
0.840000	0.353389	1.864126	1.493346
0.850000	0.361727	1.863894	1.492507
0.860000	0.370185	1.863507	1.491639
0.870000	0.378760	1.862967	1.490744
0.880000	0.387449	1.862275	1.489822
0.890000	0.396250	1.861433	1.488874
0.900000	0.405160	1.860444	1.487903
0.910000	0.414177	1.859309	1.486908
0.920000	0.423301	1.858030	1.485892
0.930000	0.432530	1.856612	1.484855
0.940000	0.441864	1.855056	1.483800
0.950000	0.451300	1.853365	1.482727
0.960000	0.460840	1.851543	1.481637
0.970000	0.470481	1.849594	1.480533
0.980000	0.480224	1.847521	1.479415
0.990000	0.490069	1.845327	1.478285
1.000000	0.500015	1.843017	1.477145
1.010000	0.510062	1.840594	1.475995
1.020000	0.520209	1.838063	1.474838
1.030000	0.530457	1.835428	1.473674
1.040000	0.540805	1.832693	1.472504
1.050000	0.551254	1.829863	1.471331
1.060000	0.561803	1.826941	1.470156
1.070000	0.572452	1.823932	1.468979
1.080000	0.583202	1.820842	1.467802
1.090000	0.594051	1.817673	1.466626
1.100000	0.605001	1.814431	1.465453
1.110000	0.616051	1.811119	1.464283
1.120000	0.627201	1.807744	1.463117
1.130000	0.638450	1.804308	1.461957
1.140000	0.649800	1.800816	1.460803
1.150000	0.661250	1.797273	1.459657
1.160000	0.672800	1.793682	1.458520
1.170000	0.684450	1.790048	1.457391
1.180000	0.696200	1.786376	1.456273
1.190000	0.708050	1.782668	1.455165
1.200000	0.720000	1.778930	1.454068
1.210000	0.732050	1.775164	1.452984
1.220000	0.744200	1.771375	1.451912
1.230000	0.756450	1.767566	1.450853
1.240000	0.768800	1.763741	1.449808
1.250000	0.781250	1.759904	1.448777
1.260000	0.793800	1.756056	1.447761
1.270000	0.806450	1.752203	1.446759
1.280000	0.819200	1.748346	1.445773
1.290000	0.832050	1.744489	1.444801
1.300000	0.845000	1.740635	1.443846
1.310000	0.858050	1.736786	1.442906
1.320000	0.871200	1.732944	1.441982
1.330000	0.884450	1.729113	1.441074
1.340000	0.897800	1.725295	1.440182
1.350000	0.911250	1.721492	1.439307
1.360000	0.924800	1.717705	1.438447
1.370000	0.938450	1.713937	1.437603
1.380000	0.952200	1.710190	1.436775
1.390000	0.966050	1.706465	1.435963
1.400000	0.980000	1.702765	1.435167
1.410000	0.994050	1.699089	1.434386
1.420000	1.008200	1.695441	1.433621
1.430000	1.022450	1.691821	1.432871
1.440000	1.036800	1.688230	1.432136
1.450000	1.051250	1.684669	1.431415
1.460000	1.065800	1.681140	1.430709
1.470000	1.080450	1.677643	1.430017
1.480000	1.095200	1.674179	1.429340
1.490000	1.110050	1.670749	1.428676
1.500000	1.125000	1.667353	1.428025
1.510000	1.140050	1.663993	1.427387
1.520000	1.155200	1.660667	1.426762
1.530000	1.170450	1.657377	1.426150
1.540000	1.185800	1.654124	1.425550
1.550000	1.201250	1.650906	1.424961
1.560000	1.216800	1.647726	1.424384
1.570000	1.232450	1.644582	1.423818
1.580000	1.248200	1.641475	1.423263
1.590000	1.264050	1.638405	1.422719
1.600000	1.280000	1.635372	1.422185
1.610000	1.296050	1.632376	1.421660
1.620000	1.312200	1.629417	1.421145
1.630000	1.328450	1.626495	1.420640
1.640000	1.344800	1.623610	1.420143
1.650000	1.361250	1.620761	1.419655
1.660000	1.377800	1.617949	1.419175
1.670000	1.394450	1.615173	1.418704
1.680000	1.411200	1.612433	1.418240
1.690000	1.428050	1.609729	1.417784
1.700000	1.445000	1.607060	1.417335
1.710000	1.462050	1.604428	1.416894
1.720000	1.479200	1.601830	1.416459
1.730000	1.496450	1.599268	1.416031
1.740000	1.513800	1.596740	1.415609
1.750000	1.531250	1.594247	1.415193
1.760000	1.548800	1.591788	1.414784
1.770000	1.566450	1.589363	1.414380
1.780000	1.584200	1.586972	1.413982
1.790000	1.602050	1.584615	1.413590
1.800000	1.620000	1.582290	1.413203
1.810000	1.638050	1.580000	1.412821
1.820000	1.656200	1.577742	1.412445
1.830000	1.674450	1.575517	1.412073
1.840000	1.692800	1.573324	1.411707
1.850000	1.711250	1.571164	1.411345
1.860000	1.729800	1.569036	1.410989
1.870000	1.748450	1.566940	1.410637
1.880000	1.767200	1.564876	1.410289
1.890000	1.786050	1.562844	1.409947
1.900000	1.805000	1.560843	1.409609
1.910000	1.824050	1.558874	1.409275
1.920000	1.843200	1.556936	1.408946
1.930000	1.862450	1.555030	1.408622
1.940000	1.881800	1.553154	1.408302
1.950000	1.901250	1.551310	1.407987
1.960000	1.920800	1.549496	1.407676
1.970000	1.940450	1.547714	1.407370
1.980000	1.960200	1.545962	1.407068
1.990000	1.980050	1.544241	1.406771
2.000000	2.000000	1.542551	1.406479
2.010000	2.020050	1.540891	1.406191
2.020000	2.040200	1.539262	1.405908
2.030000	2.060450	1.537663	1.405630
2.040000	2.080800	1.536094	1.405356
2.050000	2.101250	1.534556	1.405088
2.060000	2.121800	1.533047	1.404824
2.070000	2.142450	1.531569	1.404565
2.080000	2.163200	1.530121	1.404311
2.090000	2.184050	1.528703	1.404062
2.100000	2.205000	1.527315	1.403817
2.110000	2.226050	1.525956	1.403578
2.120000	2.247200	1.524627	1.403344
2.130000	2.268450	1.523327	1.403115
2.140000	2.289800	1.522057	1.402891
2.150000	2.311250	1.520816	1.402672
2.160000	2.332800	1.519604	1.402458
2.170000	2.354450	1.518421	1.402250
2.180000	2.376200	1.517267	1.402046
2.190000	2.398050	1.516141	1.401848
2.200000	2.420000	1.515043	1.401655
2.210000	2.442050	1.513974	1.401467
2.220000	2.464200	1.512932	1.401284
2.230000	2.486450	1.511919	1.401106
2.240000	2.508800	1.510932	1.400933
2.250000	2.531250	1.509973	1.400766
2.260000	2.553800	1.509040	1.400603
2.270000	2.576450	1.508134	1.400446
2.280000	2.599200	1.507254	1.400293
2.290000	2.622050	1.506400	1.400145
2.300000	2.645000	1.505572	1.400003
2.310000	2.668050	1.504769	1.399865
2.320000	2.691200	1.503991	1.399731
2.330000	2.714450	1.503237	1.399603
2.340000	2.737800	1.502508	1.399479
2.350000	2.761250	1.501802	1.399359
2.360000	2.784800	1.501119	1.399245
2.370000	2.808450	1.500459	1.399134
2.380000	2.832200	1.499822	1.399028
2.390000	2.856050	1.499207	1.398926
2.400000	2.880000	1.498613	1.398828
2.410000	2.904050	1.498041	1.398734
2.420000	2.928200	1.497489	1.398644
2.430000	2.952450	1.496958	1.398557
2.440000	2.976800	1.496446	1.398475
2.450000	3.001250	1.495953	1.398396
2.460000	3.025800	1.495480	1.398321
2.470000	3.050450	1.495024	1.398249
2.480000	3.075200	1.494587	1.398180
2.490000	3.100050	1.494167	1.398114
2.500000	3.125000	1.493763	1.398052
2.510000	3.150050	1.493377	1.397993
2.520000	3.175200	1.493006	1.397936
2.530000	3.200450	1.492650	1.397882
2.540000	3.225800	1.492310	1.397831
2.550000	3.251250	1.491984	1.397783
2.560000	3.276800	1.491672	1.397737
2.570000	3.302450	1.491374	1.397693
2.580000	3.328200	1.491089	1.397652
2.590000	3.354050	1.490816	1.397613
2.600000	3.380000	1.490556	1.397576
2.610000	3.406050	1.490308	1.397541
2.620000	3.432200	1.490071	1.397507
2.630000	3.458450	1.489845	1.397476
2.640000	3.484800	1.489629	1.397446
2.650000	3.511250	1.489424	1.397418
2.660000	3.537800	1.489228	1.397392
2.670000	3.564450	1.489041	1.397367
2.680000	3.591200	1.488864	1.397344
2.690000	3.618050	1.488695	1.397321
2.700000	3.645000	1.488534	1.397301
2.710000	3.672050	1.488381	1.397281
2.720000	3.699200	1.488236	1.397262
2.730000	3.726450	1.488098	1.397245
2.740000	3.753800	1.487966	1.397228
2.750000	3.781250	1.487842	1.397213
2.760000	3.808800	1.487723	1.397198
2.770000	3.836450	1.487611	1.397185
2.780000	3.864200	1.487504	1.397172
2.790000	3.892050	1.487402	1.397159
2.800000	3.920000	1.487306	1.397148
2.810000	3.948050	1.487214	1.397137
2.820000	3.976200	1.487128	1.397127
2.830000	4.004450	1.487045	1.397117
2.840000	4.032800	1.486967	1.397108
2.850000	4.061250	1.486893	1.397100
2.860000	4.089800	1.486822	1.397092
2.870000	4.118450	1.486756	1.397084
2.880000	4.147200	1.486692	1.397077
2.890000	4.176050	1.486632	1.397070
2.900000	4.205000	1.486575	1.397064
2.910000	4.234050	1.486520	1.397058
2.920000	4.263200	1.486469	1.397052
2.930000	4.292450	1.486420	1.397047
2.940000	4.321800	1.486373	1.397042
2.950000	4.351250	1.486329	1.397037
2.960000	4.380800	1.486287	1.397032
2.970000	4.410450	1.486247	1.397028
2.980000	4.440200	1.486209	1.397024
2.990000	4.470050	1.486172	1.397019
3.000000	4.500000	1.486138	1.397016
# x	potential	default	random
-3.000000	4.500000	2.232630	2.090677
-2.990000	4.470050	2.232730	2.090863
-2.980000	4.440200	2.232834	2.091058
-2.970000	4.410450	2.232942	2.091262
-2.960000	4.380800	2.233056	2.091475
-2.950000	4.351250	2.233174	2.091698
-2.940000	4.321800	2.233297	2.091930
-2.930000	4.292450	2.233425	2.092174
-2.920000	4.263200	2.233560	2.092428
-2.910000	4.234050	2.233699	2.092694
-2.900000	4.205000	2.233845	2.092972
-2.890000	4.176050	2.233998	2.093262
-2.880000	4.147200	2.234157	2.093566
-2.870000	4.118450	2.234322	2.093883
-2.860000	4.089800	2.234495	2.094214
-2.850000	4.061250	2.234676	2.094560
-2.840000	4.032800	2.234865	2.094922
-2.830000	4.004450	2.235061	2.095300
-2.820000	3.976200	2.235266	2.095694
-2.810000	3.948050	2.235480	2.096106
-2.800000	3.920000	2.235704	2.096536
-2.790000	3.892050	2.235937	2.096985
-2.780000	3.864200	2.236180	2.097453
-2.770000	3.836450	2.236433	2.097942
-2.760000	3.808800	2.236697	2.098452
-2.750000	3.781250	2.236972	2.098983
-2.740000	3.753800	2.237259	2.099537
-2.730000	3.726450	2.237558	2.100115
-2.720000	3.699200	2.237870	2.100717
-2.710000	3.672050	2.238194	2.101344
-2.700000	3.645000	2.238532	2.101997
-2.690000	3.618050	2.238883	2.102677
-2.680000	3.591200	2.239249	2.103385
-2.670000	3.564450	2.239630	2.104121
-2.660000	3.537800	2.240026	2.104887
-2.650000	3.511250	2.240438	2.105684
-2.640000	3.484800	2.240866	2.106512
-2.630000	3.458450	2.241310	2.107372
-2.620000	3.432200	2.241772	2.108265
-2.610000	3.406050	2.242252	2.109193
-2.600000	3.380000	2.242750	2.110156
-2.590000	3.354050	2.243266	2.111156
-2.580000	3.328200	2.243802	2.112192
-2.570000	3.302450	2.244358	2.113266
-2.560000	3.276800	2.244933	2.114380
-2.550000	3.251250	2.245530	2.115533
-2.540000	3.225800	2.246147	2.116727
-2.530000	3.200450	2.246786	2.117964
-2.520000	3.175200	2.247448	2.119243
-2.510000	3.150050	2.248132	2.120565
-2.500000	3.125000	2.248839	2.121933
-2.490000	3.100050	2.249569	2.123346
-2.480000	3.075200	2.250323	2.124805
-2.470000	3.050450	2.251102	2.126312
-2.460000	3.025800	2.251906	2.127866
-2.450000	3.001250	2.252734	2.129470
-2.440000	2.976800	2.253588	2.131123
-2.430000	2.952450	2.254468	2.132827
-2.420000	2.928200	2.255375	2.134583
-2.410000	2.904050	2.256307	2.136390
-2.400000	2.880000	2.257267	2.138250
-2.390000	2.856050	2.258254	2.140163
-2.380000	2.832200	2.259268	2.142130
-2.370000	2.808450	2.260309	2.144152
-2.360000	2.784800	2.261379	2.146229
-2.350000	2.761250	2.262476	2.148362
-2.340000	2.737800	2.263602	2.150551
-2.330000	2.714450	2.264756	2.152797
-2.320000	2.691200	2.265938	2.155099
-2.310000	2.668050	2.267149	2.157459
-2.300000	2.645000	2.268389	2.159877
-2.290000	2.622050	2.269657	2.162353
-2.280000	2.599200	2.270953	2.164887
-2.270000	2.576450	2.272278	2.167480
-2.260000	2.553800	2.273632	2.170131
-2.250000	2.531250	2.275014	2.172842
-2.240000	2.508800	2.276424	2.175611
-2.230000	2.486450	2.277862	2.178439
-2.220000	2.464200	2.279328	2.181325
-2.210000	2.442050	2.280822	2.184271
-2.200000	2.420000	2.282344	2.187276
-2.190000	2.398050	2.283893	2.190339
-2.180000	2.376200	2.285468	2.193460
-2.170000	2.354450	2.287071	2.196640
-2.160000	2.332800	2.288699	2.199877
-2.150000	2.311250	2.290354	2.203173
-2.140000	2.289800	2.292035	2.206525
-2.130000	2.268450	2.293740	2.209935
-2.120000	2.247200	2.295471	2.213401
-2.110000	2.226050	2.297226	2.216923
-2.100000	2.205000	2.299005	2.220501
-2.090000	2.184050	2.300807	2.224134
-2.080000	2.163200	2.302632	2.227821
-2.070000	2.142450	2.304480	2.231563
-2.060000	2.121800	2.306350	2.235357
-2.050000	2.101250	2.308242	2.239205
-2.040000	2.080800	2.310154	2.243105
-2.030000	2.060450	2.312087	2.247056
-2.020000	2.040200	2.314040	2.251058
-2.010000	2.020050	2.316013	2.255111
-2.000000	2.000000	2.318004	2.259212
-1.990000	1.980050	2.320014	2.263363
-1.980000	1.960200	2.322042	2.267561
-1.970000	1.940450	2.324087	2.271807
-1.960000	1.920800	2.326149	2.276099
-1.950000	1.901250	2.328228	2.280437
-1.940000	1.881800	2.330323	2.284820
-1.930000	1.862450	2.332433	2.289247
-1.920000	1.843200	2.334558	2.293718
-1.910000	1.824050	2.336697	2.298231
-1.900000	1.805000	2.338851	2.302786
-1.890000	1.786050	2.341018	2.307382
-1.880000	1.767200	2.343199	2.312019
-1.870000	1.748450	2.345393	2.316695
-1.860000	1.729800	2.347599	2.321410
-1.850000	1.711250	2.349818	2.326164
-1.840000	1.692800	2.352049	2.330954
-1.830000	1.674450	2.354291	2.335781
-1.820000	1.656200	2.356545	2.340645
-1.810000	1.638050	2.358810	2.345543
-1.800000	1.620000	2.361086	2.350476
-1.790000	1.602050	2.363372	2.355442
-1.780000	1.584200	2.365670	2.360441
-1.770000	1.566450	2.367978	2.365473
-1.760000	1.548800	2.370296	2.370536
-1.750000	1.531250	2.372624	2.375630
-1.740000	1.513800	2.374963	2.380754
-1.730000	1.496450	2.377312	2.385908
-1.720000	1.479200	2.379670	2.391090
-1.710000	1.462050	2.382039	2.396300
-1.700000	1.445000	2.384418	2.401537
-1.690000	1.428050	2.386807	2.406800
-1.680000	1.411200	2.389206	2.412090
-1.670000	1.394450	2.391615	2.417403
-1.660000	1.377800	2.394035	2.422741
-1.650000	1.361250	2.396464	2.428102
-1.640000	1.344800	2.398904	2.433485
-1.630000	1.328450	2.401354	2.438890
-1.620000	1.312200	2.403815	2.444314
-1.610000	1.296050	2.406286	2.449758
-1.600000	1.280000	2.408768	2.455221
-1.590000	1.264050	2.411260	2.460701
-1.580000	1.248200	2.413763	2.466197
-1.570000	1.232450	2.416277	2.471708
-1.560000	1.216800	2.418802	2.477232
-1.550000	1.201250	2.421337	2.482769
-1.540000	1.185800	2.423883	2.488317
-1.530000	1.170450	2.426439	2.493875
-1.520000	1.155200	2.429006	2.499441
-1.510000	1.140050	2.431584	2.505013
-1.500000	1.125000	2.434172	2.510590
-1.490000	1.110050	2.436770	2.516170
-1.480000	1.095200	2.439378	2.521751
-1.470000	1.080450	2.441996	2.527332
-1.460000	1.065800	2.444624	2.532909
-1.450000	1.051250	2.447260	2.538482
-1.440000	1.036800	2.449905	2.544046
-1.430000	1.022450	2.452558	2.549602
-1.420000	1.008200	2.455219	2.555145
-1.410000	0.994050	2.457887	2.560673
-1.400000	0.980000	2.460562	2.566183
-1.390000	0.966050	2.463242	2.571674
-1.380000	0.952200	2.465927	2.577140
-1.370000	0.938450	2.468616	2.582580
-1.360000	0.924800	2.471308	2.587991
-1.350000	0.911250	2.474003	2.593368
-1.340000	0.897800	2.476698	2.598708
-1.330000	0.884450	2.479393	2.604009
-1.320000	0.871200	2.482087	2.609265
-1.310000	0.858050	2.484778	2.614474
-1.300000	0.845000	2.487465	2.619631
-1.290000	0.832050	2.490146	2.624732
-1.280000	0.819200	2.492819	2.629773
-1.270000	0.806450	2.495484	2.634749
-1.260000	0.793800	2.498138	2.639657
-1.250000	0.781250	2.500779	2.644491
-1.240000	0.768800	2.503405	2.649248
-1.230000	0.756450	2.506015	2.653921
-1.220000	0.744200	2.508606	2.658507
-1.210000	0.732050	2.511176	2.663000
-1.200000	0.720000	2.513722	2.667396
-1.190000	0.708050	2.516243	2.671689
-1.180000	0.696200	2.518736	2.675875
-1.170000	0.684450	2.521198	2.679947
-1.160000	0.672800	2.523627	2.683902
-1.150000	0.661250	2.526021	2.687733
-1.140000	0.649800	2.528375	2.691435
-1.130000	0.638450	2.530689	2.695003
-1.120000	0.627201	2.532958	2.698432
-1.110000	0.616051	2.535181	2.701716
-1.100000	0.605001	2.537354	2.704851
-1.090000	0.594051	2.539474	2.707830
-1.080000	0.583202	2.541539	2.710650
-1.070000	0.572452	2.543545	2.713304
-1.060000	0.561803	2.545489	2.715787
-1.050000	0.551254	2.547369	2.718095
-1.040000	0.540805	2.549182	2.720223
-1.030000	0.530457	2.550924	2.722166
-1.020000	0.520209	2.552594	2.723920
-1.010000	0.510062	2.554187	2.725479
-1.000000	0.500015	2.555701	2.726841
-0.990000	0.490069	2.557133	2.728000
-0.980000	0.480224	2.558482	2.728953
-0.970000	0.470481	2.559742	2.729695
-0.960000	0.460840	2.560914	2.730225
-0.950000	0.451300	2.561993	2.730537
-0.940000	0.441864	2.562977	2.730630
-0.930000	0.432530	2.563865	2.730500
-0.920000	0.423301	2.564654	2.730145
-0.910000	0.414177	2.565341	2.729563
-0.900000	0.405160	2.565926	2.728752
-0.890000	0.396250	2.566406	2.727710
-0.880000	0.387449	2.566779	2.726436
-0.870000	0.378760	2.567045	2.724930
-0.860000	0.370185	2.567202	2.723189
-0.850000	0.361727	2.567248	2.721215
-0.840000	0.353389	2.567183	2.719007
-0.830000	0.345176	2.567006	2.716565
-0.820000	0.337093	2.566716	2.713891
-0.810000	0.329144	2.566313	2.710985
-0.800000	0.321338	2.565798	2.707850
-0.790000	0.313683	2.565169	2.704486
-0.780000	0.306187	2.564427	2.700896
-0.770000	0.298861	2.563573	2.697084
-0.760000	0.291719	2.562607	2.693050
-0.750000	0.284776	2.561530	2.688800
-0.740000	0.278048	2.560343	2.684337
-0.730000	0.271555	2.559048	2.679665
-0.720000	0.265319	2.557645	2.674787
-0.710000	0.259367	2.556138	2.669710
-0.700000	0.253727	2.554526	2.664438
-0.690000	0.248433	2.552814	2.658976
-0.680000	0.243522	2.551003	2.653331
-0.670000	0.239037	2.549095	2.647507
-0.660000	0.235026	2.547094	2.641513
-0.650000	0.231540	2.545002	2.635353
-0.640000	0.228641	2.542823	2.629035
-0.630000	0.226393	2.540559	2.622566
-0.620000	0.224868	2.538215	2.615954
-0.610000	0.224148	2.535793	2.609205
-0.600000	0.224318	2.533297	2.602328
-0.590000	0.225476	2.530732	2.595331
-0.580000	0.227725	2.528102	2.588221
-0.570000	0.231178	2.525410	2.581007
-0.560000	0.235955	2.522660	2.573696
-0.550000	0.242186	2.519858	2.566299
-0.540000	0.250009	2.517008	2.558822
-0.530000	0.259572	2.514113	2.551274
-0.520000	0.271030	2.511179	2.543665
-0.510000	0.284543	2.508210	2.536002
-0.500000	0.300283	2.505212	2.528294
-0.490000	0.318424	2.502187	2.520550
-0.480000	0.339145	2.499143	2.512778
-0.470000	0.362632	2.496082	2.504986
-0.460000	0.389070	2.493009	2.497184
-0.450000	0.418647	2.489931	2.489379
-0.440000	0.451546	2.486850	2.481579
-0.430000	0.487950	2.483772	2.473792
-0.420000	0.528036	2.480701	2.466027
-0.410000	0.571970	2.477642	2.458290
-0.400000	0.619910	2.474599	2.450589
-0.390000	0.671997	2.471576	2.442932
-0.380000	0.728358	2.468579	2.435325
-0.370000	0.789099	2.465610	2.427775
-0.360000	0.854302	2.462675	2.420289
-0.350000	0.924023	2.459777	2.412873
-0.340000	0.998291	2.456920	2.405533
-0.330000	1.077099	2.454107	2.398274
-0.320000	1.160408	2.451343	2.391103
-0.310000	1.248140	2.448631	2.384025
-0.300000	1.340176	2.445974	2.377043
-0.290000	1.436356	2.443376	2.370164
-0.280000	1.536475	2.440840	2.363390
-0.270000	1.640283	2.438368	2.356727
-0.260000	1.747486	2.435963	2.350177
-0.250000	1.857741	2.433629	2.343745
-0.240000	1.970661	2.431368	2.337433
-0.230000	2.085813	2.429182	2.331244
-0.220000	2.202722	2.427074	2.325180
-0.210000	2.320871	2.425046	2.319244
-0.200000	2.439707	2.423099	2.313438
-0.190000	2.558641	2.421236	2.307762
-0.180000	2.677052	2.419459	2.302219
-0.170000	2.794299	2.417769	2.296810
-0.160000	2.909716	2.416168	2.291534
-0.150000	3.022624	2.414657	2.286394
-0.140000	3.132339	2.413238	2.281388
-0.130000	3.238174	2.411911	2.276518
-0.120000	3.339446	2.410679	2.271782
-0.110000	3.435489	2.409542	2.267181
-0.100000	3.525653	2.408500	2.262714
-0.090000	3.609320	2.407555	2.258380
-0.080000	3.685901	2.406708	2.254178
-0.070000	3.754853	2.405959	2.250107
-0.060000	3.815678	2.405309	2.246166
-0.050000	3.867931	2.404758	2.242352
-0.040000	3.911227	2.404306	2.238665
-0.030000	3.945243	2.403955	2.235103
-0.020000	3.969725	2.403704	2.231663
-0.010000	3.984489	2.403553	2.228344
-0.000000	3.989423	2.403503	2.225144
0.010000	3.984489	2.403553	2.222061
0.020000	3.969725	2.403704	2.219091
0.030000	3.945243	2.403955	2.216233
0.040000	3.911227	2.404306	2.213485
0.050000	3.867931	2.404758	2.210844
0.060000	3.815678	2.405309	2.208307
0.070000	3.754853	2.405959	2.205872
0.080000	3.685901	2.406708	2.203536
0.090000	3.609320	2.407555	2.201297
0.100000	3.525653	2.408500	2.199151
0.110000	3.435489	2.409542	2.197097
0.120000	3.339446	2.410679	2.195132
0.130000	3.238174	2.411911	2.193252
0.140000	3.132339	2.413238	2.191456
0.150000	3.022624	2.414657	2.189740
0.160000	2.909716	2.416168	2.188102
0.170000	2.794299	2.417769	2.186539
0.180000	2.677052	2.419459	2.185049
0.190000	2.558641	2.421236	2.183629
0.200000	2.439707	2.423099	2.182276
0.210000	2.320871	2.425046	2.180987
0.220000	2.202722	2.427074	2.179761
0.230000	2.085813	2.429182	2.178595
0.240000	1.970661	2.431368	2.177485
0.250000	1.857741	2.433629	2.176430
0.260000	1.747486	2.435963	2.175428
0.270000	1.640283	2.438368	2.174475
0.280000	1.536475	2.440840	2.173569
0.290000	1.436356	2.443376	2.172708
0.300000	1.340176	2.445974	2.171889
0.310000	1.248140	2.448631	2.171111
0.320000	1.160408	2.451343	2.170371
0.330000	1.077099	2.454107	2.169666
0.340000	0.998291	2.456920	2.168995
0.350000	0.924023	2.459777	2.168356
0.360000	0.854302	2.462675	2.167745
0.370000	0.789099	2.465610	2.167162
0.380000	0.728358	2.468579	2.166603
0.390000	0.671997	2.471576	2.166068
0.400000	0.619910	2.474599	2.165553
0.410000	0.571970	2.477642	2.165057
0.420000	0.528036	2.480701	2.164579
0.430000	0.487950	2.483772	2.164116
0.440000	0.451546	2.486850	2.163666
0.450000	0.418647	2.489931	2.163228
0.460000	0.389070	2.493009	2.162800
0.470000	0.362632	2.496082	2.162380
0.480000	0.339145	2.499143	2.161966
0.490000	0.318424	2.502187	2.161558
0.500000	0.300283	2.505212	2.161153
0.510000	0.284543	2.508210	2.160750
0.520000	0.271030	2.511179	2.160348
0.530000	0.259572	2.514113	2.159946
0.540000	0.250009	2.517008	2.159541
0.550000	0.242186	2.519858	2.159133
0.560000	0.235955	2.522660	2.158721
0.570000	0.231178	2.525410	2.158303
0.580000	0.227725	2.528102	2.157879
0.590000	0.225476	2.530732	2.157447
0.600000	0.224318	2.533297	2.157007
0.610000	0.224148	2.535793	2.156558
0.620000	0.224868	2.538215	2.156099
0.630000	0.226393	2.540559	2.155629
0.640000	0.228641	2.542823	2.155148
0.650000	0.231540	2.545002	2.154655
0.660000	0.235026	2.547094	2.154150
0.670000	0.239037	2.549095	2.153633
0.680000	0.243522	2.551003	2.153102
0.690000	0.248433	2.552814	2.152558
0.700000	0.253727	2.554526	2.152001
0.710000	0.259367	2.556138	2.151431
0.720000	0.265319	2.557645	2.150846
0.730000	0.271555	2.559048	2.150249
0.740000	0.278048	2.560343	2.149637
0.750000	0.284776	2.561530	2.149013
0.760000	0.291719	2.562607	2.148375
0.770000	0.298861	2.563573	2.147724
0.780000	0.306187	2.564427	2.147061
0.790000	0.313683	2.565169	2.146386
0.800000	0.321338	2.565798	2.145699
0.810000	0.329144	2.566313	2.145000
0.820000	0.337093	2.566716	2.144291
0.830000	0.345176	2.567006	2.143572
0.840000	0.353389	2.567183	2.142842
0.850000	0.361727	2.567248	2.142104
0.860000	0.370185	2.567202	2.141357
0.870000	0.378760	2.567045	2.140603
0.880000	0.387449	2.566779	2.139842
0.890000	0.396250	2.566406	2.139074
0.900000	0.405160	2.565926	2.138301
0.910000	0.414177	2.565341	2.137523
0.920000	0.423301	2.564654	2.136740
0.930000	0.432530	2.563865	2.135955
0.940000	0.441864	2.562977	2.135167
0.950000	0.451300	2.561993	2.134378
0.960000	0.460840	2.560914	2.133588
0.970000	0.470481	2.559742	2.132797
0.980000	0.480224	2.558482	2.132007
0.990000	0.490069	2.557133	2.131219
1.000000	0.500015	2.555701	2.130433
1.010000	0.510062	2.554187	2.129649
1.020000	0.520209	2.552594	2.128869
1.030000	0.530457	2.550924	2.128094
1.040000	0.540805	2.549182	2.127323
1.050000	0.551254	2.547369	2.126559
1.060000	0.561803	2.545489	2.125800
1.070000	0.572452	2.543545	2.125048
1.080000	0.583202	2.541539	2.124304
1.090000	0.594051	2.539474	2.123567
1.100000	0.605001	2.537354	2.122840
1.110000	0.616051	2.535181	2.122121
1.120000	0.627201	2.532958	2.121411
1.130000	0.638450	2.530689	2.120711
1.140000	0.649800	2.528375	2.120022
1.150000	0.661250	2.526021	2.119343
1.160000	0.672800	2.523627	2.118675
1.170000	0.684450	2.521198	2.118018
1.180000	0.696200	2.518736	2.117373
1.190000	0.708050	2.516243	2.116739
1.200000	0.720000	2.513722	2.116117
1.210000	0.732050	2.511176	2.115507
1.220000	0.744200	2.508606	2.114909
1.230000	0.756450	2.506015	2.114324
1.240000	0.768800	2.503405	2.113751
1.250000	0.781250	2.500779	2.113190
1.260000	0.793800	2.498138	2.112642
1.270000	0.806450	2.495484	2.112106
1.280000	0.819200	2.492819	2.111582
1.290000	0.832050	2.490146	2.111071
1.300000	0.845000	2.487465	2.110572
1.310000	0.858050	2.484778	2.110086
1.320000	0.871200	2.482087	2.109611
1.330000	0.884450	2.479393	2.109148
1.340000	0.897800	2.476698	2.108697
1.350000	0.911250	2.474003	2.108258
1.360000	0.924800	2.471308	2.107830
1.370000	0.938450	2.468616	2.107413
1.380000	0.952200	2.465927	2.107007
1.390000	0.966050	2.463242	2.106612
1.400000	0.980000	2.460562	2.106228
1.410000	0.994050	2.457887	2.105854
1.420000	1.008200	2.455219	2.105490
1.430000	1.022450	2.452558	2.105136
1.440000	1.036800	2.449905	2.104791
1.450000	1.051250	2.447260	2.104455
1.460000	1.065800	2.444624	2.104129
1.470000	1.080450	2.441996	2.103811
1.480000	1.095200	2.439378	2.103502
1.490000	1.110050	2.436770	2.103200
1.500000	1.125000	2.434172	2.102907
1.510000	1.140050	2.431584	2.102621
1.520000	1.155200	2.429006	2.102342
1.530000	1.170450	2.426439	2.102070
1.540000	1.185800	2.423883	2.101805
1.550000	1.201250	2.421337	2.101546
1.560000	1.216800	2.418802	2.101294
1.570000	1.232450	2.416277	2.101047
1.580000	1.248200	2.413763	2.100806
1.590000	1.264050	2.411260	2.100570
1.600000	1.280000	2.408768	2.100339
1.610000	1.296050	2.406286	2.100112
1.620000	1.312200	2.403815	2.099890
1.630000	1.328450	2.401354	2.099673
1.640000	1.344800	2.398904	2.099459
1.650000	1.361250	2.396464	2.099249
1.660000	1.377800	2.394035	2.099043
1.670000	1.394450	2.391615	2.098839
1.680000	1.411200	2.389206	2.098639
1.690000	1.428050	2.386807	2.098442
1.700000	1.445000	2.384418	2.098247
1.710000	1.462050	2.382039	2.098055
1.720000	1.479200	2.379670	2.097865
1.730000	1.496450	2.377312	2.097677
1.740000	1.513800	2.374963	2.097491
1.750000	1.531250	2.372624	2.097307
1.760000	1.548800	2.370296	2.097125
1.770000	1.566450	2.367978	2.096944
1.780000	1.584200	2.365670	2.096764
1.790000	1.602050	2.363372	2.096586
1.800000	1.620000	2.361086	2.096409
1.810000	1.638050	2.358810	2.096233
1.820000	1.656200	2.356545	2.096058
1.830000	1.674450	2.354291	2.095884
1.840000	1.692800	2.352049	2.095711
1.850000	1.711250	2.349818	2.095538
1.860000	1.729800	2.347599	2.095366
1.870000	1.748450	2.345393	2.095195
1.880000	1.767200	2.343199	2.095025
1.890000	1.786050	2.341018	2.094855
1.900000	1.805000	2.338851	2.094686
1.910000	1.824050	2.336697	2.094518
1.920000	1.843200	2.334558	2.094350
1.930000	1.862450	2.332433	2.094183
1.940000	1.881800	2.330323	2.094017
1.950000	1.901250	2.328228	2.093851
1.960000	1.920800	2.326149	2.093687
1.970000	1.940450	2.324087	2.093523
1.980000	1.960200	2.322042	2.093359
1.990000	1.980050	2.320014	2.093197
2.000000	2.000000	2.318004	2.093036
2.010000	2.020050	2.316013	2.092876
2.020000	2.040200	2.314040	2.092716
2.030000	2.060450	2.312087	2.092558
2.040000	2.080800	2.310154	2.092402
2.050000	2.101250	2.308242	2.092246
2.060000	2.121800	2.306350	2.092092
2.070000	2.142450	2.304480	2.091940
2.080000	2.163200	2.302632	2.091789
2.090000	2.184050	2.300807	2.091639
2.100000	2.205000	2.299005	2.091491
2.110000	2.226050	2.297226	2.091345
2.120000	2.247200	2.295471	2.091201
2.130000	2.268450	2.293740	2.091059
2.140000	2.289800	2.292035	2.090919
2.150000	2.311250	2.290354	2.090781
2.160000	2.332800	2.288699	2.090645
2.170000	2.354450	2.287071	2.090512
2.180000	2.376200	2.285468	2.090380
2.190000	2.398050	2.283893	2.090251
2.200000	2.420000	2.282344	2.090125
2.210000	2.442050	2.280822	2.090001
2.220000	2.464200	2.279328	2.089879
2.230000	2.486450	2.277862	2.089760
2.240000	2.508800	2.276424	2.089643
2.250000	2.531250	2.275014	2.089530
2.260000	2.553800	2.273632	2.089419
2.270000	2.576450	2.272278	2.089310
2.280000	2.599200	2.270953	2.089205
2.290000	2.622050	2.269657	2.089102
2.300000	2.645000	2.268389	2.089001
2.310000	2.668050	2.267149	2.088904
2.320000	2.691200	2.265938	2.088809
2.330000	2.714450	2.264756	2.088718
2.340000	2.737800	2.263602	2.088628
2.350000	2.761250	2.262476	2.088542
2.360000	2.784800	2.261379	2.088459
2.370000	2.808450	2.260309	2.088378
2.380000	2.832200	2.259268	2.088299
2.390000	2.856050	2.258254	2.088224
2.400000	2.880000	2.257267	2.088151
2.410000	2.904050	2.256307	2.088081
2.420000	2.928200	2.255375	2.088013
2.430000	2.952450	2.254468	2.087948
2.440000	2.976800	2.253588	2.087885
2.450000	3.001250	2.252734	2.087825
2.460000	3.025800	2.251906	2.087767
2.470000	3.050450	2.251102	2.087711
2.480000	3.075200	2.250323	2.087658
2.490000	3.100050	2.249569	2.087607
2.500000	3.125000	2.248839	2.087558
2.510000	3.150050	2.248132	2.087511
2.520000	3.175200	2.247448	2.087467
2.530000	3.200450	2.246786	2.087424
2.540000	3.225800	2.246147	2.087383
2.550000	3.251250	2.245530	2.087344
2.560000	3.276800	2.244933	2.087307
2.570000	3.302450	2.244358	2.087272
2.580000	3.328200	2.243802	2.087238
2.590000	3.354050	2.243266	2.087206
2.600000	3.380000	2.242750	2.087175
2.610000	3.406050	2.242252	2.087146
2.620000	3.432200	2.241772	2.087119
2.630000	3.458450	2.241310	2.087092
2.640000	3.484800	2.240866	2.087068
2.650000	3.511250	2.240438	2.087044
2.660000	3.537800	2.240026	2.087022
2.670000	3.564450	2.239630	2.087000
2.680000	3.591200	2.239249	2.086980
2.690000	3.618050	2.238883	2.086961
2.700000	3.645000	2.238532	2.086943
2.710000	3.672050	2.238194	2.086926
2.720000	3.699200	2.237870	2.086910
2.730000	3.726450	2.237558	2.086894
2.740000	3.753800	2.237259	2.086880
2.750000	3.781250	2.236972	2.086866
2.760000	3.808800	2.236697	2.086853
2.770000	3.836450	2.236433	2.086841
2.780000	3.864200	2.236180	2.086829
2.790000	3.892050	2.235937	2.086818
2.800000	3.920000	2.235704	2.086808
2.810000	3.948050	2.235480	2.086798
2.820000	3.976200	2.235266	2.086789
2.830000	4.004450	2.235061	2.086780
2.840000	4.032800	2.234865	2.086772
2.850000	4.061250	2.234676	2.086764
2.860000	4.089800	2.234495	2.086756
2.870000	4.118450	2.234322	2.086749
2.880000	4.147200	2.234157	2.086742
2.890000	4.176050	2.233998	2.086736
2.900000	4.205000	2.233845	2.086730
2.910000	4.234050	2.233699	2.086724
2.920000	4.263200	2.233560	2.086719
2.930000	4.292450	2.233425	2.086713
2.940000	4.321800	2.233297	2.086708
2.950000	4.351250	2.233174	2.086703
2.960000	4.380800	2.233056	2.086699
2.970000	4.410450	2.232942	2.086694
2.980000	4.440200	2.232834	2.086690
2.990000	4.470050	2.232730	2.086686
3.000000	4.500000	2.232630	2.086682
# x	potential	default	random
-3.000000	4.500000	0.000330	0.000602
-2.990000	4.470050	0.000349	0.000637
-2.980000	4.440200	0.000369	0.000674
-2.970000	4.410450	0.000390	0.000713
-2.960000	4.380800	0.000412	0.000754
-2.950000	4.351250	0.000435	0.000798
-2.940000	4.321800	0.000459	0.000844
-2.930000	4.292450	0.000485	0.000892
-2.920000	4.263200	0.000512	0.000943
-2.910000	4.234050	0.000540	0.000998
-2.900000	4.205000	0.000571	0.001055
-2.890000	4.176050	0.000602	0.001115
-2.880000	4.147200	0.000636	0.001179
-2.870000	4.118450	0.000671	0.001246
-2.860000	4.089800	0.000708	0.001317
-2.850000	4.061250	0.000748	0.001392
-2.840000	4.032800	0.000789	0.001471
-2.830000	4.004450	0.000833	0.001554
-2.820000	3.976200	0.000879	0.001642
-2.810000	3.948050	0.000927	0.001734
-2.800000	3.920000	0.000978	0.001832
-2.790000	3.892050	0.001032	0.001934
-2.780000	3.864200	0.001089	0.002042
-2.770000	3.836450	0.001148	0.002156
-2.760000	3.808800	0.001211	0.002276
-2.750000	3.781250	0.001277	0.002402
-2.740000	3.753800	0.001346	0.002534
-2.730000	3.726450	0.001419	0.002674
-2.720000	3.699200	0.001495	0.002820
-2.710000	3.672050	0.001576	0.002973
-2.700000	3.645000	0.001660	0.003135
-2.690000	3.618050	0.001749	0.003304
-2.680000	3.591200	0.001841	0.003481
-2.670000	3.564450	0.001939	0.003667
-2.660000	3.537800	0.002041	0.003862
-2.650000	3.511250	0.002148	0.004067
-2.640000	3.484800	0.002260	0.004281
-2.630000	3.458450	0.002377	0.004505
-2.620000	3.432200	0.002500	0.004740
-2.610000	3.406050	0.002628	0.004985
-2.600000	3.380000	0.002762	0.005242
-2.590000	3.354050	0.002903	0.005511
-2.580000	3.328200	0.003049	0.005792
-2.570000	3.302450	0.003202	0.006085
-2.560000	3.276800	0.003362	0.006392
-2.550000	3.251250	0.003529	0.006712
-2.540000	3.225800	0.003703	0.007046
-2.530000	3.200450	0.003884	0.007395
-2.520000	3.175200	0.004074	0.007760
-2.510000	3.150050	0.004271	0.008140
-2.500000	3.125000	0.004476	0.008536
-2.490000	3.100050	0.004691	0.008950
-2.480000	3.075200	0.004914	0.009381
-2.470000	3.050450	0.005146	0.009830
-2.460000	3.025800	0.005388	0.010299
-2.450000	3.001250	0.005639	0.010787
-2.440000	2.976800	0.005901	0.011296
-2.430000	2.952450	0.006173	0.011826
-2.420000	2.928200	0.006456	0.012378
-2.410000	2.904050	0.006751	0.012953
-2.400000	2.880000	0.007057	0.013552
-2.390000	2.856050	0.007376	0.014175
-2.380000	2.832200	0.007707	0.014824
-2.370000	2.808450	0.008050	0.015500
-2.360000	2.784800	0.008408	0.016203
-2.350000	2.761250	0.008779	0.016934
-2.340000	2.737800	0.009165	0.017695
-2.330000	2.714450	0.009566	0.018487
-2.320000	2.691200	0.009982	0.019310
-2.310000	2.668050	0.010414	0.020166
-2.300000	2.645000	0.010862	0.021057
-2.290000	2.622050	0.011328	0.021982
-2.280000	2.599200	0.011812	0.022944
-2.270000	2.576450	0.012313	0.023944
-2.260000	2.553800	0.012834	0.024983
-2.250000	2.531250	0.013374	0.026062
-2.240000	2.508800	0.013934	0.027182
-2.230000	2.486450	0.014516	0.028346
-2.220000	2.464200	0.015118	0.029554
-2.210000	2.442050	0.015743	0.030808
-2.200000	2.420000	0.016391	0.032109
-2.190000	2.398050	0.017063	0.033459
-2.180000	2.376200	0.017758	0.034859
-2.170000	2.354450	0.018479	0.036310
-2.160000	2.332800	0.019226	0.037815
-2.150000	2.311250	0.019999	0.039375
-2.140000	2.289800	0.020799	0.040990
-2.130000	2.268450	0.021628	0.042664
-2.120000	2.247200	0.022485	0.044396
-2.110000	2.226050	0.023371	0.046190
-2.100000	2.205000	0.024288	0.048046
-2.090000	2.184050	0.025236	0.049966
-2.080000	2.163200	0.026216	0.051951
-2.070000	2.142450	0.027228	0.054004
-2.060000	2.121800	0.028273	0.056125
-2.050000	2.101250	0.029353	0.058317
-2.040000	2.080800	0.030467	0.060580
-2.030000	2.060450	0.031617	0.062917
-2.020000	2.040200	0.032803	0.065328
-2.010000	2.020050	0.034026	0.067816
-2.000000	2.000000	0.035286	0.070383
-1.990000	1.980050	0.036585	0.073028
-1.980000	1.960200	0.037923	0.075755
-1.970000	1.940450	0.039300	0.078564
-1.960000	1.920800	0.040718	0.081458
-1.950000	1.901250	0.042177	0.084437
-1.940000	1.881800	0.043678	0.087503
-1.930000	1.862450	0.045221	0.090658
-1.920000	1.843200	0.046807	0.093903
-1.910000	1.824050	0.048436	0.097239
-1.900000	1.805000	0.050110	0.100668
-1.890000	1.786050	0.051828	0.104192
-1.880000	1.767200	0.053592	0.107811
-1.870000	1.748450	0.055401	0.111527
-1.860000	1.729800	0.057257	0.115342
-1.850000	1.711250	0.059160	0.119257
-1.840000	1.692800	0.061110	0.123272
-1.830000	1.674450	0.063109	0.127390
-1.820000	1.656200	0.065156	0.131612
-1.810000	1.638050	0.067252	0.135939
-1.800000	1.620000	0.069398	0.140372
-1.790000	1.602050	0.071593	0.144913
-1.780000	1.584200	0.073840	0.149562
-1.770000	1.566450	0.076137	0.154321
-1.760000	1.548800	0.078486	0.159190
-1.750000	1.531250	0.080887	0.164171
-1.740000	1.513800	0.083340	0.169266
-1.730000	1.496450	0.085846	0.174474
-1.720000	1.479200	0.088405	0.179796
-1.710000	1.462050	0.091018	0.185234
-1.700000	1.445000	0.093685	0.190788
-1.690000	1.428050	0.096406	0.196459
-1.680000	1.411200	0.099181	0.202247
-1.670000	1.394450	0.102012	0.208153
-1.660000	1.377800	0.104898	0.214178
-1.650000	1.361250	0.107839	0.220320
-1.640000	1.344800	0.110836	0.226581
-1.630000	1.328450	0.113889	0.232961
-1.620000	1.312200	0.116998	0.239458
-1.610000	1.296050	0.120164	0.246074
-1.600000	1.280000	0.123385	0.252807
-1.590000	1.264050	0.126662	0.259658
-1.580000	1.248200	0.129996	0.266624
-1.570000	1.232450	0.133385	0.273705
-1.560000	1.216800	0.136830	0.280900
-1.550000	1.201250	0.140330	0.288207
-1.540000	1.185800	0.143886	0.295625
-1.530000	1.170450	0.147496	0.303152
-1.520000	1.155200	0.151160	0.310786
-1.510000	1.140050	0.154878	0.318524
-1.500000	1.125000	0.158648	0.326363
-1.490000	1.110050	0.162470	0.334302
-1.480000	1.095200	0.166343	0.342336
-1.470000	1.080450	0.170266	0.350462
-1.460000	1.065800	0.174238	0.358677
-1.450000	1.051250	0.178257	0.366976
-1.440000	1.036800	0.182322	0.375356
-1.430000	1.022450	0.186432	0.383811
-1.420000	1.008200	0.190585	0.392337
-1.410000	0.994050	0.194779	0.400929
-1.400000	0.980000	0.199012	0.409581
-1.390000	0.966050	0.203283	0.418288
-1.380000	0.952200	0.207588	0.427043
-1.370000	0.938450	0.211926	0.435841
-1.360000	0.924800	0.216295	0.444675
-1.350000	0.911250	0.220691	0.453537
-1.340000	0.897800	0.225113	0.462422
-1.330000	0.884450	0.229557	0.471321
-1.320000	0.871200	0.234021	0.480228
-1.310000	0.858050	0.238501	0.489134
-1.300000	0.845000	0.242995	0.498031
-1.290000	0.832050	0.247499	0.506912
-1.280000	0.819200	0.252010	0.515768
-1.270000	0.806450	0.256524	0.524591
-1.260000	0.793800	0.261039	0.533371
-1.250000	0.781250	0.265550	0.542101
-1.240000	0.768800	0.270054	0.550771
-1.230000	0.756450	0.274547	0.559372
-1.220000	0.744200	0.279026	0.567896
-1.210000	0.732050	0.283486	0.576332
-1.200000	0.720000	0.287925	0.584673
-1.190000	0.708050	0.292338	0.592908
-1.180000	0.696200	0.296721	0.601029
-1.170000	0.684450	0.301071	0.609026
-1.160000	0.672800	0.305383	0.616891
-1.150000	0.661250	0.309654	0.624613
-1.140000	0.649800	0.313879	0.632184
-1.130000	0.638450	0.318056	0.639594
-1.120000	0.627201	0.322180	0.646836
-1.110000	0.616051	0.326247	0.653899
-1.100000	0.605001	0.330255	0.660776
-1.090000	0.594051	0.334198	0.667457
-1.080000	0.583202	0.338073	0.673934
-1.070000	0.572452	0.341877	0.680198
-1.060000	0.561803	0.345605	0.686242
-1.050000	0.551254	0.349256	0.692057
-1.040000	0.540805	0.352824	0.697635
-1.030000	0.530457	0.356307	0.702969
-1.020000	0.520209	0.359701	0.708051
-1.010000	0.510062	0.363003	0.712874
-1.000000	0.500015	0.366209	0.717430
-0.990000	0.490069	0.369316	0.721713
-0.980000	0.480224	0.372322	0.725716
-0.970000	0.470481	0.375223	0.729432
-0.960000	0.460840	0.378015	0.732855
-0.950000	0.451300	0.380696	0.735979
-0.940000	0.441864	0.383263	0.738798
-0.930000	0.432530	0.385712	0.741306
-0.920000	0.423301	0.388041	0.743499
-0.910000	0.414177	0.390247	0.745371
-0.900000	0.405160	0.392327	0.746917
-0.890000	0.396250	0.394278	0.748133
-0.880000	0.387449	0.396098	0.749014
-0.870000	0.378760	0.397783	0.749556
-0.860000	0.370185	0.399331	0.749757
-0.850000	0.361727	0.400739	0.749612
-0.840000	0.353389	0.402004	0.749119
-0.830000	0.345176	0.403124	0.748274
-0.820000	0.337093	0.404096	0.747076
-0.810000	0.329144	0.404919	0.745524
-0.800000	0.321338	0.405588	0.743614
-0.790000	0.313683	0.406102	0.741347
-0.780000	0.306187	0.406459	0.738721
-0.770000	0.298861	0.406657	0.735738
-0.760000	0.291719	0.406693	0.732396
-0.750000	0.284776	0.406566	0.728697
-0.740000	0.278048	0.406273	0.724642
-0.730000	0.271555	0.405813	0.720234
-0.720000	0.265319	0.405185	0.715474
-0.710000	0.259367	0.404387	0.710366
-0.700000	0.253727	0.403418	0.704913
-0.690000	0.248433	0.402278	0.699120
-0.680000	0.243522	0.400965	0.692992
-0.670000	0.239037	0.399480	0.686535
-0.660000	0.235026	0.397822	0.679753
-0.650000	0.231540	0.395992	0.672656
-0.640000	0.228641	0.393990	0.665249
-0.630000	0.226393	0.391817	0.657542
-0.620000	0.224868	0.389474	0.649542
-0.610000	0.224148	0.386964	0.641261
-0.600000	0.224318	0.384287	0.632708
-0.590000	0.225476	0.381447	0.623894
-0.580000	0.227725	0.378447	0.614831
-0.570000	0.231178	0.375289	0.605531
-0.560000	0.235955	0.371977	0.596007
-0.550000	0.242186	0.368516	0.586272
-0.540000	0.250009	0.364911	0.576340
-0.530000	0.259572	0.361165	0.566225
-0.520000	0.271030	0.357286	0.555944
-0.510000	0.284543	0.353278	0.545511
-0.500000	0.300283	0.349148	0.534941
-0.490000	0.318424	0.344903	0.524252
-0.480000	0.339145	0.340550	0.513459
-0.470000	0.362632	0.336097	0.502580
-0.460000	0.389070	0.331552	0.491630
-0.450000	0.418647	0.326923	0.480628
-0.440000	0.451546	0.322218	0.469590
-0.430000	0.487950	0.317447	0.458534
-0.420000	0.528036	0.312619	0.447476
-0.410000	0.571970	0.307743	0.436433
-0.400000	0.619910	0.302828	0.425422
-0.390000	0.671997	0.297886	0.414459
-0.380000	0.728358	0.292924	0.403562
-0.370000	0.789099	0.287955	0.392744
-0.360000	0.854302	0.282986	0.382022
-0.350000	0.924023	0.278030	0.371410
-0.340000	0.998291	0.273095	0.360924
-0.330000	1.077099	0.268191	0.350575
-0.320000	1.160408	0.263329	0.340379
-0.310000	1.248140	0.258518	0.330346
-0.300000	1.340176	0.253767	0.320489
-0.290000	1.436356	0.249087	0.310818
-0.280000	1.536475	0.244485	0.301344
-0.270000	1.640283	0.239972	0.292076
-0.260000	1.747486	0.235554	0.283022
-0.250000	1.857741	0.231241	0.274190
-0.240000	1.970661	0.227041	0.265588
-0.230000	2.085813	0.222960	0.257220
-0.220000	2.202722	0.219006	0.249092
-0.210000	2.320871	0.215186	0.241209
-0.200000	2.439707	0.211506	0.233573
-0.190000	2.558641	0.207972	0.226189
-0.180000	2.677052	0.204590	0.219056
-0.170000	2.794299	0.201364	0.212178
-0.160000	2.909716	0.198300	0.205553
-0.150000	3.022624	0.195401	0.199182
-0.140000	3.132339	0.192673	0.193065
-0.130000	3.238174	0.190119	0.187198
-0.120000	3.339446	0.187742	0.181581
-0.110000	3.435489	0.185544	0.176211
-0.100000	3.525653	0.183530	0.171085
-0.090000	3.609320	0.181700	0.166198
-0.080000	3.685901	0.180058	0.161547
-0.070000	3.754853	0.178605	0.157128
-0.060000	3.815678	0.177343	0.152936
-0.050000	3.867931	0.176273	0.148965
-0.040000	3.911227	0.175395	0.145211
-0.030000	3.945243	0.174712	0.141668
-0.020000	3.969725	0.174224	0.138331
-0.010000	3.984489	0.173931	0.135193
-0.000000	3.989423	0.173833	0.132249
0.010000	3.984489	0.173931	0.129492
0.020000	3.969725	0.174224	0.126917
0.030000	3.945243	0.174712	0.124517
0.040000	3.911227	0.175395	0.122286
0.050000	3.867931	0.176273	0.120218
0.060000	3.815678	0.177343	0.118306
0.070000	3.754853	0.178605	0.116545
0.080000	3.685901	0.180058	0.114929
0.090000	3.609320	0.181700	0.113450
0.100000	3.525653	0.183530	0.112104
0.110000	3.435489	0.185544	0.110884
0.120000	3.339446	0.187742	0.109784
0.130000	3.238174	0.190119	0.108798
0.140000	3.132339	0.192673	0.107921
0.150000	3.022624	0.195401	0.107146
0.160000	2.909716	0.198300	0.106468
0.170000	2.794299	0.201364	0.105882
0.180000	2.677052	0.204590	0.105381
0.190000	2.558641	0.207972	0.104961
0.200000	2.439707	0.211506	0.104616
0.210000	2.320871	0.215186	0.104340
0.220000	2.202722	0.219006	0.104128
0.230000	2.085813	0.222960	0.103975
0.240000	1.970661	0.227041	0.103877
0.250000	1.857741	0.231241	0.103827
0.260000	1.747486	0.235554	0.103821
0.270000	1.640283	0.239972	0.103855
0.280000	1.536475	0.244485	0.103923
0.290000	1.436356	0.249087	0.104021
0.300000	1.340176	0.253767	0.104145
0.310000	1.248140	0.258518	0.104290
0.320000	1.160408	0.263329	0.104451
0.330000	1.077099	0.268191	0.104625
0.340000	0.998291	0.273095	0.104809
0.350000	0.924023	0.278030	0.104997
0.360000	0.854302	0.282986	0.105187
0.370000	0.789099	0.287955	0.105375
0.380000	0.728358	0.292924	0.105557
0.390000	0.671997	0.297886	0.105731
0.400000	0.619910	0.302828	0.105894
0.410000	0.571970	0.307743	0.106044
0.420000	0.528036	0.312619	0.106176
0.430000	0.487950	0.317447	0.106290
0.440000	0.451546	0.322218	0.106383
0.450000	0.418647	0.326923	0.106454
0.460000	0.389070	0.331552	0.106499
0.470000	0.362632	0.336097	0.106519
0.480000	0.339145	0.340550	0.106511
0.490000	0.318424	0.344903	0.106475
0.500000	0.300283	0.349148	0.106409
0.510000	0.284543	0.353278	0.106313
0.520000	0.271030	0.357286	0.106186
0.530000	0.259572	0.361165	0.106027
0.540000	0.250009	0.364911	0.105837
0.550000	0.242186	0.368516	0.105616
0.560000	0.235955	0.371977	0.105362
0.570000	0.231178	0.375289	0.105077
0.580000	0.227725	0.378447	0.104760
0.590000	0.225476	0.381447	0.104412
0.600000	0.224318	0.384287	0.104033
0.610000	0.224148	0.386964	0.103625
0.620000	0.224868	0.389474	0.103187
0.630000	0.226393	0.391817	0.102720
0.640000	0.228641	0.393990	0.102225
0.650000	0.231540	0.395992	0.101703
0.660000	0.235026	0.397822	0.101155
0.670000	0.239037	0.399480	0.100581
0.680000	0.243522	0.400965	0.099982
0.690000	0.248433	0.402278	0.099360
0.700000	0.253727	0.403418	0.098714
0.710000	0.259367	0.404387	0.098047
0.720000	0.265319	0.405185	0.097359
0.730000	0.271555	0.405813	0.096650
0.740000	0.278048	0.406273	0.095922
0.750000	0.284776	0.406566	0.095176
0.760000	0.291719	0.406693	0.094412
0.770000	0.298861	0.406657	0.093631
0.780000	0.306187	0.406459	0.092835
0.790000	0.313683	0.406102	0.092023
0.800000	0.321338	0.405588	0.091196
0.810000	0.329144	0.404919	0.090355
0.820000	0.337093	0.404096	0.089501
0.830000	0.345176	0.403124	0.088634
0.840000	0.353389	0.402004	0.087755
0.850000	0.361727	0.400739	0.086865
0.860000	0.370185	0.399331	0.085963
0.870000	0.378760	0.397783	0.085051
0.880000	0.387449	0.396098	0.084129
0.890000	0.396250	0.394278	0.083197
0.900000	0.405160	0.392327	0.082256
0.910000	0.414177	0.390247	0.081306
0.920000	0.423301	0.388041	0.080348
0.930000	0.432530	0.385712	0.079382
0.940000	0.441864	0.383263	0.078408
0.950000	0.451300	0.380696	0.077427
0.960000	0.460840	0.378015	0.076439
0.970000	0.470481	0.375223	0.075445
0.980000	0.480224	0.372322	0.074445
0.990000	0.490069	0.369316	0.073440
1.000000	0.500015	0.366209	0.072429
1.010000	0.510062	0.363003	0.071413
1.020000	0.520209	0.359701	0.070393
1.030000	0.530457	0.356307	0.069369
1.040000	0.540805	0.352824	0.068342
1.050000	0.551254	0.349256	0.067312
1.060000	0.561803	0.345605	0.066279
1.070000	0.572452	0.341877	0.065244
1.080000	0.583202	0.338073	0.064208
1.090000	0.594051	0.334198	0.063171
1.100000	0.605001	0.330255	0.062133
1.110000	0.616051	0.326247	0.061095
1.120000	0.627201	0.322180	0.060059
1.130000	0.638450	0.318056	0.059023
1.140000	0.649800	0.313879	0.057989
1.150000	0.661250	0.309654	0.056957
1.160000	0.672800	0.305383	0.055929
1.170000	0.684450	0.301071	0.054904
1.180000	0.696200	0.296721	0.053883
1.190000	0.708050	0.292338	0.052866
1.200000	0.720000	0.287925	0.051855
1.210000	0.732050	0.283486	0.050850
1.220000	0.744200	0.279026	0.049851
1.230000	0.756450	0.274547	0.048859
1.240000	0.768800	0.270054	0.047874
1.250000	0.781250	0.265550	0.046897
1.260000	0.793800	0.261039	0.045928
1.270000	0.806450	0.256524	0.044969
1.280000	0.819200	0.252010	0.044019
1.290000	0.832050	0.247499	0.043078
1.300000	0.845000	0.242995	0.042147
1.310000	0.858050	0.238501	0.041227
1.320000	0.871200	0.234021	0.040318
1.330000	0.884450	0.229557	0.039420
1.340000	0.897800	0.225113	0.038534
1.350000	0.911250	0.220691	0.037659
1.360000	0.924800	0.216295	0.036796
1.370000	0.938450	0.211926	0.035946
1.380000	0.952200	0.207588	0.035108
1.390000	0.966050	0.203283	0.034282
1.400000	0.980000	0.199012	0.033469
1.410000	0.994050	0.194779	0.032669
1.420000	1.008200	0.190585	0.031882
1.430000	1.022450	0.186432	0.031107
1.440000	1.036800	0.182322	0.030346
1.450000	1.051250	0.178257	0.029597
1.460000	1.065800	0.174238	0.028862
1.470000	1.080450	0.170266	0.028139
1.480000	1.095200	0.166343	0.027430
1.490000	1.110050	0.162470	0.026733
1.500000	1.125000	0.158648	0.026049
1.510000	1.140050	0.154878	0.025377
1.520000	1.155200	0.151160	0.024719
1.530000	1.170450	0.147496	0.024072
1.540000	1.185800	0.143886	0.023438
1.550000	1.201250	0.140330	0.022817
1.560000	1.216800	0.136830	0.022207
1.570000	1.232450	0.133385	0.021609
1.580000	1.248200	0.129996	0.021023
1.590000	1.264050	0.126662	0.020449
1.600000	1.280000	0.123385	0.019886
1.610000	1.296050	0.120164	0.019334
1.620000	1.312200	0.116998	0.018794
1.630000	1.328450	0.113889	0.018265
1.640000	1.344800	0.110836	0.017747
1.650000	1.361250	0.107839	0.017239
1.660000	1.377800	0.104898	0.016742
1.670000	1.394450	0.102012	0.016256
1.680000	1.411200	0.099181	0.015780
1.690000	1.428050	0.096406	0.015314
1.700000	1.445000	0.093685	0.014858
1.710000	1.462050	0.091018	0.014412
1.720000	1.479200	0.088405	0.013976
1.730000	1.496450	0.085846	0.013550
1.740000	1.513800	0.083340	0.013133
1.750000	1.531250	0.080887	0.012726
1.760000	1.548800	0.078486	0.012328
1.770000	1.566450	0.076137	0.011940
1.780000	1.584200	0.073840	0.011560
1.790000	1.602050	0.071593	0.011190
1.800000	1.620000	0.069398	0.010829
1.810000	1.638050	0.067252	0.010476
1.820000	1.656200	0.065156	0.010132
1.830000	1.674450	0.063109	0.009797
1.840000	1.692800	0.061110	0.009471
1.850000	1.711250	0.059160	0.009153
1.860000	1.729800	0.057257	0.008844
1.870000	1.748450	0.055401	0.008542
1.880000	1.767200	0.053592	0.008249
1.890000	1.786050	0.051828	0.007964
1.900000	1.805000	0.050110	0.007687
1.910000	1.824050	0.048436	0.007418
1.920000	1.843200	0.046807	0.007156
1.930000	1.862450	0.045221	0.006902
1.940000	1.881800	0.043678	0.006656
1.950000	1.901250	0.042177	0.006417
1.960000	1.920800	0.040718	0.006185
1.970000	1.940450	0.039300	0.005961
1.980000	1.960200	0.037923	0.005743
1.990000	1.980050	0.036585	0.005532
2.000000	2.000000	0.035286	0.005328
2.010000	2.020050	0.034026	0.005131
2.020000	2.040200	0.032803	0.004940
2.030000	2.060450	0.031617	0.004755
2.040000	2.080800	0.030467	0.004576
2.050000	2.101250	0.029353	0.004404
2.060000	2.121800	0.028273	0.004237
2.070000	2.142450	0.027228	0.004076
2.080000	2.163200	0.026216	0.003920
2.090000	2.184050	0.025236	0.003770
2.100000	2.205000	0.024288	0.003625
2.110000	2.226050	0.023371	0.003485
2.120000	2.247200	0.022485	0.003350
2.130000	2.268450	0.021628	0.003220
2.140000	2.289800	0.020799	0.003095
2.150000	2.311250	0.019999	0.002974
2.160000	2.332800	0.019226	0.002857
2.170000	2.354450	0.018479	0.002745
2.180000	2.376200	0.017758	0.002636
2.190000	2.398050	0.017063	0.002532
2.200000	2.420000	0.016391	0.002431
2.210000	2.442050	0.015743	0.002334
2.220000	2.464200	0.015118	0.002240
2.230000	2.486450	0.014516	0.002150
2.240000	2.508800	0.013934	0.002064
2.250000	2.531250	0.013374	0.001980
2.260000	2.553800	0.012834	0.001899
2.270000	2.576450	0.012313	0.001822
2.280000	2.599200	0.011812	0.001747
2.290000	2.622050	0.011328	0.001675
2.300000	2.645000	0.010862	0.001605
2.310000	2.668050	0.010414	0.001538
2.320000	2.691200	0.009982	0.001474
2.330000	2.714450	0.009566	0.001411
2.340000	2.737800	0.009165	0.001352
2.350000	2.761250	0.008779	0.001294
2.360000	2.784800	0.008408	0.001238
2.370000	2.808450	0.008050	0.001185
2.380000	2.832200	0.007707	0.001133
2.390000	2.856050	0.007376	0.001084
2.400000	2.880000	0.007057	0.001036
2.410000	2.904050	0.006751	0.000990
2.420000	2.928200	0.006456	0.000946
2.430000	2.952450	0.006173	0.000903
2.440000	2.976800	0.005901	0.000862
2.450000	3.001250	0.005639	0.000823
2.460000	3.025800	0.005388	0.000785
2.470000	3.050450	0.005146	0.000749
2.480000	3.075200	0.004914	0.000714
2.490000	3.100050	0.004691	0.000681
2.500000	3.125000	0.004476	0.000648
2.510000	3.150050	0.004271	0.000618
2.520000	3.175200	0.004074	0.000588
2.530000	3.200450	0.003884	0.000560
2.540000	3.225800	0.003703	0.000532
2.550000	3.251250	0.003529	0.000506
2.560000	3.276800	0.003362	0.000482
2.570000	3.302450	0.003202	0.000458
2.580000	3.328200	0.003049	0.000435
2.590000	3.354050	0.002903	0.000413
2.600000	3.380000	0.002762	0.000393
2.610000	3.406050	0.002628	0.000373
2.620000	3.432200	0.002500	0.000354
2.630000	3.458450	0.002377	0.000336
2.640000	3.484800	0.002260	0.000319
2.650000	3.511250	0.002148	0.000302
2.660000	3.537800	0.002041	0.000287
2.670000	3.564450	0.001939	0.000272
2.680000	3.591200	0.001841	0.000258
2.690000	3.618050	0.001749	0.000245
2.700000	3.645000	0.001660	0.000232
2.710000	3.672050	0.001576	0.000220
2.720000	3.699200	0.001495	0.000209
2.730000	3.726450	0.001419	0.000198
2.740000	3.753800	0.001346	0.000188
2.750000	3.781250	0.001277	0.000178
2.760000	3.808800	0.001211	0.000169
2.770000	3.836450	0.001148	0.000160
2.780000	3.864200	0.001089	0.000152
2.790000	3.892050	0.001032	0.000144
2.800000	3.920000	0.000978	0.000136
2.810000	3.948050	0.000927	0.000129
2.820000	3.976200	0.000879	0.000123
2.830000	4.004450	0.000833	0.000116
2.840000	4.032800	0.000789	0.000110
2.850000	4.061250	0.000748	0.000105
2.860000	4.089800	0.000708	0.000099
2.870000	4.118450	0.000671	0.000094
2.880000	4.147200	0.000636	0.000089
2.890000	4.176050	0.000602	0.000085
2.900000	4.205000	0.000571	0.000080
2.910000	4.234050	0.000540	0.000076
2.920000	4.263200	0.000512	0.000072
2.930000	4.292450	0.000485	0.000069
2.940000	4.321800	0.000459	0.000065
2.950000	4.351250	0.000435	0.000062
2.960000	4.380800	0.000412	0.000059
2.970000	4.410450	0.000390	0.000056
2.980000	4.440200	0.000369	0.000053
2.990000	4.470050	0.000349	0.000050
3.000000	4.500000	0.000330	0.000047
