-4.900000	2.1452855958e+01	2.1316282073e-14	-1.8793862584e+00	-7.6636971344e+00	1.3682704256e-01	3.2337229162e-01
-3.900000	2.4121267518e+01	0.0000000000e+00	-1.1646412439e+00	-3.9874753193e+00	2.2307767420e-01	3.5445037616e-01
-2.900000	2.3068580130e+01	1.0658141036e-14	-6.3169618027e-01	-1.7538491209e+00	3.0302899526e-01	3.9508028812e-01
-1.900000	1.8544984008e+01	-1.0658141036e-14	-2.6820601491e-01	-5.7321574162e-01	5.5886145677e-01	6.4601874782e-01
-0.900000	1.0784816377e+01	1.7763568394e-15	-6.1766807059e-02	-9.3299192380e-02	-1.2989863028e-01	-1.3834199833e-01
0.900000	1.3348609439e+01	-8.8817841970e-15	-5.8944163054e-02	-2.9350322441e-02	-4.2354663131e-02	-4.0132835774e-02
1.900000	2.9391399029e+01	-7.1054273576e-15	-2.4319856185e-01	2.2224114462e-02	-1.3839228851e-01	-1.2584776594e-01
2.900000	4.7984206212e+01	-1.4210854715e-14	-5.4533781097e-01	3.6444916957e-01	-2.6709474891e-01	-2.3477592224e-01
3.900000	6.9002755177e+01	-2.8421709430e-14	-9.5980552150e-01	1.1856972342e+00	-4.2185251372e-01	-3.6031362440e-01
4.900000	9.2339657724e+01	-1.4210854715e-14	-1.4827007324e+00	2.6611251650e+00	-5.9892243223e-01	-4.9907766854e-01
