-4.900000	-4.5315341428e+01	2.8421709430e-14	-3.7331739443e-01	-5.1999278335e-01	-4.3846354288e-01	-5.7096477299e-01
-3.900000	-2.1302839399e+01	2.1316282073e-14	-2.9012068530e-01	-3.9472960435e-01	-3.3885194896e-01	-4.2979714918e-01
-2.900000	-6.2006049274e+00	0.0000000000e+00	-1.9652098897e-01	-2.5761888650e-01	-2.2749746620e-01	-2.7646595332e-01
-1.900000	1.4353498063e+00	3.5527136788e-15	-1.0048589695e-01	-1.2418768237e-01	-1.1376185147e-01	-1.3012040592e-01
-0.900000	3.1062064435e+00	-4.4408920985e-16	-2.6670504283e-02	-3.0077381772e-02	-2.8659155397e-02	-3.0539222884e-02
0.900000	6.7135890428e+00	-2.6645352591e-15	-3.0360509169e-02	-2.5577518029e-02	-2.7879347041e-02	-2.6236862465e-02
1.900000	1.6916087409e+01	-7.1054273576e-15	-1.3446437833e-01	-8.5313776155e-02	-1.1147909460e-01	-9.9009742667e-02
2.900000	3.0220759394e+01	0.0000000000e+00	-3.1963773484e-01	-1.2619060196e-01	-2.3942420791e-01	-2.0265279048e-01
3.900000	4.6352466362e+01	-1.4210854715e-14	-5.9062905455e-01	-7.4603244714e-02	-4.0173978127e-01	-3.2683797865e-01
4.900000	6.5106036835e+01	-1.4210854715e-14	-9.5089887389e-01	1.5952640851e-01	-5.9096835904e-01	-4.6538886014e-01
